1577
1548
1592
1683
1737
1779
1800
1830
1871
1915
1971
2002
2059
2063
2084
2105
2101
2121
2137
2161
2185
2185
2200
2209
2208
2215
2213
2221
2211
2201
2214
2219
2230
2236
2233
2247
2250
2233
2241
2253
2244
2250
2254
2268
2258
2271
2272
2273
2288
2278
2277
2288
2287
2288
2276
2289
2278
2279
2278
2280
2292
2280
2292
2292
2292
2292
2280
2280
2280
2280
2280
2280
2292
2292
2280
2280
2280
2280
2280
2292
2280
2292
2280
2280
2292
2280
2280
2280
2280
2280
2280
2280
2280
2280
2280
2280
2280
2280
2280
2280
