8868584
9544004
10002392
9468452
9088572
9192892
9575968
8744016
9503268
11752840
9801468
12055904
11819612
9783356
10880132
11261108
11409240
11877692
10938100
13571560
11713144
10261368
12324004
12063080
13134876
13759408
13140824
13427676
13602148
12977268
14079708
14166608
13556952
13591720
13234336
13664200
13989732
10887240
11984532
13949536
13325316
14107192
13406144
13711896
14100356
12994676
11996472
12924248
13806336
13764548
14023268
13690556
14228076
14398384
14307860
14114352
12976952
13954932
13834528
14001104
14258800
14106984
13931316
14215044
13873284
13951624
13867436
14378576
14263280
13143000
13999072
14102884
14418536
14299164
14407884
13921984
14190812
13986548
13896644
11825536
13807576
14121880
14116408
13975324
14011872
13897008
14154748
14154856
14095664
14241768
14131644
14182552
14023212
14071728
11722344
13937700
14136808
14047800
14111324
14069228
