8964824
8943212
9205636
9267832
8364500
9235460
9303872
8794784
8547964
9981268
9624604
10549168
11079696
14102536
11869104
14643412
14864844
14878744
14912764
14932152
14887108
12191292
13294328
14638420
14921544
14957560
14734352
14921912
14969780
14957848
14957796
14969772
14969892
14969780
14969536
14969840
14968804
14969908
14969860
14969868
14969472
14969920
14969868
14969436
14969848
14969816
14969912
14969876
14969884
14969896
14969896
14969896
14969932
14969956
14969928
14969912
14969936
14969956
14969952
14969976
14969960
14969956
14969980
14969948
14969968
14969972
14969976
14969980
14969976
14969964
14969972
14969976
14969992
14969976
14969984
14969984
14969992
14969992
14970000
14970000
14970000
14970000
14970000
14970000
14970000
14970000
14970000
14970000
14970000
14970000
14970000
14970000
14970000
14970000
14970000
14970000
14970000
14970000
14970000
14970000
