100	0.0972289194095
200	0.0975326142182
300	0.0937377129058
400	0.0935159903318
500	0.0903586886898
600	0.091166509472
700	0.0927081253446
800	0.0927340906988
900	0.0906128588604
1000	0.0921227605858
1100	0.0905139479375
1200	0.090058019825
1300	0.0912113864402
1400	0.0913156893317
1500	0.0903188723079
1600	0.0907495682132
1700	0.091601446373
1800	0.0915310447348
1900	0.0920761415451
2000	0.0914330698224
2100	0.0918996350483
2200	0.0917235307007
2300	0.091215587125
2400	0.0918205167959
2500	0.0919185373867
2600	0.0909720592241
2700	0.090670047109
2800	0.09087732632
2900	0.0904203877393
3000	0.0902244788162
3100	0.0898582145188
3200	0.0894089898294
3300	0.0895093835343
3400	0.0893368903713
3500	0.0890191138518
3600	0.0892903780567
3700	0.0891934175282
3800	0.089141597396
3900	0.0885181435306
4000	0.0885867835871
4100	0.0888406396123
4200	0.0890290357732
4300	0.0893927782391
4400	0.0895873307474
4500	0.0894859206697
4600	0.0894843624403
4700	0.089511455418
4800	0.0893175407904
4900	0.0891505582005
5000	0.0888909421318
5100	0.0888463550641
5200	0.0887865227952
5300	0.0887616780916
5400	0.0889118751097
5500	0.0889742572025
5600	0.0891803917
5700	0.0891974270351
5800	0.0889731786049
5900	0.0892048710943
6000	0.088927859797
6100	0.0890673331771
6200	0.0890706616949
6300	0.0889950716247
6400	0.0889304614269
6500	0.0888578420266
6600	0.0887722128767
6700	0.0887231131105
6800	0.0887154733273
6900	0.0886769013979
7000	0.0886367795043
7100	0.0887247447401
7200	0.0885890918426
7300	0.0886468669202
7400	0.0888356530945
7500	0.0886990451835
7600	0.0887785394778
7700	0.0890058858069
7800	0.0890996299992
7900	0.0889892789977
8000	0.0888483649688
8100	0.0891690262878
8200	0.0890872178245
8300	0.0890362073084
8400	0.0890814512711
8500	0.0890428938111
8600	0.0888434426361
8700	0.0888507424558
8800	0.0888700295899
8900	0.0889013086731
9000	0.089011236422
9100	0.0890363509966
9200	0.089056060425
9300	0.0889610631128
9400	0.0889736829875
9500	0.0890362414672
9600	0.0890617623532
9700	0.0890854802765
9800	0.0891692206779
9900	0.0892981275858
10000	0.0893022339548
10100	0.0892028489414
10200	0.0891997960356
10300	0.0891935919088
10400	0.089153000569
10500	0.0890646434921
10600	0.0890049689704
10700	0.0888606365762
10800	0.0889692233229
10900	0.0890359612112
11000	0.088868459884
11100	0.0886938919049
11200	0.088769932352
11300	0.0888959108895
11400	0.088954459633
11500	0.0889406148796
11600	0.0888949304532
11700	0.0888971376497
11800	0.0888602623982
11900	0.088867688591
12000	0.0890077033734
12100	0.0890807482217
12200	0.0890249291783
12300	0.0890098548772
12400	0.0890284284124
12500	0.0890016967554
12600	0.0888890487887
12700	0.0888867095262
12800	0.0888983407619
12900	0.0888213679828
13000	0.0888560427775
13100	0.0889068563708
13200	0.0889562582668
13300	0.0889065750945
13400	0.0888118892186
13500	0.088697721098
13600	0.0886540486945
13700	0.0885513009578
13800	0.0884906060388
13900	0.088496175015
14000	0.0886098326881
14100	0.0886849915593
14200	0.0886525645765
14300	0.0886689045195
14400	0.0886554368974
14500	0.0886916614159
14600	0.0886423759272
14700	0.088629728118
14800	0.0886037020928
14900	0.0885477365405
15000	0.0887315477834
15100	0.088667913282
15200	0.0885788724221
15300	0.0885282316899
15400	0.0885667636461
15500	0.0885377996428
15600	0.0884580865252
15700	0.0884864380098
15800	0.0886203325661
15900	0.0887103565736
16000	0.0887368484616
16100	0.0887699819242
16200	0.0887755501671
16300	0.0888155227853
16400	0.0888466608563
16500	0.0888519483702
16600	0.0888125382495
16700	0.0887494278001
16800	0.0888160630056
16900	0.0888081856114
17000	0.0888796686264
17100	0.088873649811
17200	0.0888007163342
17300	0.0888181111855
17400	0.0890045514546
17500	0.0890156744934
17600	0.0891097129172
17700	0.0890685180199
17800	0.0890409532317
17900	0.0890894872346
18000	0.0891633047514
18100	0.0891960950191
18200	0.0891987327341
18300	0.0891704220793
18400	0.0891134379104
18500	0.0890562369086
18600	0.0890756554022
18700	0.0890616177597
18800	0.0890889828574
18900	0.0890319229646
19000	0.0889716949039
19100	0.0888743116504
19200	0.0888158983275
19300	0.0888483233161
19400	0.088846478062
19500	0.0887578347092
19600	0.0887188295913
19700	0.0886982614738
19800	0.0886400912226
19900	0.0886836127071
20000	0.0887489054849
20100	0.0887109455808
20200	0.0887437741613
20300	0.0887541497159
20400	0.0887213765661
20500	0.0886981023609
20600	0.0887631396234
20700	0.0886758945018
20800	0.0887701433068
20900	0.0887462319323
21000	0.0887924328445
21100	0.0887298888173
21200	0.0887573586753
21300	0.0887743818488
21400	0.0887315559681
21500	0.0887884322334
21600	0.0888521650793
21700	0.0888181858123
21800	0.0888761021794
21900	0.0888928704566
22000	0.088916836103
22100	0.0889441767232
22200	0.0888979894149
22300	0.0888438772934
22400	0.0888268463026
22500	0.0888739459412
22600	0.0888709512208
22700	0.0888820125
22800	0.0889327224015
22900	0.0889465605287
23000	0.088977245478
23100	0.0890045443263
23200	0.0890640220615
23300	0.0890931770409
23400	0.0891141959988
23500	0.0891473750885
23600	0.0891653415994
23700	0.0891677676534
23800	0.0891387175327
23900	0.0891426934998
24000	0.0891327509719
24100	0.0891323587031
24200	0.089109629997
24300	0.0890654776161
24400	0.0890879114319
24500	0.0890932771738
24600	0.0891270273531
24700	0.0890997733931
24800	0.0891438751777
24900	0.0891009655451
25000	0.0890957115158
25100	0.0891193294228
25200	0.089131079052
25300	0.0890744848746
25400	0.0890425953336
25500	0.0890601125213
25600	0.0890313609841
25700	0.0889430224509
25800	0.088914641687
25900	0.0889605146442
26000	0.0889330099477
26100	0.0888846232483
26200	0.0889888856423
26300	0.088959485771
26400	0.0889825104105
26500	0.0889558723819
26600	0.088957444206
26700	0.0889307111574
26800	0.0888689713749
26900	0.0888503774213
27000	0.0888957484504
27100	0.0888569744568
27200	0.0888656485974
27300	0.0888318411008
27400	0.0888173389117
27500	0.0888252409364
27600	0.0888357271669
27700	0.0888417352237
27800	0.0888851466127
27900	0.088859897058
28000	0.0889351699269
28100	0.0889630678021
28200	0.0889974906453
28300	0.0890354128181
28400	0.0890363086062
28500	0.0890182705326
28600	0.0889925890383
28700	0.0889907767004
28800	0.0890800108975
28900	0.0890516067508
29000	0.0891128969241
29100	0.0891641506873
29200	0.0891203904665
29300	0.0890730456117
29400	0.0890178156596
29500	0.088953649316
29600	0.0889512283084
29700	0.088959314418
29800	0.0889780196288
29900	0.0889991838262
30000	0.0889890417186
30100	0.088995213114
30200	0.0889908464945
30300	0.0889871210871
30400	0.0889428581282
30500	0.0889568931977
30600	0.0889458580373
30700	0.0889539879562
30800	0.0889636121601
30900	0.0889604822153
31000	0.0889437408617
31100	0.0889490671362
31200	0.0889631209453
31300	0.0889628048891
31400	0.0889599786126
31500	0.0889201341052
31600	0.0889000392833
31700	0.0889132660099
31800	0.0888889633715
31900	0.0889005314083
32000	0.0888812753912
32100	0.088835943173
32200	0.0888230426938
32300	0.0888494962477
32400	0.0888384312112
32500	0.0887876685425
32600	0.0887441759844
32700	0.0887142513904
32800	0.0887525527556
32900	0.0887733007276
33000	0.0887869404897
33100	0.0887771150648
33200	0.0888048278951
33300	0.0888162713985
33400	0.0888250635034
33500	0.0888045105326
33600	0.0887909160582
33700	0.0887921242116
33800	0.0888043818563
33900	0.0887531895781
34000	0.0887476237232
34100	0.0887820123937
34200	0.0887848795507
34300	0.0887711385182
34400	0.0887504777324
34500	0.0887498209847
34600	0.088747919595
34700	0.0887292530719
34800	0.0887392541054
34900	0.0887429680635
35000	0.0888370796319
35100	0.0888399888582
35200	0.0888601480717
35300	0.0888302306887
35400	0.0888029051361
35500	0.0887826025308
35600	0.0888395757188
35700	0.0888128475195
35800	0.0888175617495
35900	0.0888488693377
36000	0.0888307806689
36100	0.0887925641453
36200	0.0887676053999
36300	0.0887894607781
36400	0.0887705265116
36500	0.0887615062502
36600	0.0888102607945
36700	0.0888354846325
36800	0.0888420878317
36900	0.0888446941363
37000	0.088880856204
37100	0.0889033305464
37200	0.0888823687871
37300	0.0889097256748
37400	0.0889021445718
37500	0.0889275212649
37600	0.0889508514745
37700	0.0889383788329
37800	0.088943368453
37900	0.0888914214639
38000	0.088880058262
38100	0.0888652592616
38200	0.0888514176388
38300	0.0888519986008
38400	0.0888496171633
38500	0.0888468218645
38600	0.0888631731684
38700	0.0888766503581
38800	0.0888817314033
38900	0.0889177257688
39000	0.0889307460474
39100	0.0888623323229
39200	0.0888738205198
39300	0.0888578518925
39400	0.0888747909725
39500	0.0888807409529
39600	0.0888762767767
39700	0.0889274279
39800	0.0889541204736
39900	0.0889615717984
40000	0.0889691287633
40100	0.0890132227451
40200	0.0890267693893
40300	0.0890277271144
40400	0.089025305426
40500	0.0890234890704
40600	0.0890604846614
40700	0.0890239257373
40800	0.0890123166772
40900	0.0890133726937
41000	0.0889969785009
41100	0.089000202352
41200	0.0889887375122
41300	0.0890461229526
41400	0.089054388106
41500	0.0890653403854
41600	0.0890418152532
41700	0.0890498109861
41800	0.0890478205607
41900	0.0890240823826
42000	0.089015018011
42100	0.0889883156601
42200	0.0889839995569
42300	0.0890037778838
42400	0.0889595776756
42500	0.0889439623388
42600	0.0889382104189
42700	0.0889065695175
42800	0.0889034968264
42900	0.0889190149884
43000	0.0889334961206
43100	0.088942824497
43200	0.0889243754855
43300	0.088942400622
43400	0.0889613377768
43500	0.0889580888082
43600	0.0889609697305
43700	0.0889667315633
43800	0.0889586616233
43900	0.0889528287253
44000	0.0889266156016
44100	0.0888992741749
44200	0.0888966656042
44300	0.088886009284
44400	0.0888839378947
44500	0.0888993335359
44600	0.0889181516665
44700	0.0889080594756
44800	0.0889307327936
44900	0.0889462649484
45000	0.0889714504739
45100	0.0889844273952
45200	0.0889685523033
45300	0.0889767774453
45400	0.0889887006177
45500	0.0889895518514
45600	0.0889526733562
45700	0.088928635413
45800	0.0889125143281
45900	0.0888981742357
46000	0.088870401239
46100	0.0888858019285
46200	0.0888615010196
46300	0.0888289905322
46400	0.0888616732932
46500	0.0888988998127
46600	0.0888765029682
46700	0.0888735797009
46800	0.0888664457867
46900	0.0888958739265
47000	0.0888888214053
47100	0.0888713415769
47200	0.0888503435607
47300	0.0888218949642
47400	0.0888384864774
47500	0.0888543745341
47600	0.0888639731369
47700	0.0888499423968
47800	0.0888553324794
47900	0.0888411635957
48000	0.088851989594
48100	0.0888551051149
48200	0.0888562136436
48300	0.0888434501931
48400	0.0888489771019
48500	0.0888139525981
48600	0.0888148331214
48700	0.0888138928511
48800	0.0888168891852
48900	0.0888318904359
49000	0.0888071189558
49100	0.088860087195
49200	0.0888921619175
49300	0.0888766764595
49400	0.0889089075938
49500	0.0889082937937
49600	0.0889486137
49700	0.088976686509
49800	0.0889552237812
49900	0.0889642957501
50000	0.0889384818419
50100	0.0889271133321
50200	0.0889039712375
50300	0.08890237953
50400	0.0889068389677
50500	0.0889180220253
50600	0.0889019754624
50700	0.0889190084031
50800	0.0889095616662
50900	0.0888801111119
51000	0.088890893206
51100	0.0888743944128
51200	0.0888615625993
51300	0.0888134608034
51400	0.0887951539462
51500	0.0887912451219
51600	0.0888093264686
51700	0.0888519315049
51800	0.0888378025614
51900	0.0888194567186
52000	0.0888540040827
52100	0.0888581011159
52200	0.0888754389336
52300	0.0888613517474
52400	0.0888768260083
52500	0.088889762287
52600	0.0889146396554
52700	0.0889352908476
52800	0.0889341154142
52900	0.0889071890365
53000	0.0888989103971
53100	0.0889013066253
53200	0.0889165934008
53300	0.0889134093138
53400	0.0889104304689
53500	0.0889238617172
53600	0.0889473049559
53700	0.0889415242728
53800	0.0889237039709
53900	0.0889423293142
54000	0.0889618108065
54100	0.0889399641938
54200	0.0889248374473
54300	0.0889439368593
54400	0.0889311982418
54500	0.0889307440593
54600	0.0889225896966
54700	0.088916487348
54800	0.0888933409655
54900	0.0889150850232
55000	0.088935181471
55100	0.0889360766829
55200	0.0889480079676
55300	0.088954264757
55400	0.088935748661
55500	0.0889453326269
55600	0.088940580881
55700	0.0889414896449
55800	0.0889317085263
55900	0.0889223587305
56000	0.0889381690204
56100	0.0889466876815
56200	0.0889341878487
56300	0.0889449759273
56400	0.0889323165022
56500	0.0889345236695
56600	0.0889192913353
56700	0.0889294987802
56800	0.0889341919941
56900	0.0889215793286
57000	0.0889300920738
57100	0.088899535284
57200	0.088912768814
57300	0.0889086686589
57400	0.0888907922748
57500	0.0889064618202
57600	0.0888974573778
57700	0.0889088619206
57800	0.0889240725302
57900	0.0889379399664
58000	0.0889326671863
58100	0.088947842516
58200	0.0889471105413
58300	0.0889176080966
58400	0.0889260292905
58500	0.088946261199
58600	0.0889322094818
58700	0.0889244117594
58800	0.0888904941104
58900	0.0888955306601
59000	0.0889037986653
59100	0.0888948311691
59200	0.0889233464685
59300	0.0889524932167
59400	0.0889622976447
59500	0.0889821525595
59600	0.0889801690485
59700	0.0890085368842
59800	0.0890410987105
59900	0.0890212869551
60000	0.0890226570584
60100	0.0890254241103
60200	0.0890214478625
60300	0.0889997076289
60400	0.0889858756241
60500	0.0889940334975
60600	0.0889992309836
60700	0.0890246538991
60800	0.0890394879668
60900	0.0890585006544
61000	0.0890758024037
61100	0.0891174466636
61200	0.0891322319034
61300	0.0891151212784
61400	0.0891362625994
61500	0.0891531259364
61600	0.0891757235737
61700	0.0891789365888
61800	0.0891444452391
61900	0.089128686
62000	0.0891037206074
62100	0.0890944862799
62200	0.0891039694835
62300	0.0890891589129
62400	0.0890930921428
62500	0.0890925961848
62600	0.089079843867
62700	0.0890644034247
62800	0.0890593761367
62900	0.089057245582
63000	0.0890605846444
63100	0.0890748059381
63200	0.0890856457976
63300	0.0890793044483
63400	0.0890886963439
63500	0.0890915105157
63600	0.0890794436085
63700	0.0890731389223
63800	0.0890755881445
63900	0.0890598076588
64000	0.0890638773347
64100	0.0890532156535
64200	0.0890721482864
64300	0.0890834465762
64400	0.089091531142
64500	0.0890927366275
64600	0.0890713577074
64700	0.0890697762951
64800	0.0890637007782
64900	0.089070932186
65000	0.0890866582358
65100	0.0890796396904
65200	0.0890953667482
65300	0.0890934228324
65400	0.0890888947893
65500	0.0890983843271
65600	0.089108399925
65700	0.0891282495896
65800	0.0891377720131
65900	0.0891475144157
66000	0.0891857855183
66100	0.0891757129463
66200	0.0892178253645
66300	0.0892082441592
66400	0.0892000059415
66500	0.089191680443
66600	0.0892182235823
66700	0.0891888867744
66800	0.0891840882931
66900	0.0891943320941
67000	0.0891938242311
67100	0.0891767926888
67200	0.0891832646164
67300	0.0891938052421
67400	0.0892072201984
67500	0.0891954731917
67600	0.08921817076
67700	0.0891949287836
67800	0.0891741829729
67900	0.089186439668
68000	0.0892044353903
68100	0.0891966236945
68200	0.0892015798832
68300	0.0892001719434
68400	0.0892133489381
68500	0.0892103023988
68600	0.0892135109956
68700	0.0892009722963
68800	0.0892051543289
68900	0.0891814548665
69000	0.0891721545025
69100	0.0891443048724
69200	0.0891320445726
69300	0.0891307945124
69400	0.0891305651556
69500	0.0891082498449
69600	0.0891093648887
69700	0.0891167879752
69800	0.0890916596996
69900	0.0891111788493
70000	0.0891177435949
70100	0.0891140096055
70200	0.0891097691434
70300	0.0891259100957
70400	0.0891312054687
70500	0.089138488271
70600	0.0891309713855
70700	0.0891369291357
70800	0.089133486191
70900	0.0891253032897
71000	0.0891141279034
71100	0.0891278977981
71200	0.0891095019913
71300	0.0891113223475
71400	0.0891165458873
71500	0.0891119787938
71600	0.0891039291435
71700	0.0890975928231
71800	0.0891064704215
71900	0.0891169155395
72000	0.0891029456157
72100	0.0891060450833
72200	0.089097415357
72300	0.0890798485634
72400	0.0890783605094
72500	0.0890860811238
72600	0.0891058431625
72700	0.0891005735197
72800	0.0891064036418
72900	0.0891066177879
73000	0.0891079758385
73100	0.0891149304348
73200	0.0891202249172
73300	0.089151919604
73400	0.089142378092
73500	0.0891377587656
73600	0.0891316695901
73700	0.0891437293895
73800	0.0891441282973
73900	0.0891573128515
74000	0.0891620304956
74100	0.089158312606
74200	0.0891427129544
74300	0.0891237168
74400	0.0891388167032
74500	0.0891273090595
74600	0.0891570474018
74700	0.0891426129158
74800	0.0891527146039
74900	0.0891558792459
75000	0.0891619342363
75100	0.089136219636
75200	0.0891504216857
75300	0.0891536169013
75400	0.089153941844
75500	0.0891785293811
75600	0.0891630014184
75700	0.0891578346825
75800	0.0891705461551
75900	0.0891741438555
76000	0.0891719088648
76100	0.0891529184547
76200	0.0891493979013
76300	0.0891424613207
76400	0.0891481287013
76500	0.0891605260027
76600	0.0891587639665
76700	0.0891648988111
76800	0.089167931024
76900	0.0891744208421
77000	0.0891604248912
77100	0.0891398554355
77200	0.0891364120989
77300	0.0891453114455
77400	0.0891436279773
77500	0.0891599257192
77600	0.0891616382837
77700	0.0891724922005
77800	0.0891562667399
77900	0.0891508640981
78000	0.0891382497305
78100	0.0891258053872
78200	0.0891129108414
78300	0.0891260447698
78400	0.0891343588544
78500	0.089112751673
78600	0.0890930795234
78700	0.0890827129411
78800	0.0890749453877
78900	0.089088398427
79000	0.0890896510231
79100	0.0891066683973
79200	0.0891042932696
79300	0.0890945427858
79400	0.0891000875447
79500	0.0891028194738
79600	0.08910282466
79700	0.0891006356341
79800	0.089084006515
79900	0.0891003962707
80000	0.0890958740701
80100	0.0891117335891
80200	0.0891052760742
80300	0.0890877686933
80400	0.0890815026468
80500	0.0890618306184
80600	0.0890702551655
80700	0.0890762340581
80800	0.0890779436102
80900	0.0890714584239
81000	0.089075229159
81100	0.0890987006732
81200	0.089087662295
81300	0.0890762860496
81400	0.0890676155893
81500	0.0890789862002
81600	0.0890708897098
81700	0.0890553081676
81800	0.0890426773315
81900	0.0890515293844
82000	0.0890451942642
82100	0.0890473913023
82200	0.0890560034956
82300	0.0890610532074
82400	0.0890787408099
82500	0.0890682641695
82600	0.0890680605427
82700	0.089045557942
82800	0.0890447120986
82900	0.0890369247211
83000	0.0890414954869
83100	0.0890371337507
83200	0.089052519578
83300	0.0890484725653
83400	0.0890524286015
83500	0.0890717280161
83600	0.0890591769879
83700	0.0890537774706
83800	0.0890613431139
83900	0.0890546348054
84000	0.0890568339557
84100	0.0890576317118
84200	0.089067620779
84300	0.089049916327
84400	0.0890236287901
84500	0.0890285701245
84600	0.0890363309311
84700	0.0890360307647
84800	0.0890388740371
84900	0.0890358963918
85000	0.0890259431989
85100	0.0890223145581
85200	0.0890454572464
85300	0.0890378900441
85400	0.089019346043
85500	0.089015929437
85600	0.0890113422258
85700	0.0890217030303
85800	0.0890252584844
85900	0.0890389314623
86000	0.0890286470682
86100	0.0890384899273
86200	0.0890482907453
86300	0.0890364820526
86400	0.0890391026658
86500	0.0890251073897
86600	0.0890115590333
86700	0.089004751979
86800	0.0889974197652
86900	0.0890103107197
87000	0.0890072373838
87100	0.0890013825992
87200	0.0890052525072
87300	0.0890116601153
87400	0.0890132700368
87500	0.0890018467364
87600	0.0890111827361
87700	0.089002138158
87800	0.0890214737648
87900	0.0890288494897
88000	0.0890337205825
88100	0.0890364527517
88200	0.0890310404422
88300	0.0890279937566
88400	0.0890261118321
88500	0.0890190063819
88600	0.0890207719933
88700	0.0890315558845
88800	0.0890400825272
88900	0.0890357688766
89000	0.0890290618423
89100	0.089030053303
89200	0.0890199080796
89300	0.0890257217488
89400	0.0890006393449
89500	0.0890081439971
89600	0.0889997180181
89700	0.0889905590411
89800	0.0889969876702
89900	0.0889934040819
90000	0.0890029556059
90100	0.0889818631511
90200	0.0889767296901
90300	0.0889809929415
90400	0.0889696230502
90500	0.0889802617633
90600	0.0889842747187
90700	0.0889950025685
90800	0.0889898175978
90900	0.0889835890843
91000	0.0889811402884
91100	0.0889866916142
91200	0.0889741045947
91300	0.0889726699418
91400	0.0889773195927
91500	0.0889728400173
91600	0.0889933729498
91700	0.0889955997682
91800	0.0889901581116
91900	0.0890035024492
92000	0.0890203444703
92100	0.089030222571
92200	0.0890390942075
92300	0.0890445618509
92400	0.0890447131302
92500	0.0890605973466
92600	0.0890761240093
92700	0.0890525217248
92800	0.08903381619
92900	0.0890241829482
93000	0.0890229053588
93100	0.089031082198
93200	0.0890322878412
93300	0.0890171188879
93400	0.0890257244894
93500	0.089013555496
93600	0.08900695584
93700	0.0890330296313
93800	0.0890381175306
93900	0.0890240450615
94000	0.089027834779
94100	0.0890152712143
94200	0.0890076925206
94300	0.0890253720973
94400	0.0890471719163
94500	0.0890491120966
94600	0.0890500198307
94700	0.0890567364769
94800	0.0890681813339
94900	0.0890801237136
95000	0.0890890564733
95100	0.0890932914704
95200	0.0890784038841
95300	0.0890772415845
95400	0.0890906553079
95500	0.0890910256367
95600	0.0890864489213
95700	0.089086911725
95800	0.0890886944097
95900	0.0890914638778
96000	0.0890957295979
96100	0.0890871294551
96200	0.0890775024867
96300	0.0890766291915
96400	0.0890910577552
96500	0.0890821255263
96600	0.089077913093
96700	0.0890783765678
96800	0.0890705421487
96900	0.0890528994808
97000	0.089062624736
97100	0.0890697561452
97200	0.089078901287
97300	0.0890872286651
97400	0.0890933552066
97500	0.0890908609883
97600	0.0890832916608
97700	0.0890894265914
97800	0.0890814726219
97900	0.0890813110777
98000	0.0890734401555
98100	0.089075486825
98200	0.0890816076946
98300	0.089092975966
98400	0.0891151138685
98500	0.0891155626157
98600	0.0891101827189
98700	0.0891186228027
98800	0.0891122115494
98900	0.0891070750035
99000	0.0890836336599
99100	0.0890825002273
99200	0.0890743559934
99300	0.0890750554182
99400	0.0890756443151
99500	0.0890832312082
99600	0.0890763124563
99700	0.0890650987683
99800	0.0890678858516
99900	0.089072448305
100000	0.0890700645175
100100	0.0890697403706
100200	0.0890643390685
100300	0.0890696374992
100400	0.0890571431129
100500	0.0890612585627
100600	0.0890657690747
100700	0.0890588901654
100800	0.0890645729397
100900	0.0890582478223
101000	0.0890581553055
101100	0.0890390843459
101200	0.0890319779564
101300	0.0890368157295
101400	0.0890442240298
101500	0.0890467509111
101600	0.0890389896977
101700	0.0890314202829
101800	0.0890173659998
101900	0.0890089304635
102000	0.089012097145
102100	0.0890118943925
102200	0.089011165584
102300	0.0890132560285
102400	0.0890125632619
102500	0.0890078533707
102600	0.0889997104997
102700	0.0889842970594
102800	0.0889718411983
102900	0.0889567859174
103000	0.0889480313433
103100	0.0889710494994
103200	0.088969911723
103300	0.0889634908578
103400	0.0889546174421
103500	0.0889568786782
103600	0.0889536275214
103700	0.0889618293169
103800	0.0889548640078
103900	0.0889410442481
104000	0.0889522893194
104100	0.0889484644061
104200	0.0889499761202
104300	0.0889625412131
104400	0.0889741271528
104500	0.0889651458344
104600	0.0889614313302
104700	0.0889554589956
104800	0.0889612552679
104900	0.088958968029
105000	0.0889607883617
105100	0.0889736877048
105200	0.0889882077869
105300	0.0889879529803
105400	0.0889730641338
105500	0.08896246536
105600	0.0889454323304
105700	0.0889387286864
105800	0.0889312121
105900	0.0889420617057
106000	0.088933587485
106100	0.0889218467329
106200	0.088930435197
106300	0.0889281966011
106400	0.0889327313479
106500	0.0889310149818
106600	0.0889227285008
106700	0.0889247205573
106800	0.0889327168074
106900	0.0889215253212
107000	0.0889333780639
107100	0.0889293911969
107200	0.0889254217588
107300	0.0889314469761
107400	0.0889329726486
107500	0.0889350511316
107600	0.0889326938972
107700	0.0889404178271
107800	0.0889433939747
107900	0.0889356615044
108000	0.088929484735
108100	0.0889253210085
108200	0.0889222267645
108300	0.0889270045222
108400	0.0889272601183
108500	0.0889326472787
108600	0.0889269673277
108700	0.0889286695799
108800	0.0889199070622
108900	0.0889289437259
109000	0.0889295492406
109100	0.0889360305496
109200	0.0889446833003
109300	0.088959218454
109400	0.0889525330852
109500	0.0889434960501
109600	0.0889374850556
109700	0.0889437788824
109800	0.0889482553129
109900	0.0889391544601
110000	0.0889295572916
110100	0.0889285149843
110200	0.0889309456568
110300	0.0889297259871
110400	0.0889216987398
110500	0.0889323864541
110600	0.0889365376917
110700	0.0889430539914
110800	0.0889500661789
110900	0.0889627880977
111000	0.0889691561288
111100	0.0889758179982
111200	0.0889857347647
111300	0.0889932367358
111400	0.0889941085853
111500	0.0890011722549
111600	0.0889843447144
111700	0.0889833153252
111800	0.0889709337525
111900	0.0889833157368
112000	0.0889775417305
112100	0.0889819412923
112200	0.0889737523377
112300	0.0889638045343
112400	0.0889515722213
112500	0.088953749556
112600	0.0889445315909
112700	0.0889354747674
112800	0.0889316412454
112900	0.0889139370037
113000	0.0889240544128
113100	0.0889492885579
113200	0.0889723076962
113300	0.0889665439958
113400	0.0889565881533
113500	0.088944368922
113600	0.0889491350712
113700	0.0889373617824
113800	0.0889368201809
113900	0.0889460464991
114000	0.0889427408184
114100	0.08893338647
114200	0.0889374109916
114300	0.0889419941436
114400	0.0889516282525
114500	0.0889521846755
114600	0.088948745814
114700	0.0889578513388
114800	0.0889517872615
114900	0.0889404763297
115000	0.088942201127
115100	0.088977349012
115200	0.0889842607561
115300	0.0889870216939
115400	0.0889950385235
115500	0.08899313615
115600	0.08899921091
115700	0.0889962163079
115800	0.0889904308169
115900	0.0890034411345
116000	0.0890056467019
116100	0.08900980526
116200	0.0890116364465
116300	0.0889999792435
116400	0.0889944235205
116500	0.0889981828019
116600	0.088997455043
116700	0.0890138893128
116800	0.0890075289327
116900	0.089001131506
117000	0.0889892975141
117100	0.0889811387924
117200	0.0889683184228
117300	0.0889625943066
117400	0.0889511864866
117500	0.088955134403
117600	0.088963855076
117700	0.0889677062462
117800	0.0889670653456
117900	0.0889698095248
118000	0.0889651543861
118100	0.0889651180105
118200	0.0889725087684
118300	0.088978061368
118400	0.088986886369
118500	0.088982464438
118600	0.0889660950643
118700	0.0889779757569
118800	0.0889718013838
118900	0.0889794170756
119000	0.0889863672206
119100	0.0889828264903
119200	0.0889900562406
119300	0.0889872076327
119400	0.0889888728371
119500	0.0889741137163
119600	0.0889897183308
119700	0.0889962899462
119800	0.0889948241402
119900	0.0889910284664
120000	0.0889913317196
120100	0.0889797444255
120200	0.0889784467724
120300	0.0889833095587
120400	0.0889830393343
120500	0.0889842608699
120600	0.0889778580947
120700	0.0889820288211
120800	0.0889932773745
120900	0.0889908806497
121000	0.0889925307578
121100	0.0889791868807
121200	0.0889680670099
121300	0.0889628921469
121400	0.0889665761687
121500	0.0889700236881
121600	0.0889583121018
121700	0.0889567560943
121800	0.0889621567017
121900	0.0889550894579
122000	0.0889447499722
122100	0.0889394229577
122200	0.0889350020044
122300	0.0889379516151
122400	0.0889332833435
122500	0.0889227651519
122600	0.0889152198426
122700	0.0889297045432
122800	0.0889352138194
122900	0.088936127326
123000	0.0889437281064
123100	0.0889346374707
123200	0.0889277682412
123300	0.0889236446039
123400	0.0889254612822
123500	0.0889204774147
123600	0.0889260903099
123700	0.0889196474358
123800	0.0889229156875
123900	0.0889235277263
124000	0.0889218796011
124100	0.0889163186428
124200	0.0889230691794
124300	0.0889207079239
124400	0.0889130204163
124500	0.0889157588813
124600	0.0889113780799
124700	0.0889052655336
124800	0.0889092256014
124900	0.0889123605245
125000	0.0889173574528
125100	0.0889147967709
125200	0.088904743644
125300	0.0889155345091
125400	0.0889298621388
125500	0.0889122054985
125600	0.0889201658815
125700	0.0889267723803
125800	0.0889274955908
125900	0.0889266173641
126000	0.0889242648508
126100	0.0889260333746
126200	0.0889217946981
126300	0.0889264310059
126400	0.0889444570921
126500	0.0889430389135
126600	0.0889443607222
126700	0.0889443572641
126800	0.0889403200617
126900	0.0889364458425
127000	0.0889363012347
127100	0.0889260231876
127200	0.0889305048359
127300	0.0889213544676
127400	0.0889269411638
127500	0.088928067955
127600	0.0889284882277
127700	0.0889284289767
127800	0.0889283565327
127900	0.0889350585298
128000	0.088922783538
128100	0.0889283856022
128200	0.0889186312509
128300	0.088920346747
128400	0.0889170450951
128500	0.0889201391746
128600	0.0889221646436
128700	0.0889251100723
128800	0.0889391980109
128900	0.0889394508804
129000	0.0889407226541
129100	0.0889559838589
129200	0.0889527596031
129300	0.0889557231687
129400	0.0889669830159
129500	0.0889813177553
129600	0.0889840877226
129700	0.0889801970235
129800	0.0889742774226
129900	0.0889689537242
130000	0.0889702052157
130100	0.0889749806375
130200	0.0889684110557
130300	0.0889765175219
130400	0.0889779126292
130500	0.088973205362
130600	0.0889669851499
130700	0.0889808499163
130800	0.0889804061446
130900	0.0889830582194
131000	0.0889907994246
131100	0.0889907174577
131200	0.0889807251308
131300	0.0889770475519
131400	0.0889822445882
131500	0.0889755034247
131600	0.088966070147
131700	0.0889624636533
131800	0.0889652925294
131900	0.0889657588942
132000	0.0889547010387
132100	0.0889459712064
132200	0.0889251521464
132300	0.0889250780644
132400	0.0889288774275
132500	0.0889188889679
132600	0.0889140877327
132700	0.08892618735
132800	0.0889226641634
132900	0.0889303939289
133000	0.0889391541628
133100	0.0889319014519
133200	0.0889293489052
133300	0.0889330155183
133400	0.0889244845163
133500	0.0889298065469
133600	0.0889286202749
133700	0.0889199624803
133800	0.0889250941511
133900	0.0889188908067
134000	0.0889189420248
134100	0.0889164660786
134200	0.0889164627487
134300	0.0889038809188
134400	0.0888982582355
134500	0.0888885959536
134600	0.0888963516303
134700	0.0889022349867
134800	0.0889019024608
134900	0.0889044180534
135000	0.0889008968545
135100	0.0888953742864
135200	0.0888946141297
135300	0.0888939547847
135400	0.0888909175936
135500	0.0888871187265
135600	0.0888890007837
135700	0.0888948059872
135800	0.0889020455612
135900	0.0888977732345
136000	0.0888938505582
136100	0.0888918263786
136200	0.0888952579859
136300	0.0888826152338
136400	0.0888894125089
136500	0.0888924141521
136600	0.0888939124298
136700	0.0888881345856
136800	0.088886868058
136900	0.0888930377592
137000	0.0888941335372
137100	0.0888848694612
137200	0.0888820611435
137300	0.0888713834957
137400	0.0888655599698
137500	0.0888777703703
137600	0.0888760204353
137700	0.0888739760904
137800	0.0888676107777
137900	0.0888723769257
138000	0.088867245746
138100	0.0888590121793
138200	0.0888637035101
138300	0.0888595456076
138400	0.0888558594926
138500	0.0888608199482
138600	0.0888523319933
138700	0.0888427176807
138800	0.0888343042373
138900	0.0888331671729
139000	0.0888372089487
139100	0.0888318429151
139200	0.0888350380575
139300	0.0888274757487
139400	0.0888307474605
139500	0.0888329792331
139600	0.0888368689292
139700	0.0888393711461
139800	0.08884606899
139900	0.0888382184188
140000	0.0888444906762
140100	0.0888406295937
140200	0.0888302793668
140300	0.088822366083
140400	0.0888199912593
140500	0.0888204180912
140600	0.0888194672915
140700	0.0888201741936
140800	0.0888200115263
140900	0.0888192508499
141000	0.0888064488981
141100	0.0888042894491
141200	0.0887901314853
141300	0.0887897992713
141400	0.0887941046421
141500	0.0888003899611
141600	0.0888052028654
141700	0.088797612965
141800	0.0887835451889
141900	0.0887803076715
142000	0.0887792556899
142100	0.0887668693245
142200	0.088759438787
142300	0.0887601887367
142400	0.088763384612
142500	0.0887566831045
142600	0.0887510223392
142700	0.0887527593358
142800	0.0887428820404
142900	0.088751621913
143000	0.0887651632411
143100	0.0887674009776
143200	0.0887722180599
143300	0.0887628465803
143400	0.0887545502323
143500	0.0887528612523
143600	0.088745364315
143700	0.0887459751127
143800	0.0887437253513
143900	0.0887422086972
144000	0.0887327733087
144100	0.0887296343787
144200	0.088727473438
144300	0.0887277159835
144400	0.0887182372233
144500	0.0887237700523
144600	0.0887273977001
144700	0.0887255079328
144800	0.0887235547236
144900	0.0887085183941
145000	0.0887064186999
145100	0.0886995375148
145200	0.0886913864279
145300	0.0886900824895
145400	0.0886982970921
145500	0.0886987107508
145600	0.0886962558998
145700	0.0887030405842
145800	0.0887016413665
145900	0.0886999549406
146000	0.0887121805992
146100	0.0887228094634
146200	0.0887214743694
146300	0.0887166036457
146400	0.0887179795752
146500	0.0887244331971
146600	0.0887310106537
146700	0.088732228664
146800	0.0887301884799
146900	0.0887383964687
147000	0.0887369497831
147100	0.0887344126565
147200	0.0887334388841
147300	0.0887370810952
147400	0.0887402913181
147500	0.088742763697
147600	0.0887447406288
147700	0.0887402802066
147800	0.0887457127406
147900	0.0887538679015
148000	0.0887468579441
148100	0.0887591363752
148200	0.0887601728452
148300	0.088756725808
148400	0.0887450783051
148500	0.0887587046551
148600	0.0887591188556
148700	0.0887661789719
148800	0.0887677277627
148900	0.0887763744418
149000	0.0887793702126
149100	0.0887839682206
149200	0.0887698290372
149300	0.088777280295
149400	0.0887741528941
149500	0.0887714722083
149600	0.0887746095808
149700	0.0887762266341
149800	0.0887785172679
149900	0.0887829120721
150000	0.0887872515891
150100	0.088784476355
150200	0.0887803826354
150300	0.0887890902297
150400	0.0887908796773
150500	0.0888017341374
150600	0.0888041439704
150700	0.0888031224936
150800	0.0888083709203
150900	0.0888148449063
151000	0.0888139718414
151100	0.0888095628926
151200	0.0887996020444
151300	0.0887936050026
151400	0.088789116641
151500	0.0887873902972
151600	0.0887969630053
151700	0.0888010217325
151800	0.0888097775402
151900	0.0888137475389
152000	0.0888175322699
152100	0.0888234216675
152200	0.0888200660494
152300	0.0888221617734
152400	0.0888211443308
152500	0.0888152219517
152600	0.0888213101097
152700	0.0888170757161
152800	0.0888135088157
152900	0.0888090461679
153000	0.0888080876541
153100	0.0888019851373
153200	0.0888036482185
153300	0.088794105404
153400	0.0887898424871
153500	0.0887915175636
153600	0.0887909724897
153700	0.0887895719364
153800	0.0887839331389
153900	0.0887755748388
154000	0.0887786078981
154100	0.0887762999185
154200	0.0887768191188
154300	0.0887764590763
154400	0.0887714600593
154500	0.0887833828529
154600	0.088787008823
154700	0.0888022932151
154800	0.0888058397875
154900	0.0888064662886
155000	0.0888059693099
155100	0.0888107232419
155200	0.088808713877
155300	0.0887986359534
155400	0.0887887297962
155500	0.0887914299133
155600	0.088793795193
155700	0.0887971140804
155800	0.0888113267544
155900	0.0888029632256
156000	0.0888001845734
156100	0.0887925156094
156200	0.088790183606
156300	0.0887864113218
156400	0.0887822449956
156500	0.0887753042905
156600	0.0887687029807
156700	0.0887703825079
156800	0.0887700548123
156900	0.088770369727
157000	0.0887623980355
157100	0.0887544053322
157200	0.0887587157646
157300	0.0887589934308
157400	0.0887669598638
157500	0.0887644064887
157600	0.0887707593604
157700	0.0887715366868
157800	0.0887633195869
157900	0.0887639467695
158000	0.0887779664958
158100	0.0887796702627
158200	0.0887829837395
158300	0.0887741896514
158400	0.0887621278858
158500	0.0887656852235
158600	0.0887582398611
158700	0.0887546026527
158800	0.0887591513659
158900	0.0887685380913
159000	0.0887745116451
159100	0.0887768783743
159200	0.0887731018974
159300	0.0887685135752
159400	0.0887604313632
159500	0.088759727999
159600	0.0887699673644
159700	0.0887712863518
159800	0.0887712863234
159900	0.0887650739572
160000	0.0887719231306
160100	0.0887709295572
160200	0.0887768303968
160300	0.0887681451184
160400	0.088772415315
160500	0.0887792112305
160600	0.0887689933041
160700	0.0887621438908
160800	0.0887577831789
160900	0.0887527988931
161000	0.0887507673605
161100	0.0887491852207
161200	0.0887455586065
161300	0.0887485383121
161400	0.0887473607178
161500	0.0887435528702
161600	0.0887467675748
161700	0.0887428455854
161800	0.0887465819505
161900	0.0887470335201
162000	0.0887462442988
162100	0.0887417192566
162200	0.0887452666804
162300	0.0887412591293
162400	0.088743338319
162500	0.0887504941366
162600	0.0887480332368
162700	0.0887440372774
162800	0.0887419936511
162900	0.0887441406807
163000	0.0887495344849
163100	0.0887611169148
163200	0.0887594049085
163300	0.088758778584
163400	0.0887618929981
163500	0.0887740005252
163600	0.0887670776422
163700	0.0887743461108
163800	0.0887780635259
163900	0.0887763191561
164000	0.088763725269
164100	0.0887634207481
164200	0.0887612248345
164300	0.0887644210765
164400	0.0887637892711
164500	0.0887636464873
164600	0.088769548344
164700	0.0887689741479
164800	0.0887654650959
164900	0.0887633622427
165000	0.0887605241131
165100	0.0887703728815
165200	0.0887717029474
165300	0.0887761394698
165400	0.0887811121552
165500	0.0887820288992
165600	0.0887737433758
165700	0.0887763421985
165800	0.088768293458
165900	0.0887696351618
166000	0.088766185293
166100	0.0887622975319
166200	0.088760534541
166300	0.0887643128417
166400	0.0887641113447
166500	0.088758224988
166600	0.08874909228
166700	0.0887521631667
166800	0.088756431372
166900	0.0887479133728
167000	0.088748723234
167100	0.0887442905912
167200	0.088743640607
167300	0.0887451872009
167400	0.0887434708755
167500	0.0887383155275
167600	0.0887361669786
167700	0.0887338149156
167800	0.0887331208315
167900	0.0887293197415
168000	0.0887417828578
168100	0.0887514575142
168200	0.0887475023997
168300	0.0887427614059
168400	0.0887463500276
168500	0.0887445678905
168600	0.0887449824396
168700	0.0887490356997
168800	0.0887482927891
168900	0.0887534949368
169000	0.0887603866624
169100	0.0887530877826
169200	0.0887421081436
169300	0.0887412576179
169400	0.0887375599219
169500	0.0887468019468
169600	0.0887451334107
169700	0.0887596512222
169800	0.0887643248162
169900	0.088768490197
170000	0.088771936762
170100	0.0887697161497
170200	0.0887836965341
170300	0.088784718918
170400	0.0887788581565
170500	0.0887847539697
170600	0.088786412116
170700	0.0887776121283
170800	0.0887824529697
170900	0.0887773175815
171000	0.088778903513
171100	0.0887717567763
171200	0.0887670906696
171300	0.0887632158321
171400	0.0887715160562
171500	0.0887692583491
171600	0.0887619857804
171700	0.0887629193754
171800	0.0887638324411
171900	0.0887605131665
172000	0.0887541095001
172100	0.0887536847346
172200	0.0887545744421
172300	0.08874780969
172400	0.0887459933754
172500	0.0887510454747
172600	0.0887506692311
172700	0.0887416911153
172800	0.0887453142889
172900	0.0887446386847
173000	0.0887465093435
173100	0.0887425567761
173200	0.0887428533588
173300	0.0887428467153
173400	0.0887437672411
173500	0.0887430258939
173600	0.0887500524222
173700	0.0887503180808
173800	0.0887429564672
173900	0.0887468910821
174000	0.0887452503508
174100	0.0887563885155
174200	0.0887588266169
174300	0.0887606070541
174400	0.0887580792409
174500	0.0887520624118
174600	0.0887522994895
174700	0.0887601298681
174800	0.0887707218155
174900	0.0887691100711
175000	0.0887592331074
175100	0.0887597529797
175200	0.0887623789319
175300	0.0887647298326
175400	0.088764134354
175500	0.0887694253195
175600	0.0887718855066
175700	0.0887630086011
175800	0.0887641970633
175900	0.0887696282832
176000	0.0887676667853
176100	0.0887710658429
176200	0.0887786952306
176300	0.0887776292161
176400	0.0887765697979
176500	0.0887825664014
176600	0.0887811560181
176700	0.0887750277097
176800	0.0887718865324
176900	0.0887732599036
177000	0.0887765617466
177100	0.088782871345
177200	0.0887768327663
177300	0.0887699886904
177400	0.0887685785549
177500	0.0887626627409
177600	0.0887586339689
177700	0.0887621208899
177800	0.0887617182527
177900	0.0887621152119
178000	0.0887497655066
178100	0.0887527568247
178200	0.0887511775908
178300	0.0887464983249
178400	0.0887479697825
178500	0.088751796906
178600	0.088745010215
178700	0.088752994117
178800	0.0887503070485
178900	0.0887547596437
179000	0.0887521027305
179100	0.0887420559059
179200	0.0887459186145
179300	0.0887489686613
179400	0.0887482578653
179500	0.088745214294
179600	0.0887436677984
179700	0.0887392191867
179800	0.0887418760589
179900	0.0887476056491
180000	0.0887454482704
180100	0.0887334378836
180200	0.0887324341615
180300	0.0887325344898
180400	0.0887336333013
180500	0.0887304375825
180600	0.0887279952288
180700	0.0887348865312
180800	0.0887310437616
180900	0.0887322649983
181000	0.0887292234831
181100	0.0887155872141
181200	0.0887170004844
181300	0.0887225278122
181400	0.0887159550327
181500	0.088716126126
181600	0.0887145674068
181700	0.0887219949236
181800	0.0887186288188
181900	0.0887142983248
182000	0.0887063846906
182100	0.0887158437159
182200	0.0887236249998
182300	0.0887224433249
182400	0.0887181998759
182500	0.0887212495808
182600	0.0887228963449
182700	0.0887287137022
182800	0.0887298197122
182900	0.0887308509439
183000	0.0887356414137
183100	0.0887360021586
183200	0.0887372420093
183300	0.088744578846
183400	0.0887453083896
183500	0.0887378572195
183600	0.0887381965581
183700	0.0887389797094
183800	0.0887414852216
183900	0.088739080596
184000	0.0887341206776
184100	0.0887327717693
184200	0.0887312906281
184300	0.0887253177104
184400	0.0887257467136
184500	0.0887278738602
184600	0.088729089878
184700	0.0887258049647
184800	0.0887201365511
184900	0.0887225600195
185000	0.0887183637452
185100	0.0887171573942
185200	0.0887090893317
185300	0.0887011434449
185400	0.0886972228894
185500	0.088697647595
185600	0.0886971128091
185700	0.0886939324136
185800	0.0886933688952
185900	0.088696376401
186000	0.0886928863004
186100	0.0886933630316
186200	0.0886915977969
186300	0.0886908489729
186400	0.0886870219285
186500	0.0886872279304
186600	0.0886827760701
186700	0.0886877287946
186800	0.0886828727486
186900	0.0886886814023
187000	0.0886913088295
187100	0.0886935948586
187200	0.0886877317161
187300	0.0886881392327
187400	0.0886869403201
187500	0.0886784971086
187600	0.0886779369782
187700	0.0886789633535
187800	0.08868512639
187900	0.0886777372366
188000	0.0886747888073
188100	0.0886749306849
188200	0.0886739186889
188300	0.0886778155435
188400	0.0886756342186
188500	0.0886795139484
188600	0.0886815952029
188700	0.0886800281016
188800	0.0886761546913
188900	0.0886798637327
189000	0.0886785152081
189100	0.0886827600056
189200	0.0886868320325
189300	0.0886869498604
189400	0.0886827062257
189500	0.0886815339352
189600	0.0886821799183
189700	0.0886796201572
189800	0.0886871683174
189900	0.0886869905825
190000	0.0886898031031
190100	0.0886875658054
190200	0.0886835813093
190300	0.0886866139289
190400	0.0886836330229
190500	0.0886900929816
190600	0.0886867049605
190700	0.0886941101878
190800	0.0887013297462
190900	0.0887014758005
191000	0.0887032523196
191100	0.0887030235136
191200	0.0886958294432
191300	0.0887007092419
191400	0.0886889398606
191500	0.0886902368618
191600	0.0886823154876
191700	0.0886765043044
191800	0.0886745446353
191900	0.0886736653056
192000	0.0886695451215
192100	0.0886674348574
192200	0.0886627649026
192300	0.0886642661395
192400	0.0886696613642
192500	0.0886710005186
192600	0.088670260606
192700	0.08866837915
192800	0.0886682293818
192900	0.0886653197713
193000	0.0886577167881
193100	0.0886506327715
193200	0.0886549248621
193300	0.0886511554405
193400	0.088646889328
193500	0.0886464977008
193600	0.0886453731377
193700	0.0886526347133
193800	0.0886557077273
193900	0.088645962514
194000	0.08864355748
194100	0.088637947125
194200	0.0886366097165
194300	0.0886338032476
194400	0.0886317330829
194500	0.0886358619223
194600	0.0886392836966
194700	0.0886461889091
194800	0.0886616318096
194900	0.0886696117529
195000	0.0886590186285
195100	0.0886599217938
195200	0.0886553360382
195300	0.0886488308072
195400	0.0886497255285
195500	0.0886455008943
195600	0.0886423961901
195700	0.0886378939553
195800	0.0886343692663
195900	0.0886335264219
196000	0.0886432324216
196100	0.0886468314347
196200	0.0886465702782
196300	0.0886454369505
196400	0.0886454130957
196500	0.0886517469271
196600	0.0886512806912
196700	0.0886473956313
196800	0.0886478265508
196900	0.0886425417207
197000	0.0886411842811
197100	0.088643190098
197200	0.0886535147034
197300	0.088649236188
197400	0.0886471989621
197500	0.0886476630131
197600	0.0886550053438
197700	0.088657135252
197800	0.0886554598765
197900	0.0886552952339
198000	0.0886475424867
198100	0.0886452087141
198200	0.0886424195322
198300	0.0886312896394
198400	0.0886360643453
198500	0.0886395153216
198600	0.0886441617969
198700	0.0886413501831
198800	0.0886431934904
198900	0.0886494317346
199000	0.0886394822752
199100	0.0886432562514
199200	0.0886473829132
199300	0.0886460566245
199400	0.0886359836219
199500	0.0886347340078
199600	0.0886260648212
199700	0.0886252872636
199800	0.0886313039318
199900	0.0886363260826
200000	0.0886301367781
200100	0.0886223629187
200200	0.0886175505798
200300	0.0886181323332
200400	0.0886208420499
200500	0.0886319635264
200600	0.0886305211546
200700	0.088636420223
200800	0.0886398415238
200900	0.0886400439456
201000	0.0886380810434
201100	0.0886416994659
201200	0.088641032673
201300	0.0886458551376
201400	0.0886476316118
201500	0.0886417460684
201600	0.0886451694935
201700	0.0886414234044
201800	0.0886355120348
201900	0.0886245953479
202000	0.0886225378847
202100	0.0886238455691
202200	0.0886284484923
202300	0.0886201841648
202400	0.0886187494883
202500	0.0886142142953
202600	0.0886234660707
202700	0.0886267877386
202800	0.0886310440095
202900	0.0886354375484
203000	0.0886484225744
203100	0.0886549458567
203200	0.0886649385334
203300	0.0886680810057
203400	0.0886710347101
203500	0.0886725490013
203600	0.0886756880382
203700	0.088682060259
203800	0.0886809775149
203900	0.0886851177508
204000	0.0886840005522
204100	0.0886835586867
204200	0.0886854466747
204300	0.0886924990998
204400	0.0886880781577
204500	0.0886955231042
204600	0.0887006680052
204700	0.0887049329543
204800	0.0887061452947
204900	0.0886985042788
205000	0.0886993876406
205100	0.0887031349218
205200	0.0887058504126
205300	0.0887090629624
205400	0.0887047921074
205500	0.0887020500158
205600	0.0887051922777
205700	0.0887052555997
205800	0.0887088444598
205900	0.0887080438493
206000	0.0887143740591
206100	0.0887099767437
206200	0.0887114235148
206300	0.0887061549483
206400	0.0887038904055
206500	0.08870662895
206600	0.0887066044046
206700	0.0887077934408
206800	0.0887077246432
206900	0.0887077531094
207000	0.0887076313852
207100	0.0887041902392
207200	0.0886997610138
207300	0.0887107397642
207400	0.0887073984235
207500	0.0887067124025
207600	0.0887051989542
207700	0.0887069310986
207800	0.0886999586424
207900	0.0887056129951
208000	0.0887096206583
208100	0.0887086855419
208200	0.0887067299992
208300	0.088714358148
208400	0.0887065441932
208500	0.0887086665759
208600	0.0887090106993
208700	0.0887110803514
208800	0.0887104985022
208900	0.0887110437933
209000	0.0887101656765
209100	0.0887086736622
209200	0.0887129002936
209300	0.0887105018847
209400	0.0887073317539
209500	0.0887001711353
209600	0.0887009280816
209700	0.0887043997849
209800	0.0887063144074
209900	0.088699103144
210000	0.0887026709731
210100	0.0886991950886
210200	0.0886981125554
210300	0.0886992839542
210400	0.0887035550934
210500	0.0887116924209
210600	0.0887169674381
210700	0.0887172659615
210800	0.0887143697458
210900	0.088715090404
211000	0.0887201280366
211100	0.0887156957276
211200	0.0887219805619
211300	0.088723328971
211400	0.0887200015208
211500	0.0887284775697
211600	0.0887320029524
211700	0.088730631992
211800	0.0887277412272
211900	0.0887335997033
212000	0.0887317624541
212100	0.0887288210945
212200	0.0887298845275
212300	0.0887239512897
212400	0.0887311550101
212500	0.0887352396122
212600	0.0887338074959
212700	0.0887331304373
212800	0.0887396833887
212900	0.0887376201774
213000	0.0887405835367
213100	0.0887455959563
213200	0.0887475408043
213300	0.0887442003323
213400	0.0887451684227
213500	0.0887458792425
213600	0.0887475225354
213700	0.088747838596
213800	0.0887487561688
213900	0.0887451936715
214000	0.0887458860844
214100	0.0887360263466
214200	0.08873542542
214300	0.0887357443683
214400	0.0887357281563
214500	0.0887365915178
214600	0.0887405979894
214700	0.088741099915
214800	0.0887476673699
214900	0.0887480372165
215000	0.0887484763859
215100	0.0887557367747
215200	0.0887487232333
215300	0.0887508372609
215400	0.0887508102382
215500	0.0887490741402
215600	0.0887520179939
215700	0.0887502234545
215800	0.0887456726921
215900	0.0887494978765
216000	0.0887460808863
216100	0.0887476363009
216200	0.0887484820715
216300	0.0887473838239
216400	0.088755886562
216500	0.0887599635109
216600	0.0887620588492
216700	0.0887532110643
216800	0.0887503456892
216900	0.0887499533717
217000	0.0887486746619
217100	0.0887482984337
217200	0.0887421228988
217300	0.0887407112936
217400	0.0887352478487
217500	0.0887360413484
217600	0.0887260217578
217700	0.0887261756597
217800	0.0887233245709
217900	0.0887197799701
218000	0.0887195141618
218100	0.0887189668096
218200	0.088722332843
218300	0.0887196699098
218400	0.0887209571647
218500	0.0887268481363
218600	0.0887285904001
218700	0.088727396259
218800	0.0887268776115
218900	0.08872696922
219000	0.0887233422324
219100	0.0887195646965
219200	0.0887139277081
219300	0.0887120141095
219400	0.0887110449708
219500	0.0887146004209
219600	0.0887089678179
219700	0.0887083035409
219800	0.0887098965499
219900	0.0887078721202
220000	0.0887077162274
220100	0.0887102903785
220200	0.0887081848052
220300	0.0887059924058
220400	0.0887056200303
220500	0.0887163856145
220600	0.0887202940218
220700	0.0887177651908
220800	0.0887243804036
220900	0.0887190436325
221000	0.0887195966851
221100	0.0887258552784
221200	0.088735403109
221300	0.0887260487461
221400	0.0887296126057
221500	0.0887266647419
221600	0.0887286970303
221700	0.0887295066386
221800	0.0887301005493
221900	0.088742493189
222000	0.0887418370307
222100	0.0887395553109
222200	0.0887395862644
222300	0.0887422637433
222400	0.0887477762556
222500	0.0887471652124
222600	0.0887385784449
222700	0.0887383599666
222800	0.0887350961012
222900	0.0887346836232
223000	0.088730877522
223100	0.0887308955547
223200	0.0887342464536
223300	0.0887345119399
223400	0.0887343232301
223500	0.0887318953212
223600	0.0887368366368
223700	0.0887394427313
223800	0.088741654638
223900	0.0887447097812
224000	0.0887335607892
224100	0.0887395847515
224200	0.0887330433432
224300	0.0887320071779
224400	0.0887258984882
224500	0.0887370983735
224600	0.0887342231325
224700	0.0887400633692
224800	0.0887376547901
224900	0.0887394378717
225000	0.0887363845148
225100	0.0887351767163
225200	0.0887341044239
225300	0.0887285348788
225400	0.0887235933439
225500	0.08871828287
225600	0.0887148527428
225700	0.0887229348902
225800	0.08872360374
225900	0.0887275064792
226000	0.0887256884011
226100	0.0887241407072
226200	0.0887189255849
226300	0.0887220878844
226400	0.0887244023631
226500	0.0887277329673
226600	0.0887302544759
226700	0.0887298519838
226800	0.0887252327264
226900	0.0887303502032
227000	0.0887289618458
227100	0.0887219553699
227200	0.088720665399
227300	0.0887193110284
227400	0.0887135309469
227500	0.0887129772824
227600	0.0887167047628
227700	0.0887128053386
227800	0.088707950446
227900	0.0887117628686
228000	0.0887085001284
228100	0.0887019149683
228200	0.0887005063298
228300	0.0887024794692
228400	0.0887001256245
228500	0.0887016198661
228600	0.088700398055
228700	0.0886989214244
228800	0.0887017446021
228900	0.0886996473399
229000	0.0887032509608
229100	0.0887082222771
229200	0.0887077492648
229300	0.0887059347393
229400	0.0887118309143
229500	0.0887166793192
229600	0.0887176117956
229700	0.0887169547101
229800	0.0887173581612
229900	0.0887119888342
230000	0.0887179678326
230100	0.0887185271306
230200	0.0887182860803
230300	0.0887160010708
230400	0.0887173881719
230500	0.0887202488457
230600	0.088720061677
230700	0.0887209363127
230800	0.0887245181291
230900	0.0887255955601
231000	0.0887233999717
231100	0.0887277257417
231200	0.0887295865921
231300	0.0887245327403
231400	0.0887269854254
231500	0.088724120657
231600	0.0887235131357
231700	0.0887245019847
231800	0.0887245262298
231900	0.0887207659251
232000	0.0887194981452
232100	0.0887229283685
232200	0.0887268770187
232300	0.0887262965294
232400	0.0887259570904
232500	0.0887246113753
232600	0.0887172511906
232700	0.0887154699065
232800	0.0887205514772
232900	0.0887249718526
233000	0.0887232722027
233100	0.0887257164668
233200	0.0887212800944
233300	0.0887184966522
233400	0.0887098240774
233500	0.0887117740937
233600	0.0887114555213
233700	0.0887131971581
233800	0.0887167681196
233900	0.0887183350062
234000	0.0887184150866
234100	0.0887160815837
234200	0.0887143257724
234300	0.0887209888194
234400	0.0887198072824
234500	0.0887165688199
234600	0.0887125367153
234700	0.0887121441186
234800	0.08870949415
234900	0.0887049334211
235000	0.0887103638927
235100	0.0887114950141
235200	0.088712102015
235300	0.0887078260314
235400	0.0887104747385
235500	0.088710341566
235600	0.0887069006777
235700	0.0887108243508
235800	0.0887113901479
235900	0.0887077146384
236000	0.0887094207798
236100	0.0887072901859
236200	0.0887081190535
236300	0.0887074315824
236400	0.0887099873253
236500	0.0887148232775
236600	0.088717237091
236700	0.0887210467062
236800	0.0887253202174
236900	0.0887228184175
237000	0.0887244307449
237100	0.0887249818988
237200	0.0887200331006
237300	0.0887320763838
237400	0.0887338304091
237500	0.0887296135526
237600	0.0887254858703
237700	0.0887257652383
237800	0.0887250398997
237900	0.0887301291155
238000	0.0887345913289
238100	0.08873595645
238200	0.0887427274091
238300	0.0887401610721
238400	0.0887411789845
238500	0.0887395186457
238600	0.088732054646
238700	0.0887336829939
238800	0.0887426631631
238900	0.0887440642633
239000	0.0887403085847
239100	0.0887415968543
239200	0.0887437982008
239300	0.0887419065324
239400	0.0887417935753
239500	0.0887418973213
239600	0.088741826295
239700	0.0887404957515
239800	0.0887391094543
239900	0.0887424461669
240000	0.0887346524926
240100	0.0887399687884
240200	0.0887424002675
240300	0.0887431631112
240400	0.0887429267501
240500	0.0887443495343
240600	0.0887439455194
240700	0.0887541581236
240800	0.0887526978971
240900	0.0887491729364
241000	0.0887492206055
241100	0.0887413657136
241200	0.0887428028611
241300	0.0887416996911
241400	0.088745400256
241500	0.0887474370866
241600	0.0887448078891
241700	0.0887443563077
241800	0.0887349315871
241900	0.088736617107
242000	0.0887396338609
242100	0.0887388308005
242200	0.0887373929242
242300	0.0887380454687
242400	0.0887376677971
242500	0.0887391419557
242600	0.0887387052811
242700	0.0887388642046
242800	0.0887412234177
242900	0.0887338525637
243000	0.0887332821847
243100	0.0887298291707
243200	0.088741062264
243300	0.0887328976066
243400	0.0887339354191
243500	0.0887360612793
243600	0.0887362452611
243700	0.0887338946315
243800	0.0887339868966
243900	0.0887363841092
244000	0.0887410172515
244100	0.0887474163409
244200	0.0887488669788
244300	0.0887496475316
244400	0.0887504090137
244500	0.0887508756709
244600	0.0887509104906
244700	0.0887527669529
244800	0.0887530671208
244900	0.0887513571377
245000	0.0887492880081
245100	0.0887476578332
245200	0.0887533343037
245300	0.0887572495279
245400	0.0887592639107
245500	0.0887599545197
245600	0.0887596959805
245700	0.0887589908924
245800	0.0887595504136
245900	0.0887536494526
246000	0.0887580899362
246100	0.0887564260774
246200	0.0887601203056
246300	0.0887570638246
246400	0.0887574120486
246500	0.0887564918454
246600	0.0887547618952
246700	0.0887541691358
246800	0.0887562392931
246900	0.0887555241541
247000	0.0887546562633
247100	0.088750993425
247200	0.0887591289164
247300	0.088757703564
247400	0.0887593226764
247500	0.0887682277614
247600	0.0887702525979
247700	0.0887699147947
247800	0.0887654014754
247900	0.0887633270076
248000	0.0887593199283
248100	0.0887525738443
248200	0.0887533179549
248300	0.088754756097
248400	0.0887596218574
248500	0.0887546533072
248600	0.0887596338672
248700	0.0887616705941
248800	0.0887635119045
248900	0.0887602897831
249000	0.0887623393776
249100	0.0887596400438
249200	0.0887589598264
249300	0.0887523987184
249400	0.0887516813853
249500	0.0887563417418
249600	0.0887585018201
249700	0.0887597906569
249800	0.0887526591863
249900	0.0887520236621
250000	0.0887513874453
250100	0.0887516824401
250200	0.0887533104051
250300	0.0887517882904
250400	0.088747948204
250500	0.0887415898453
250600	0.0887386991061
250700	0.088737252922
250800	0.0887428058002
250900	0.0887481789623
251000	0.0887481757543
251100	0.0887408452438
251200	0.0887490438459
251300	0.0887505441654
251400	0.088750887758
251500	0.0887480548908
251600	0.0887461082379
251700	0.0887444343364
251800	0.0887398066863
251900	0.0887368691024
252000	0.0887317940422
252100	0.0887277415474
252200	0.0887296307956
252300	0.0887283336592
252400	0.0887221958082
252500	0.0887256103844
252600	0.0887269093852
252700	0.0887319359124
252800	0.0887347747751
252900	0.0887320074086
253000	0.0887289487414
253100	0.0887255116677
253200	0.088723251388
253300	0.0887202676022
253400	0.0887206923203
253500	0.0887184054806
253600	0.0887201701048
253700	0.0887299905225
253800	0.0887359187585
253900	0.0887431146274
254000	0.0887411247149
254100	0.0887434608061
254200	0.088737049427
254300	0.0887365036126
254400	0.0887302230864
254500	0.0887319670925
254600	0.0887355723623
254700	0.0887345285255
254800	0.0887376811553
254900	0.0887365412604
255000	0.088737213582
255100	0.0887318309062
255200	0.088727330855
255300	0.0887261193241
255400	0.088729504279
255500	0.0887200171374
255600	0.0887142284508
255700	0.088721909312
255800	0.0887265589614
255900	0.0887304829252
256000	0.0887306010669
256100	0.0887302819476
256200	0.0887245030501
256300	0.088728886556
256400	0.0887258604304
256500	0.0887302056723
256600	0.0887364067186
256700	0.0887431248407
256800	0.0887413921883
256900	0.0887444698648
257000	0.0887369759883
257100	0.0887311237491
257200	0.0887297777345
257300	0.0887309770479
257400	0.0887343625517
257500	0.0887358181431
257600	0.0887363810774
257700	0.0887352078747
257800	0.0887448290602
257900	0.0887436907414
258000	0.0887395164553
258100	0.0887361471874
258200	0.0887319829091
258300	0.0887361793299
258400	0.0887368849505
258500	0.0887333596685
258600	0.0887305646488
258700	0.0887229482782
258800	0.08871850321
258900	0.0887172629329
259000	0.0887231404135
259100	0.0887275130994
259200	0.0887174579508
259300	0.088719574461
259400	0.088720380579
259500	0.0887196376429
259600	0.0887194068808
259700	0.088715756271
259800	0.0887154772254
259900	0.0887166285171
260000	0.0887178905832
260100	0.0887215452456
260200	0.0887225419772
260300	0.0887220673181
260400	0.0887211637581
260500	0.0887190292487
260600	0.088725540507
260700	0.0887201109604
260800	0.0887184315606
260900	0.0887240280359
261000	0.0887204536327
261100	0.0887300290424
261200	0.0887280930735
261300	0.0887314976387
261400	0.0887341523789
261500	0.0887348361044
261600	0.0887330824278
261700	0.0887310857555
261800	0.0887257276292
261900	0.0887273944164
262000	0.0887275788222
262100	0.0887258374926
262200	0.0887262941341
262300	0.0887266228901
262400	0.0887245909163
262500	0.0887284964486
262600	0.0887326726432
262700	0.0887337332125
262800	0.0887335917933
262900	0.0887269071248
263000	0.0887341457751
263100	0.0887297646613
263200	0.0887289719898
263300	0.088735868119
263400	0.0887367331219
263500	0.0887352512676
263600	0.0887301806249
263700	0.0887288821492
263800	0.0887316552491
263900	0.0887302437344
264000	0.0887319021285
264100	0.0887304242915
264200	0.088732161615
264300	0.0887381417722
264400	0.0887369258122
264500	0.0887389509933
264600	0.0887391909608
264700	0.088740994936
264800	0.0887428526585
264900	0.0887389357821
265000	0.0887374921948
265100	0.0887373889111
265200	0.0887320275145
265300	0.0887335072705
265400	0.088730254883
265500	0.0887272998201
265600	0.0887315339478
265700	0.0887318735779
265800	0.0887298214889
265900	0.0887307476969
266000	0.0887357807038
266100	0.0887337530091
266200	0.0887382589781
266300	0.0887465528125
266400	0.0887407397139
266500	0.0887368469602
266600	0.0887364034602
266700	0.0887369424891
266800	0.088733739249
266900	0.0887309122424
267000	0.0887292596366
267100	0.0887316258306
267200	0.0887270546199
267300	0.0887239654089
267400	0.0887240625583
267500	0.0887285865256
267600	0.0887278539482
267700	0.0887288678202
267800	0.0887308789143
267900	0.0887380506738
268000	0.0887301591125
268100	0.0887283449344
268200	0.0887269626802
268300	0.0887258736595
268400	0.0887258946413
268500	0.0887252020472
268600	0.0887270170571
268700	0.088731398634
268800	0.088729536425
268900	0.088728251786
269000	0.0887304341365
269100	0.0887281058835
269200	0.0887246988815
269300	0.0887227471697
269400	0.0887194230106
269500	0.0887170024764
269600	0.0887177290377
269700	0.0887155808608
269800	0.0887173878948
269900	0.0887135504537
270000	0.088712644662
270100	0.0887108894942
270200	0.0887108280457
270300	0.088702704812
270400	0.0887037725747
270500	0.0887094999831
270600	0.0887068074017
270700	0.0887052266496
270800	0.0887067402166
270900	0.0887051289831
271000	0.0887079408712
271100	0.088710438461
271200	0.0887086504422
271300	0.0887119421488
271400	0.0887107280807
271500	0.0887074980157
271600	0.0887052821236
271700	0.0887057338996
271800	0.0887081623682
271900	0.0887114447697
272000	0.0887110320181
272100	0.0887097282938
272200	0.0887076111421
272300	0.0887019374785
272400	0.0887016102652
272500	0.088700591423
272600	0.0886972053956
272700	0.0886987865497
272800	0.0886963611623
272900	0.0886955983189
273000	0.088697843811
273100	0.0886953469303
273200	0.0886954628139
273300	0.0886967330389
273400	0.088694354993
273500	0.0886949363622
273600	0.0886918241777
273700	0.0886941686376
273800	0.0886912832245
273900	0.0886926215173
274000	0.0886881207692
274100	0.088684426299
274200	0.0886822388043
274300	0.0886866379338
274400	0.0886897447428
274500	0.0886875781316
274600	0.0886856520803
274700	0.0886815954314
274800	0.0886806232887
274900	0.0886826964789
275000	0.0886829720528
275100	0.0886846106804
275200	0.0886874075953
275300	0.0886873340306
275400	0.0886871982452
275500	0.0886859798179
275600	0.0886828405311
275700	0.0886790362756
275800	0.0886784999981
275900	0.0886796573114
276000	0.0886755656425
276100	0.0886797213145
276200	0.0886750074642
276300	0.0886724939174
276400	0.0886687696337
276500	0.0886704609631
276600	0.0886706921688
276700	0.0886705380458
276800	0.088671024255
276900	0.0886690366341
277000	0.0886683613006
277100	0.0886677785173
277200	0.088668153017
277300	0.0886717282401
277400	0.0886699720681
277500	0.0886671324836
277600	0.0886689284594
277700	0.0886690077379
277800	0.0886739155304
277900	0.0886731522192
278000	0.0886803258522
278100	0.0886828007059
278200	0.0886896200107
278300	0.0886868021299
278400	0.0886899978484
278500	0.0886926011462
278600	0.0886880061239
278700	0.0886869404318
278800	0.0886822669606
278900	0.0886818418458
279000	0.0886811503203
279100	0.088675851646
279200	0.0886806830711
279300	0.0886882485346
279400	0.0886894756189
279500	0.0886894173251
279600	0.0886908315006
279700	0.0886876181307
279800	0.0886839968052
279900	0.0886826735156
280000	0.0886783391034
280100	0.0886771242954
280200	0.0886806906481
280300	0.0886860380668
280400	0.0886853124255
280500	0.0886805253818
280600	0.0886796614306
280700	0.0886762273495
280800	0.0886779749396
280900	0.0886749377407
281000	0.088674464036
281100	0.0886736416501
281200	0.0886763490607
281300	0.0886759234177
281400	0.0886769139052
281500	0.0886748007643
281600	0.0886787330557
281700	0.0886841011197
281800	0.0886775004709
281900	0.0886737534031
282000	0.0886714390552
282100	0.0886691321498
282200	0.0886626517971
282300	0.0886661936248
282400	0.0886632547983
282500	0.0886580794233
282600	0.0886628674653
282700	0.0886665454874
282800	0.0886638966712
282900	0.088663703036
283000	0.0886601381016
283100	0.088663810196
283200	0.0886636375235
283300	0.0886629547654
283400	0.0886737786441
283500	0.088675348543
283600	0.0886777961453
283700	0.0886800596165
283800	0.0886798399452
283900	0.0886815983791
284000	0.0886838214096
284100	0.0886843767265
284200	0.0886798291275
284300	0.0886758529127
284400	0.0886718243193
284500	0.0886735842459
284600	0.0886700744058
284700	0.0886679113213
284800	0.0886711704992
284900	0.0886645446201
285000	0.0886659296977
285100	0.0886648961878
285200	0.0886611381986
285300	0.0886630778741
285400	0.0886692472974
285500	0.0886713349104
285600	0.0886736830502
285700	0.0886683188538
285800	0.0886631933437
285900	0.0886671487143
286000	0.0886706140282
286100	0.0886728259599
286200	0.0886749104211
286300	0.0886732299291
286400	0.0886683081956
286500	0.0886712019513
286600	0.0886714743932
286700	0.0886742344061
286800	0.0886740520103
286900	0.0886756562165
287000	0.0886778161717
287100	0.0886750275177
287200	0.0886756442102
287300	0.0886726660973
287400	0.0886701411064
287500	0.0886728315702
287600	0.0886735250819
287700	0.0886749678302
287800	0.0886765159373
287900	0.088676529541
288000	0.0886803501045
288100	0.0886797765855
288200	0.0886840699219
288300	0.0886873294072
288400	0.0886848029165
288500	0.0886879581494
288600	0.0886954036283
288700	0.0886935166641
288800	0.0886942123456
288900	0.0886888965228
289000	0.0886900622561
289100	0.0886904446766
289200	0.0886922018124
289300	0.0886908540099
289400	0.0887010487353
289500	0.0887018865916
289600	0.0887033099218
289700	0.0887018803866
289800	0.088703378303
289900	0.0887047146094
290000	0.0887001555536
290100	0.0886945254021
290200	0.0886977708136
290300	0.0886976271646
290400	0.0886970583743
290500	0.0886931791536
290600	0.0886927679929
290700	0.0886914823799
290800	0.0886910321367
290900	0.0886842650133
291000	0.0886822597484
291100	0.0886775604757
291200	0.0886788169913
291300	0.0886784177126
291400	0.0886760928485
291500	0.0886763675404
291600	0.0886749393836
291700	0.0886736520014
291800	0.088675567707
291900	0.088674843556
292000	0.0886803965186
292100	0.0886816672208
292200	0.088681810788
292300	0.088684419575
292400	0.0886793370544
292500	0.0886783350807
292600	0.0886783313047
292700	0.0886771231263
292800	0.0886788975622
292900	0.0886799469534
293000	0.0886857892711
293100	0.0886816122534
293200	0.0886792956884
293300	0.0886782821002
293400	0.0886785408834
293500	0.0886772304193
293600	0.0886772472904
293700	0.0886772644713
293800	0.0886734014122
293900	0.088664124119
294000	0.0886643344629
294100	0.0886604428352
294200	0.0886558319858
294300	0.0886573115851
294400	0.0886568563854
294500	0.0886528178377
294600	0.088653919263
294700	0.08864860043
294800	0.0886474465228
294900	0.0886471278187
295000	0.0886432914398
295100	0.0886431157365
295200	0.0886432251651
295300	0.0886406255872
295400	0.0886386159776
295500	0.0886423757614
295600	0.0886456970688
295700	0.0886459639435
295800	0.0886456842968
295900	0.088645757191
296000	0.0886453872652
296100	0.0886474596792
296200	0.0886563795039
296300	0.0886560430976
296400	0.0886572652599
296500	0.0886550495437
296600	0.0886578209949
296700	0.0886612940733
296800	0.0886580795953
296900	0.0886557309604
297000	0.0886621262777
297100	0.088663989795
297200	0.0886648548907
297300	0.0886669007376
297400	0.0886653127704
297500	0.0886616256017
297600	0.0886612949589
297700	0.0886604036687
297800	0.0886658542298
297900	0.088661532957
298000	0.0886598052316
298100	0.0886597855217
298200	0.0886569776079
298300	0.0886588247741
298400	0.0886600926884
298500	0.0886618545427
298600	0.0886581148198
298700	0.0886546365655
298800	0.0886592633056
298900	0.0886571425091
299000	0.0886566322353
299100	0.0886559484119
299200	0.0886614875048
299300	0.0886619757664
299400	0.0886579715388
299500	0.0886589796346
299600	0.0886569270506
299700	0.0886600737946
299800	0.0886609982823
299900	0.0886589692593
300000	0.0886559411109
300100	0.0886579712981
300200	0.0886524401347
300300	0.0886526101491
300400	0.088657030083
300500	0.0886542921433
300600	0.0886594322476
300700	0.0886628995115
300800	0.0886549002224
300900	0.0886549952398
301000	0.0886550642116
301100	0.088652969684
301200	0.0886591711026
301300	0.0886633532063
301400	0.0886652709168
301500	0.088666861263
301600	0.0886643080478
301700	0.0886653709749
301800	0.0886659410502
301900	0.0886692529739
302000	0.0886720984725
302100	0.0886680930927
302200	0.0886661977467
302300	0.0886625196921
302400	0.0886602525071
302500	0.0886574403434
302600	0.0886568507209
302700	0.0886601911652
302800	0.0886559221018
302900	0.0886587267568
303000	0.0886571595658
303100	0.0886644687004
303200	0.0886650442134
303300	0.0886654433529
303400	0.0886694996074
303500	0.0886650094726
303600	0.0886670946878
303700	0.0886624019216
303800	0.0886600886261
303900	0.0886543663588
304000	0.088655331381
304100	0.088654998811
304200	0.0886548719184
304300	0.0886595604816
304400	0.0886563363727
304500	0.0886575740306
304600	0.0886532852799
304700	0.0886523794236
304800	0.0886563683399
304900	0.088659080867
305000	0.0886610774821
305100	0.0886617024851
305200	0.0886602960337
305300	0.0886572377916
305400	0.0886598239951
305500	0.0886635019924
305600	0.0886635300912
305700	0.0886663692998
305800	0.0886673532704
305900	0.0886725939433
306000	0.0886690625149
306100	0.0886659092097
306200	0.0886700347917
306300	0.0886662645473
306400	0.0886652144785
306500	0.0886711635217
306600	0.0886714689449
306700	0.088673140453
306800	0.0886703486873
306900	0.0886649379051
307000	0.0886651906977
307100	0.0886702129547
307200	0.0886703553954
307300	0.088671934532
307400	0.0886688762015
307500	0.0886633037669
307600	0.0886608323804
307700	0.0886612447659
307800	0.0886605253065
307900	0.0886558975181
308000	0.0886553844913
308100	0.0886529858593
308200	0.0886531105952
308300	0.0886540362045
308400	0.0886552906003
308500	0.0886564738596
308600	0.0886588613608
308700	0.0886624618803
308800	0.0886627052307
308900	0.088662600895
309000	0.0886670407773
309100	0.0886657142963
309200	0.0886675613792
309300	0.0886657243434
309400	0.0886679471105
309500	0.0886698288459
309600	0.0886746368661
309700	0.088674555086
309800	0.0886700394855
309900	0.088670957009
310000	0.0886761465811
310100	0.0886720160595
310200	0.0886792284371
310300	0.0886836531537
310400	0.0886839766126
310500	0.0886799502928
310600	0.0886744760785
310700	0.0886755877556
310800	0.0886735519926
310900	0.0886721702274
311000	0.0886760890762
311100	0.0886702394125
311200	0.0886661765908
311300	0.0886640789769
311400	0.0886640094863
311500	0.0886647379416
311600	0.0886657110978
311700	0.0886707015023
311800	0.0886668936851
311900	0.0886702697939
312000	0.088674636158
312100	0.088681869673
312200	0.0886863943407
312300	0.0886825693894
312400	0.0886834520328
312500	0.0886843217259
312600	0.0886832998812
312700	0.0886831721996
312800	0.0886873157789
312900	0.0886847039064
313000	0.0886835651899
313100	0.0886858945907
313200	0.0886842284869
313300	0.0886871507001
313400	0.0886912932215
313500	0.0886915694874
313600	0.0886926285542
313700	0.088694488555
313800	0.088694939731
313900	0.0886958855194
314000	0.0886977987031
314100	0.0886940409905
314200	0.0886992134195
314300	0.088705892187
314400	0.0887090109479
314500	0.0887076459394
314600	0.0887076576516
314700	0.0887064583866
314800	0.0887040844996
314900	0.0886995417436
315000	0.0886969409512
315100	0.0886970950259
315200	0.0886929749825
315300	0.088695783701
315400	0.0886959715915
315500	0.0886942305446
315600	0.0887029334269
315700	0.0887040834624
315800	0.0887052388013
315900	0.0887020969332
316000	0.0886981022003
316100	0.0886990012858
316200	0.0886974019125
316300	0.0887014020973
316400	0.088702694458
316500	0.0887079166945
316600	0.0887128644513
316700	0.08871226965
316800	0.0887115114577
316900	0.0887114382857
317000	0.0887101642703
317100	0.0887076334138
317200	0.0887108755894
317300	0.0887098100133
317400	0.0887142286076
317500	0.0887154289668
317600	0.0887160749991
317700	0.0887178501065
317800	0.0887198830009
317900	0.0887195876001
318000	0.0887202573745
318100	0.0887187415188
318200	0.0887164486062
318300	0.0887209679593
318400	0.0887242509488
318500	0.0887254597106
318600	0.088728171585
318700	0.0887289769726
318800	0.0887288436561
318900	0.0887269036724
319000	0.0887227361139
319100	0.088723386713
319200	0.0887204145765
319300	0.0887184945485
319400	0.0887152919595
319500	0.088712644261
319600	0.0887126440474
319700	0.0887143968036
319800	0.0887109624651
319900	0.0887096297358
320000	0.0887087846518
320100	0.0887046085125
320200	0.0887023536414
320300	0.0886993083691
320400	0.0886993672745
320500	0.0886983161888
320600	0.0886971703847
320700	0.0886930154011
320800	0.0886907373919
320900	0.0886933814422
321000	0.088691945559
321100	0.0886895964778
321200	0.0886845698675
321300	0.0886818571235
321400	0.0886834330435
321500	0.0886868626722
321600	0.0886873597877
321700	0.0886844557101
321800	0.088684911684
321900	0.0886924566053
322000	0.0886954956434
322100	0.0886981626609
322200	0.088697898823
322300	0.0886982068349
322400	0.0887010880108
322500	0.0887026817404
322600	0.0887018702622
322700	0.0886996364291
322800	0.0887015752741
322900	0.0887051151211
323000	0.0887058046994
323100	0.0887052333562
323200	0.0887060153862
323300	0.088708449234
323400	0.0887115644998
323500	0.0887092918448
323600	0.0887062819949
323700	0.088708477442
323800	0.088705265765
323900	0.0887026020434
324000	0.0886999384785
324100	0.0887007316894
324200	0.0886974847086
324300	0.0886961362089
324400	0.0886932990775
324500	0.0886974233038
324600	0.0886972948822
324700	0.0886961748224
324800	0.0886943116017
324900	0.0886920696318
325000	0.0886924863738
325100	0.0886960395148
325200	0.0886956228226
325300	0.0886950403848
325400	0.088697941684
325500	0.08870375335
325600	0.0887043685948
325700	0.088712234726
325800	0.0887107420682
325900	0.0887125089219
326000	0.088710918509
326100	0.0887125745514
326200	0.0887142922371
326300	0.0887119656223
326400	0.0887124321878
326500	0.0887156469759
326600	0.0887137361991
326700	0.0887107956058
326800	0.0887104832826
326900	0.0887100000943
327000	0.0887134804396
327100	0.088711371497
327200	0.0887078322807
327300	0.0887112561304
327400	0.0887065236439
327500	0.0887019173486
327600	0.088700227674
327700	0.0886996882714
327800	0.0886973901914
327900	0.0886955998493
328000	0.0886953898736
328100	0.0886932850979
328200	0.0886928937705
328300	0.0887002951197
328400	0.088699536306
328500	0.088698290541
328600	0.088698261372
328700	0.0887042165842
328800	0.0887022691046
328900	0.0887037777333
329000	0.0887014534588
329100	0.0887054775053
329200	0.0887041871124
329300	0.0887021177213
329400	0.0887037320121
329500	0.088698215568
329600	0.0887014513433
329700	0.0886975510846
329800	0.0886983304806
329900	0.0886946661188
330000	0.0886971032627
330100	0.0887016826085
330200	0.0886982701644
330300	0.0887002972979
330400	0.088703400904
330500	0.0887021197722
330600	0.0886991277172
330700	0.0887004659237
330800	0.0886967699375
330900	0.0886977379517
331000	0.088702789588
331100	0.0886990365993
331200	0.0887026557175
331300	0.0887023139992
331400	0.0887013413182
331500	0.088708408673
331600	0.0887156756922
331700	0.0887172652513
331800	0.088711531084
331900	0.0887095767763
332000	0.0887168085217
332100	0.0887170718627
332200	0.0887210380207
332300	0.0887194206494
332400	0.0887169856688
332500	0.088716011206
332600	0.0887185816409
332700	0.0887187319268
332800	0.0887185000347
332900	0.088718634785
333000	0.0887216690148
333100	0.0887251361836
333200	0.0887264068389
333300	0.0887255983502
333400	0.0887236164173
333500	0.0887228571004
333600	0.0887227586997
333700	0.0887187217981
333800	0.0887204518587
333900	0.0887189515477
334000	0.0887155682494
334100	0.0887169192161
334200	0.0887157488392
334300	0.088713123356
334400	0.0887091515204
334500	0.0887052233916
334600	0.0887025698414
334700	0.0886974474102
334800	0.088696319215
334900	0.0886964689617
335000	0.0887001170066
335100	0.0887029445267
335200	0.0887008367391
335300	0.0886993106018
335400	0.0886977967084
335500	0.0886966174784
335600	0.0886951622163
335700	0.0886959668105
335800	0.0886926645468
335900	0.0886920533013
336000	0.0886889743281
336100	0.0886879642071
336200	0.0886850135356
336300	0.0886839398783
336400	0.0886870528752
336500	0.0886852630024
336600	0.0886870189284
336700	0.088691379513
336800	0.088695844221
336900	0.0886938776804
337000	0.0886921225993
337100	0.0886961882772
337200	0.0886981188029
337300	0.0886984599647
337400	0.0887000051679
337500	0.088702091959
337600	0.0887044693481
337700	0.0887091550375
337800	0.0887112515433
337900	0.088710600444
338000	0.0887112663598
338100	0.088711952604
338200	0.0887138439833
338300	0.0887116979583
338400	0.0887119330282
338500	0.0887136191423
338600	0.0887123125093
338700	0.0887089991412
338800	0.0887122555719
338900	0.0887113597597
339000	0.0887160586253
339100	0.0887218988369
339200	0.0887246465954
339300	0.0887264371845
339400	0.0887263586876
339500	0.088730125892
339600	0.0887324761036
339700	0.0887350531988
339800	0.0887317774474
339900	0.0887279004564
340000	0.0887312975572
340100	0.0887310704039
340200	0.0887328103739
340300	0.0887297436563
340400	0.088730787003
340500	0.0887312033545
340600	0.0887279960937
340700	0.0887319035036
340800	0.0887320140394
340900	0.0887307217511
341000	0.0887346073276
341100	0.0887391862036
341200	0.0887387901282
341300	0.0887436636572
341400	0.0887434501193
341500	0.0887489694974
341600	0.0887522499888
341700	0.0887527349409
341800	0.0887556214657
341900	0.0887535933467
342000	0.0887532682054
342100	0.0887518910178
342200	0.0887535980086
342300	0.0887542410601
342400	0.0887512826456
342500	0.0887503952032
342600	0.0887542344357
342700	0.0887560493363
342800	0.0887583140136
342900	0.0887583490863
343000	0.0887554863088
343100	0.0887522610465
343200	0.088750056003
343300	0.0887485239974
343400	0.0887452199796
343500	0.0887470084897
343600	0.0887476417596
343700	0.0887503335301
343800	0.0887496558141
343900	0.0887481279926
344000	0.0887504779319
344100	0.0887509332055
344200	0.0887543587168
344300	0.0887543475985
344400	0.0887523129418
344500	0.0887515102064
344600	0.0887523193086
344700	0.088750429794
344800	0.0887500874559
344900	0.0887496306721
345000	0.0887521543579
345100	0.0887527277639
345200	0.0887565673869
345300	0.088751661442
345400	0.0887529695701
345500	0.0887546319424
345600	0.088758453603
345700	0.0887595634577
345800	0.0887573215735
345900	0.0887608392702
346000	0.08875661084
346100	0.0887505401379
346200	0.0887525449688
346300	0.0887537617183
346400	0.0887544845331
346500	0.0887506084876
346600	0.0887525108334
346700	0.0887535733078
346800	0.0887525872008
346900	0.088751311909
347000	0.0887506817607
347100	0.0887563855921
347200	0.0887560854855
347300	0.0887531414808
347400	0.0887542968139
347500	0.0887528192036
347600	0.0887494685957
347700	0.0887521660858
347800	0.0887523364508
347900	0.0887517626897
348000	0.088754350401
348100	0.0887522430575
348200	0.0887554276298
348300	0.0887584187766
348400	0.0887582397372
348500	0.0887618896985
348600	0.0887585174304
348700	0.0887566197756
348800	0.0887565103652
348900	0.0887596759721
349000	0.0887612755008
349100	0.0887583221516
349200	0.0887550528046
349300	0.0887643031244
349400	0.0887667010016
349500	0.0887679138532
349600	0.0887697406038
349700	0.0887668728131
349800	0.0887585190694
349900	0.088754762751
