100	0.0438573424819
200	0.0484205722454
300	0.0501830108865
400	0.0547625913977
500	0.0542754968897
600	0.0554855204681
700	0.0551906547872
800	0.0551399250393
900	0.0555537733833
1000	0.056359996888
1100	0.0555570861358
1200	0.0554819320263
1300	0.0553490815036
1400	0.0564396716924
1500	0.0560490472048
1600	0.0554905768395
1700	0.0560115951151
1800	0.0559559996371
1900	0.0560267021782
2000	0.0555215303041
2100	0.0556797698504
2200	0.0561209893506
2300	0.055646071827
2400	0.0557978346843
2500	0.0557597204585
2600	0.0549646831193
2700	0.0546721481334
2800	0.0550256356377
2900	0.0547502880825
3000	0.0550416615676
3100	0.0547330665785
3200	0.0545563603851
3300	0.0544596012472
3400	0.0542654880069
3500	0.054232458456
3600	0.0542055098217
3700	0.0541106599093
3800	0.054186724718
3900	0.0539655011508
4000	0.0540876122436
4100	0.0540741910561
4200	0.0541168546148
4300	0.0545038579403
4400	0.054673671865
4500	0.0545996605872
4600	0.0546378341325
4700	0.0545245374538
4800	0.054283371188
4900	0.0542699963212
5000	0.054269019321
5100	0.0543201840082
5200	0.0544670081883
5300	0.054472561446
5400	0.0545143920074
5500	0.054567861291
5600	0.05473043241
5700	0.0547935016578
5800	0.0545650829462
5900	0.0548074842597
6000	0.0546567787937
6100	0.0548972803779
6200	0.0549965538739
6300	0.0549269636913
6400	0.0549314737653
6500	0.0549763215099
6600	0.0549599417527
6700	0.0548448909216
6800	0.054762400726
6900	0.0547464297572
7000	0.0548436967467
7100	0.05484144634
7200	0.0546680272973
7300	0.0548996297429
7400	0.0550400815807
7500	0.0550257918419
7600	0.0549391245841
7700	0.055102019788
7800	0.0550787182522
7900	0.0550475720189
8000	0.0550545540626
8100	0.0550707837988
8200	0.0550664518449
8300	0.0550883207292
8400	0.0550408991044
8500	0.0550880162693
8600	0.0549551419152
8700	0.0549867164708
8800	0.0551380329319
8900	0.0551232305902
9000	0.0551880941798
9100	0.0552238070856
9200	0.0552779076391
9300	0.0552374376926
9400	0.0553359866154
9500	0.0552883417382
9600	0.0553393192102
9700	0.055369638476
9800	0.0554436391376
9900	0.0555860150103
10000	0.0555890280147
10100	0.0554585952582
10200	0.0553160336889
10300	0.0553166293314
10400	0.0552856556576
10500	0.0552440217392
10600	0.0552155314616
10700	0.0550955221979
10800	0.0551491093504
10900	0.0550955971308
11000	0.0550701097289
11100	0.0549654641004
11200	0.0550245812162
11300	0.0550168977031
11400	0.0551194562548
11500	0.0551708289865
11600	0.0551314411522
11700	0.0550744657613
11800	0.0551240537487
11900	0.0550968163517
12000	0.055203688739
12100	0.055166658529
12200	0.0551026458172
12300	0.0550761087652
12400	0.0551262434637
12500	0.0551236906077
12600	0.0551519245898
12700	0.0550970404912
12800	0.0551108933983
12900	0.0551646762756
13000	0.0551886242687
13100	0.0551615077562
13200	0.0552180086659
13300	0.0552085271488
13400	0.0551144952037
13500	0.055027332241
13600	0.0550941135502
13700	0.0550151471153
13800	0.0549225693836
13900	0.0549339565095
14000	0.0549672883878
14100	0.0549718611332
14200	0.0549681380081
14300	0.0549528129228
14400	0.0549595329855
14500	0.0550384935659
14600	0.0550829851852
14700	0.0551426400368
14800	0.0550947501232
14900	0.0550887036708
15000	0.0551838180307
15100	0.0551990197256
15200	0.0552526064894
15300	0.0552927725014
15400	0.0553022502747
15500	0.0553078391268
15600	0.0552825569396
15700	0.0552391646379
15800	0.0552109077556
15900	0.0552493577116
16000	0.0552097903755
16100	0.0552023585942
16200	0.0551680523462
16300	0.0552259384852
16400	0.0552602385708
16500	0.0552831323095
16600	0.0552361990449
16700	0.055196436577
16800	0.0552470242299
16900	0.0552417290062
17000	0.055246400366
17100	0.0552749601987
17200	0.0552277913523
17300	0.055272222152
17400	0.0552385897329
17500	0.0552086050684
17600	0.0552525635663
17700	0.0552170006709
17800	0.0551707606716
17900	0.0552179937134
18000	0.0551845764564
18100	0.0551588147529
18200	0.0551770753138
18300	0.0552514844054
18400	0.0552414962008
18500	0.0551922245094
18600	0.0551285004506
18700	0.055119988474
18800	0.0551875743295
18900	0.0552090924209
19000	0.0551814168253
19100	0.0551672989686
19200	0.0551680524728
19300	0.0551437863669
19400	0.0551343593042
19500	0.055109427806
19600	0.0550573969126
19700	0.0550641201791
19800	0.0550257778456
19900	0.055044544191
20000	0.0550630674147
20100	0.0550601077019
20200	0.0550833623349
20300	0.0551013574171
20400	0.0550916005443
20500	0.0550861124525
20600	0.0551335650447
20700	0.0550837971286
20800	0.0551132007844
20900	0.0551249722491
21000	0.0551453778784
21100	0.0551022458867
21200	0.0550956366947
21300	0.05513578255
21400	0.055117377606
21500	0.0550694203822
21600	0.0550744581139
21700	0.0550378065304
21800	0.0550371740771
21900	0.055018906047
22000	0.0550340089759
22100	0.0550812141887
22200	0.0550566989732
22300	0.0550485639731
22400	0.055030074711
22500	0.0550680405075
22600	0.0550221539158
22700	0.0550209162911
22800	0.0550428955584
22900	0.0550614981139
23000	0.0550905833663
23100	0.0551281207037
23200	0.0551728188936
23300	0.0551729538812
23400	0.0551926718743
23500	0.0552233520936
23600	0.055186733786
23700	0.0551790668214
23800	0.0551486152872
23900	0.0551512053077
24000	0.0551310613629
24100	0.0551218682056
24200	0.055110317943
24300	0.0550855279459
24400	0.0550609419072
24500	0.0550355224777
24600	0.0550927847476
24700	0.0550538294388
24800	0.0550791950752
24900	0.0550412468675
25000	0.0550610578027
25100	0.0550577237305
25200	0.0550961739257
25300	0.0550376765718
25400	0.0550407025015
25500	0.0550702402116
25600	0.0550577869329
25700	0.0550133626806
25800	0.0549615635656
25900	0.0550044099741
26000	0.0550142527051
26100	0.054996593431
26200	0.055044545963
26300	0.0550375902376
26400	0.0550373318001
26500	0.0550091411873
26600	0.0550054254649
26700	0.0549869165862
26800	0.0549767618259
26900	0.0549393591068
27000	0.0549381263993
27100	0.054933405085
27200	0.0549431229127
27300	0.0549357471995
27400	0.0549766720702
27500	0.0549843297139
27600	0.0549820161449
27700	0.0550153971411
27800	0.0550242821777
27900	0.0550271273387
28000	0.0550700396355
28100	0.0550549793149
28200	0.0550380098276
28300	0.0550832476504
28400	0.0550819564369
28500	0.0551000416295
28600	0.0550633293577
28700	0.0550635015236
28800	0.0550676224624
28900	0.05508373463
29000	0.0550767984162
29100	0.0550617348231
29200	0.0550470119087
29300	0.0550382022269
29400	0.0549915367446
29500	0.0549490679388
29600	0.0549316432231
29700	0.0549172353612
29800	0.0549377827759
29900	0.0549788265417
30000	0.0549581265033
30100	0.0549414391411
30200	0.0549151319701
30300	0.0548951678026
30400	0.0548694370945
30500	0.0548626024333
30600	0.054841397077
30700	0.0548670419671
30800	0.0548820039624
30900	0.0548871105676
31000	0.0548790190301
31100	0.0549238748738
31200	0.0549068899235
31300	0.0549216028237
31400	0.054956209044
31500	0.0549130572625
31600	0.0549377179981
31700	0.0549561244648
31800	0.0549396606515
31900	0.0549474101833
32000	0.0549381024831
32100	0.0549260750239
32200	0.0549053704202
32300	0.054880472989
32400	0.0548857221393
32500	0.0548600445669
32600	0.0548361291685
32700	0.0548124661487
32800	0.05481684558
32900	0.0548265330192
33000	0.054797289641
33100	0.054788062633
33200	0.0548001159687
33300	0.0548045730737
33400	0.054797923977
33500	0.0548019636921
33600	0.0548088213109
33700	0.0548279176271
33800	0.0548420809373
33900	0.0548360287982
34000	0.0548560675823
34100	0.0548580623126
34200	0.0548210701208
34300	0.0548192443919
34400	0.0547957015291
34500	0.0548128417334
34600	0.0547914012603
34700	0.0547802716102
34800	0.0547762195048
34900	0.0547826760351
35000	0.0548122055079
35100	0.0548383589698
35200	0.0548449369617
35300	0.0548408528192
35400	0.0547991191063
35500	0.0547865827277
35600	0.0547841288654
35700	0.0547791719079
35800	0.0548031377914
35900	0.0548317897959
36000	0.0548312289661
36100	0.0548241585633
36200	0.054787443806
36300	0.0548091602453
36400	0.0548138921768
36500	0.0548152007341
36600	0.0548163054334
36700	0.0548349879138
36800	0.054853614819
36900	0.0548341786346
37000	0.0548482714991
37100	0.054844443675
37200	0.054845989906
37300	0.0548444754753
37400	0.0548562708282
37500	0.0548388857023
37600	0.0548358211122
37700	0.0548270911879
37800	0.05483886206
37900	0.05481889739
38000	0.0548634404002
38100	0.0548577659996
38200	0.0548629641996
38300	0.0548612790523
38400	0.0548445071684
38500	0.0548359385261
38600	0.0548748277484
38700	0.0548968389368
38800	0.0548884219444
38900	0.0548892397775
39000	0.0548849050716
39100	0.0548685775556
39200	0.0548711907844
39300	0.0548564212772
39400	0.0548667145448
39500	0.0548925120663
39600	0.0548973741409
39700	0.054923568303
39800	0.0549651336962
39900	0.0549711056524
40000	0.0549758926254
40100	0.0550038139433
40200	0.0549966625096
40300	0.0550077270277
40400	0.0549962482058
40500	0.0549985129417
40600	0.0549931498296
40700	0.0549744847915
40800	0.0549620786007
40900	0.0549683955809
41000	0.0549668721841
41100	0.0549740183919
41200	0.0549826601274
41300	0.054982845489
41400	0.0549800217162
41500	0.054976774878
41600	0.0549754233502
41700	0.0549797547727
41800	0.0549763430053
41900	0.054948063025
42000	0.0549625554698
42100	0.054958920487
42200	0.0549420263644
42300	0.0549669518982
42400	0.0549469689428
42500	0.054949139367
42600	0.0549440440951
42700	0.0549396605921
42800	0.05493112476
42900	0.0549307511355
43000	0.0549241889023
43100	0.0549097642022
43200	0.0549177869419
43300	0.0549280373352
43400	0.0549434048758
43500	0.0549508366551
43600	0.0549638395669
43700	0.0549662483982
43800	0.0549770738284
43900	0.0549753529741
44000	0.054984482052
44100	0.0549819719368
44200	0.0549949104211
44300	0.0549854256264
44400	0.0549986739526
44500	0.0550126570814
44600	0.055019785446
44700	0.054988384481
44800	0.0549810529959
44900	0.0549851646097
45000	0.0550054514914
45100	0.0550131589299
45200	0.0550202054912
45300	0.0550322574724
45400	0.0550303402948
45500	0.0550259568907
45600	0.0550213353661
45700	0.0550237760147
45800	0.055025900335
45900	0.0550117597852
46000	0.054994936129
46100	0.0549876596781
46200	0.0549886543215
46300	0.0549984902084
46400	0.0550112706998
46500	0.0550385519225
46600	0.0550316234729
46700	0.0550323786334
46800	0.0550148084671
46900	0.0550359287696
47000	0.0550440172303
47100	0.0550598299099
47200	0.0550856757487
47300	0.0550577872707
47400	0.05507366576
47500	0.0551045550583
47600	0.0550897930106
47700	0.0550721442481
47800	0.0550754761405
47900	0.0550761211259
48000	0.0550958806006
48100	0.0551100044294
48200	0.0551239927262
48300	0.0551241221432
48400	0.0551259051112
48500	0.0551186553442
48600	0.0551068712731
48700	0.0551216277493
48800	0.0551301551011
48900	0.0551262375114
49000	0.0551195157675
49100	0.0551331898673
49200	0.055127794215
49300	0.0551463867299
49400	0.0551458485548
49500	0.0551511487323
49600	0.0551752022826
49700	0.0551917070274
49800	0.0551869281591
49900	0.0551866317053
50000	0.0551812595136
50100	0.0551849208366
50200	0.0551582013918
50300	0.055180778258
50400	0.0551758614984
50500	0.0551698110287
50600	0.0551579657285
50700	0.0551605939187
50800	0.0551404434517
50900	0.0551259610208
51000	0.0551539698628
51100	0.0551548955442
51200	0.0551467127684
51300	0.0551510756487
51400	0.055150082952
51500	0.0551420073492
51600	0.0551759211779
51700	0.0551965207261
51800	0.0552121972561
51900	0.055202831047
52000	0.0551831583545
52100	0.0551748273016
52200	0.0551788811607
52300	0.0551660878448
52400	0.0551788273474
52500	0.0551790532099
52600	0.0551930506878
52700	0.0551993008862
52800	0.0551938160732
52900	0.0551881871374
53000	0.0551712026474
53100	0.0551737607448
53200	0.0551620507333
53300	0.0551542976525
53400	0.0551385266209
53500	0.0551366756598
53600	0.0551401838512
53700	0.0551503718612
53800	0.055146409078
53900	0.055161387047
54000	0.0551627653667
54100	0.0551569454446
54200	0.0551805938015
54300	0.0551674654172
54400	0.0551698283002
54500	0.0551617405289
54600	0.0551666547094
54700	0.0551693420109
54800	0.0551585001932
54900	0.0551730563215
55000	0.0551777601298
55100	0.0551765159243
55200	0.0551750301298
55300	0.0551910164289
55400	0.0551950239615
55500	0.055191576411
55600	0.0551839746771
55700	0.0551745575375
55800	0.0551655374187
55900	0.0551618477939
56000	0.0551626166012
56100	0.0551617273382
56200	0.0551647582858
56300	0.0551647026724
56400	0.0551615153971
56500	0.0551761277707
56600	0.0551767033042
56700	0.0551866920819
56800	0.0552180827238
56900	0.0552024395687
57000	0.0552164882215
57100	0.0551983020317
57200	0.0552210489385
57300	0.0552395929857
57400	0.0552181446252
57500	0.0552137946732
57600	0.0552068526156
57700	0.0552156856078
57800	0.0552292247202
57900	0.0552405724266
58000	0.0552439876875
58100	0.055272946207
58200	0.0552712080574
58300	0.0552610247988
58400	0.0552565794142
58500	0.0552677081541
58600	0.0552579656633
58700	0.0552821674193
58800	0.0552593562755
58900	0.0552501186232
59000	0.0552798515611
59100	0.0552887724422
59200	0.0553070085354
59300	0.0553313799938
59400	0.0553396557566
59500	0.0553430632085
59600	0.0553333816375
59700	0.0553342476539
59800	0.055339800407
59900	0.055334594665
60000	0.0553243731595
60100	0.0553276686742
60200	0.0553458339461
60300	0.0553290773536
60400	0.0553228529227
60500	0.0553268488175
60600	0.0553309302228
60700	0.0553341503534
60800	0.0553333721375
60900	0.0553491912032
61000	0.0553457026971
61100	0.0553575377531
61200	0.0553613915367
61300	0.0553592107743
61400	0.0553694286454
61500	0.055360032195
61600	0.0553601695049
61700	0.0553682491198
61800	0.0553546913746
61900	0.0553555959456
62000	0.0553617885461
62100	0.055362818223
62200	0.055370382592
62300	0.055382804933
62400	0.0553889877935
62500	0.0553984569665
62600	0.0554145674059
62700	0.055401427229
62800	0.0553910774288
62900	0.0554018758947
63000	0.0554176638841
63100	0.0554115176647
63200	0.0553988108492
63300	0.0553956214451
63400	0.0554053967316
63500	0.055402859451
63600	0.0554072221031
63700	0.0554027083352
63800	0.0554160194763
63900	0.0554043243715
64000	0.0553978324938
64100	0.0553865996041
64200	0.0553844470039
64300	0.0553894455129
64400	0.05538202661
64500	0.055397153614
64600	0.0553992707257
64700	0.0554087883405
64800	0.0554029901963
64900	0.0554270556606
65000	0.0554282330821
65100	0.0554223584705
65200	0.055431359288
65300	0.0554300284785
65400	0.055425805118
65500	0.0554323942868
65600	0.0554248475502
65700	0.0554308763765
65800	0.0554367578
65900	0.0554547496102
66000	0.0554677128671
66100	0.0554621236946
66200	0.0554697120695
66300	0.0554665565574
66400	0.055469875232
66500	0.0554638963733
66600	0.0554820331314
66700	0.0554652026779
66800	0.0554669166134
66900	0.055476164015
67000	0.0554743308863
67100	0.0554736182764
67200	0.0554793111607
67300	0.0554945359034
67400	0.0555016375246
67500	0.0555036751237
67600	0.0555092701031
67700	0.0555130208351
67800	0.055507947336
67900	0.0555262102607
68000	0.0555404270974
68100	0.0555349120143
68200	0.0555445379463
68300	0.0555435978309
68400	0.055555794076
68500	0.0555628683759
68600	0.0555571135715
68700	0.0555615754401
68800	0.05556801337
68900	0.0555699377333
69000	0.055572632881
69100	0.055570198374
69200	0.0555578507481
69300	0.0555592151218
69400	0.0555526097868
69500	0.0555399683748
69600	0.0555488301646
69700	0.0555425327584
69800	0.0555320486151
69900	0.0555409033921
70000	0.0555360959019
70100	0.0555259328447
70200	0.0555166786765
70300	0.0555050037517
70400	0.0554916840569
70500	0.055506667921
70600	0.055506544173
70700	0.0555101586229
70800	0.0555120853008
70900	0.0555219722964
71000	0.0555276150771
71100	0.055543830758
71200	0.0555427044044
71300	0.0555378554776
71400	0.055542191594
71500	0.0555499367951
71600	0.055555484535
71700	0.0555608960258
71800	0.0555578743736
71900	0.0555815268131
72000	0.0555738763693
72100	0.0555582141458
72200	0.0555543322794
72300	0.0555517266138
72400	0.0555505968901
72500	0.0555617931182
72600	0.0555768914035
72700	0.0555797492243
72800	0.05558469887
72900	0.0555801840041
73000	0.0555949710949
73100	0.0555992148206
73200	0.0556127588395
73300	0.0556230902412
73400	0.0556137812529
73500	0.0556059496609
73600	0.0555899575077
73700	0.0556092806308
73800	0.0556217512348
73900	0.0556310772206
74000	0.0556399077075
74100	0.0556399327545
74200	0.055649423486
74300	0.0556393827587
74400	0.0556366533394
74500	0.0556370811613
74600	0.0556527330794
74700	0.0556444554492
74800	0.0556469737098
74900	0.0556559909783
75000	0.0556510967231
75100	0.0556323503525
75200	0.0556343938725
75300	0.0556365861657
75400	0.0556288389272
75500	0.0556362648399
75600	0.0556251021798
75700	0.0556151670509
75800	0.0556237572059
75900	0.0556148915437
76000	0.0556095659845
76100	0.0555899633528
76200	0.0555907130224
76300	0.0556024226957
76400	0.0555992491058
76500	0.0556010542605
76600	0.0556059106685
76700	0.0556084828271
76800	0.0556091080731
76900	0.0556040049252
77000	0.0555916932355
77100	0.0555741090876
77200	0.0555708708883
77300	0.0555860567018
77400	0.0555932167028
77500	0.0556013893401
77600	0.0556012045412
77700	0.0556103600248
77800	0.0556075192842
77900	0.0556029371263
78000	0.055597975401
78100	0.0555914559656
78200	0.0555936139785
78300	0.0555994119514
78400	0.055597910625
78500	0.0555924257599
78600	0.0555885347876
78700	0.0555934740375
78800	0.055599384808
78900	0.0556005181643
79000	0.0555969021563
79100	0.055613747413
79200	0.0556120462143
79300	0.0556079548177
79400	0.0556151235666
79500	0.0556188478687
79600	0.0556074414224
79700	0.0555951307513
79800	0.0556095046032
79900	0.055608044124
80000	0.0556189076837
80100	0.0556211513178
80200	0.0556244327377
80300	0.0556158151006
80400	0.0556142026798
80500	0.0556071335043
80600	0.0556129232999
80700	0.0556210874815
80800	0.0556183137489
80900	0.055616410686
81000	0.0556247493296
81100	0.0556237759863
81200	0.055620387369
81300	0.0556150498291
81400	0.0556203025561
81500	0.0556297329509
81600	0.0556290200829
81700	0.0556181410284
81800	0.0556203927458
81900	0.0556170424792
82000	0.0556088579709
82100	0.0556043930535
82200	0.0556069484117
82300	0.0556068914003
82400	0.0556074289148
82500	0.055592590032
82600	0.0556022736212
82700	0.055609365392
82800	0.0556139936889
82900	0.0556074967128
83000	0.0556033655135
83100	0.0555979319845
83200	0.0556074317044
83300	0.0556078182993
83400	0.0556130743455
83500	0.0556197814388
83600	0.0556138348901
83700	0.0556070767834
83800	0.055609997453
83900	0.0556018325996
84000	0.0556109192134
84100	0.0556062646256
84200	0.0556173287977
84300	0.0556135212682
84400	0.0556023485686
84500	0.0556095480355
84600	0.0556090340595
84700	0.055596400669
84800	0.0555887935807
84900	0.0556005242357
85000	0.055594361139
85100	0.0555943272733
85200	0.0556096530672
85300	0.055603870682
85400	0.0555907606779
85500	0.0555928767637
85600	0.0555897830097
85700	0.0555928005647
85800	0.0555918417057
85900	0.055591869155
86000	0.055593160961
86100	0.0555871245666
86200	0.0555878479671
86300	0.0555918017771
86400	0.0556083254732
86500	0.0555977492442
86600	0.0555984292022
86700	0.0555955386371
86800	0.0555843068157
86900	0.055583811839
87000	0.0555811714089
87100	0.0555796386434
87200	0.0555725436399
87300	0.0555743671214
87400	0.05556981446
87500	0.0555862605561
87600	0.0556077213167
87700	0.0555976708939
87800	0.055602596371
87900	0.0556003235746
88000	0.055604594574
88100	0.0556090930556
88200	0.0556066144423
88300	0.0556084129198
88400	0.0556137464272
88500	0.0556202344329
88600	0.0556186181787
88700	0.0556175400311
88800	0.0556155980332
88900	0.05561734263
89000	0.0556335673141
89100	0.0556366339679
89200	0.0556310037718
89300	0.055640634675
89400	0.0556282753002
89500	0.0556268369167
89600	0.0556190045089
89700	0.055615358517
89800	0.0556114234062
89900	0.0556110629582
90000	0.0556095349148
90100	0.0556056871059
90200	0.0556074348991
90300	0.0556047184915
90400	0.0556018591781
90500	0.05561151626
90600	0.0556140428674
90700	0.0556188628116
90800	0.0556274230842
90900	0.0556341244577
91000	0.0556302689199
91100	0.0556319509258
91200	0.0556180519219
91300	0.0556082284253
91400	0.0555985060282
91500	0.0555907425787
91600	0.0556047377566
91700	0.055612511534
91800	0.0556026784552
91900	0.055595015322
92000	0.0555986683329
92100	0.0556112336444
92200	0.0556021186287
92300	0.0556039587735
92400	0.0556100891286
92500	0.0556114531997
92600	0.0556042857698
92700	0.0555911863363
92800	0.0555865247833
92900	0.0555840700984
93000	0.0555706540195
93100	0.0555676856299
93200	0.0555628044725
93300	0.0555614823218
93400	0.0555764773002
93500	0.0555668874284
93600	0.0555662275522
93700	0.0555746650114
93800	0.0555831481689
93900	0.0555759623227
94000	0.0555755646013
94100	0.0555630366259
94200	0.0555643056425
94300	0.0555640944453
94400	0.0555728810282
94500	0.0555732767111
94600	0.0555799893441
94700	0.0555778133895
94800	0.0555805077714
94900	0.0555765179793
95000	0.0555851751057
95100	0.0555950580737
95200	0.0555933340795
95300	0.0555927677617
95400	0.0555976883495
95500	0.0556027290317
95600	0.055603361743
95700	0.0556107974432
95800	0.0556093994841
95900	0.0556188234145
96000	0.0556387271619
96100	0.0556367746318
96200	0.0556447827958
96300	0.0556497018576
96400	0.0556512489409
96500	0.0556439816152
96600	0.0556489756057
96700	0.0556454056284
96800	0.0556311383066
96900	0.0556174620527
97000	0.0556192947477
97100	0.0556191484792
97200	0.0556176897569
97300	0.0556098909966
97400	0.0556240244553
97500	0.0556227813069
97600	0.0556275268903
97700	0.0556379926307
97800	0.0556419425428
97900	0.0556345292032
98000	0.055629610084
98100	0.0556400907355
98200	0.0556327451428
98300	0.0556433683719
98400	0.0556482034878
98500	0.0556453381824
98600	0.0556465280141
98700	0.0556480364623
98800	0.0556473972867
98900	0.0556510173861
99000	0.0556376735868
99100	0.0556266665595
99200	0.0556293170978
99300	0.0556267635093
99400	0.0556284336793
99500	0.0556262144549
99600	0.0556202888784
99700	0.0556185034566
99800	0.0556202440221
99900	0.0556304808902
100000	0.0556346696465
100100	0.0556365449439
100200	0.0556386373945
100300	0.0556420703765
100400	0.055632446647
100500	0.0556348855452
100600	0.0556374999362
100700	0.0556355580453
100800	0.0556431782005
100900	0.0556486271007
101000	0.0556475045334
101100	0.055643801719
101200	0.0556440823097
101300	0.0556571602636
101400	0.0556559510491
101500	0.0556516351783
101600	0.0556493191432
101700	0.0556467287878
101800	0.0556411638739
101900	0.0556297882586
102000	0.0556401427713
102100	0.0556379770841
102200	0.0556420769196
102300	0.0556406605485
102400	0.0556336382897
102500	0.0556257093667
102600	0.0556217939432
102700	0.0556166936331
102800	0.0556226250776
102900	0.0556174328885
103000	0.0556140701632
103100	0.0556143394938
103200	0.0556126305544
103300	0.055602337521
103400	0.0555963811307
103500	0.0555963028456
103600	0.0555829501784
103700	0.0555876459151
103800	0.0555904214576
103900	0.05558898005
104000	0.0555911092469
104100	0.0555820711543
104200	0.0555884216644
104300	0.0555952256164
104400	0.0555996069766
104500	0.0556018832042
104600	0.0555986945693
104700	0.055587529124
104800	0.0555933209934
104900	0.0555980541235
105000	0.0556031663106
105100	0.0556258288118
105200	0.0556352140938
105300	0.0556411596893
105400	0.0556282292106
105500	0.0556305126773
105600	0.0556290625644
105700	0.0556280105291
105800	0.0556256215622
105900	0.0556295840579
106000	0.0556281210877
106100	0.0556204259661
106200	0.0556284256006
106300	0.055628761522
106400	0.0556338479582
106500	0.0556336674055
106600	0.0556275404367
106700	0.0556393443922
106800	0.0556477821241
106900	0.055652808817
107000	0.0556598332396
107100	0.0556598760102
107200	0.0556628251404
107300	0.0556672128501
107400	0.0556646179421
107500	0.0556586855697
107600	0.055652585519
107700	0.0556512198601
107800	0.0556498370328
107900	0.0556512048816
108000	0.0556411513462
108100	0.0556418480201
108200	0.0556488033266
108300	0.0556555352909
108400	0.0556534183804
108500	0.0556509248927
108600	0.0556457661659
108700	0.0556393991448
108800	0.0556407527013
108900	0.0556422601099
109000	0.0556413203591
109100	0.0556396427606
109200	0.055638577681
109300	0.0556385953576
109400	0.0556391326219
109500	0.0556319717365
109600	0.0556261303205
109700	0.0556176019681
109800	0.0556186057826
109900	0.0556241559035
110000	0.0556213501801
110100	0.0556210126687
110200	0.0556226968224
110300	0.0556162940685
110400	0.0556177075971
110500	0.0556304077667
110600	0.0556368221887
110700	0.055642399879
110800	0.0556506705505
110900	0.0556509496471
111000	0.0556567894731
111100	0.0556619627346
111200	0.0556571397482
111300	0.0556553383166
111400	0.0556499946459
111500	0.0556524876292
111600	0.0556498328288
111700	0.0556507029661
111800	0.0556478026427
111900	0.0556496978657
112000	0.0556503086973
112100	0.0556530257911
112200	0.0556437337221
112300	0.0556418129285
112400	0.0556534809031
112500	0.0556645738166
112600	0.0556524433376
112700	0.0556452062387
112800	0.0556400330485
112900	0.0556356036705
113000	0.0556421404854
113100	0.0556449124478
113200	0.0556524937957
113300	0.0556595491489
113400	0.0556523622128
113500	0.0556540619259
113600	0.055661846549
113700	0.0556632728397
113800	0.0556542365284
113900	0.0556557053474
114000	0.0556481006738
114100	0.0556451144782
114200	0.055634204899
114300	0.0556359785447
114400	0.0556392652568
114500	0.055638977755
114600	0.0556412599805
114700	0.0556368939095
114800	0.0556390170938
114900	0.0556331702147
115000	0.0556324366182
115100	0.0556424411587
115200	0.0556421820262
115300	0.0556424175376
115400	0.0556545249413
115500	0.0556567265789
115600	0.0556492748263
115700	0.0556586424632
115800	0.0556569299647
115900	0.0556631817152
116000	0.0556663995476
116100	0.0556578261076
116200	0.055656283381
116300	0.0556496352698
116400	0.0556391460605
116500	0.0556337866959
116600	0.0556235395774
116700	0.0556264861618
116800	0.0556264797316
116900	0.0556222802583
117000	0.0556162851471
117100	0.0556077019834
117200	0.0556062394196
117300	0.0555940286367
117400	0.0555912354648
117500	0.0555880195077
117600	0.0555962045263
117700	0.0555906708604
117800	0.0555844064815
117900	0.0555790801711
118000	0.0555761628026
118100	0.0555725527929
118200	0.055577714368
118300	0.0555778563335
118400	0.0555747496553
118500	0.0555818013794
118600	0.0555762373172
118700	0.0555754146196
118800	0.0555734658393
118900	0.05557364178
119000	0.0555875196831
119100	0.0555861753139
119200	0.0555866214497
119300	0.0555933270939
119400	0.0555896581163
119500	0.0555784845804
119600	0.055580564943
119700	0.0555889019715
119800	0.0555864871125
119900	0.0555912087955
120000	0.0555902983402
120100	0.0555848520284
120200	0.0555763595395
120300	0.0555726957947
120400	0.0555744095469
120500	0.0555762912257
120600	0.0555767692737
120700	0.0555719078884
120800	0.0555649612598
120900	0.0555730418158
121000	0.0555783788528
121100	0.055570402101
121200	0.0555660529047
121300	0.0555701719983
121400	0.0555674786367
121500	0.0555752029635
121600	0.0555757559148
121700	0.0555660495158
121800	0.0555672574764
121900	0.0555633835222
122000	0.0555575598961
122100	0.0555515831105
122200	0.0555523957981
122300	0.055564640748
122400	0.0555598844298
122500	0.0555554880726
122600	0.0555578293711
122700	0.0555608331524
122800	0.0555639648431
122900	0.0555592456469
123000	0.0555668749363
123100	0.055560435162
123200	0.0555627176593
123300	0.0555556254373
123400	0.0555463711734
123500	0.055535733943
123600	0.0555347444933
123700	0.0555243183709
123800	0.055524457817
123900	0.0555221773575
124000	0.0555295811344
124100	0.0555258641449
124200	0.0555278369172
124300	0.0555248733122
124400	0.0555208873498
124500	0.0555204596099
124600	0.0555204699231
124700	0.0555201707222
124800	0.0555275742117
124900	0.0555236526586
125000	0.0555304479973
125100	0.0555329607024
125200	0.0555259914209
125300	0.0555276883887
125400	0.0555404110342
125500	0.0555325913482
125600	0.0555464804106
125700	0.0555467155658
125800	0.0555457337274
125900	0.0555481571244
126000	0.055546618435
126100	0.0555468731891
126200	0.0555421809328
126300	0.0555464504248
126400	0.0555528890888
126500	0.0555492599553
126600	0.0555550920522
126700	0.0555531952591
126800	0.0555521718804
126900	0.055543770483
127000	0.0555474507894
127100	0.0555426872816
127200	0.0555459391371
127300	0.0555441134088
127400	0.0555437081972
127500	0.0555358231068
127600	0.0555338263891
127700	0.0555282722911
127800	0.0555284504173
127900	0.0555254905344
128000	0.0555294961079
128100	0.0555286607686
128200	0.0555277076758
128300	0.0555305516798
128400	0.0555282876542
128500	0.0555225786021
128600	0.0555284563735
128700	0.0555266738572
128800	0.0555336656782
128900	0.0555261848391
129000	0.0555264496607
129100	0.0555331698736
129200	0.0555281316029
129300	0.0555274636829
129400	0.0555305848635
129500	0.0555457028745
129600	0.055547610829
129700	0.0555461831914
129800	0.0555369873708
129900	0.0555393887472
130000	0.055545396642
130100	0.0555371617491
130200	0.0555330849245
130300	0.0555358384362
130400	0.0555358057949
130500	0.0555386561387
130600	0.0555413753504
130700	0.0555410368937
130800	0.0555461783845
130900	0.0555407681145
131000	0.0555435060409
131100	0.0555436401589
131200	0.0555477236048
131300	0.0555479853246
131400	0.0555490000808
131500	0.0555510256021
131600	0.0555416318331
131700	0.0555448882907
131800	0.0555490414352
131900	0.0555493433918
132000	0.0555465935893
132100	0.0555378570757
132200	0.0555267537574
132300	0.0555313660152
132400	0.0555376318283
132500	0.0555361514773
132600	0.0555340489713
132700	0.0555376018871
132800	0.0555416919315
132900	0.0555406090815
133000	0.0555464345171
133100	0.0555517678146
133200	0.0555514716271
133300	0.0555608715317
133400	0.055563662066
133500	0.0555661576372
133600	0.0555627810064
133700	0.0555603283414
133800	0.0555603749773
133900	0.0555526752065
134000	0.0555476191737
134100	0.0555521978033
134200	0.0555492904906
134300	0.0555370325327
134400	0.0555412942223
134500	0.0555365299677
134600	0.0555349459191
134700	0.0555408185071
134800	0.0555418489783
134900	0.0555467758234
135000	0.0555500619389
135100	0.0555491308813
135200	0.0555472203045
135300	0.0555454777581
135400	0.055543235634
135500	0.0555408547633
135600	0.0555373732631
135700	0.0555404705848
135800	0.0555431685874
135900	0.0555430269925
136000	0.0555429692748
136100	0.055541091786
136200	0.0555511392089
136300	0.0555484880138
136400	0.0555520098012
136500	0.0555552729344
136600	0.0555520119409
136700	0.0555545670392
136800	0.0555558507106
136900	0.0555531804658
137000	0.055553695698
137100	0.0555470768382
137200	0.0555449861219
137300	0.0555412060718
137400	0.0555382603467
137500	0.0555414420226
137600	0.0555412805209
137700	0.0555418350459
137800	0.0555361245345
137900	0.0555304029011
138000	0.0555301691183
138100	0.0555222730297
138200	0.0555148017116
138300	0.0555158162144
138400	0.055512448431
138500	0.0555142485984
138600	0.0555128350765
138700	0.0555107650287
138800	0.0555069689391
138900	0.0555109366561
139000	0.0555121446113
139100	0.0555120626309
139200	0.0555131998266
139300	0.0555112665895
139400	0.0555146969725
139500	0.0555192064336
139600	0.0555246028743
139700	0.0555293590027
139800	0.0555305879685
139900	0.0555255267858
140000	0.0555379524454
140100	0.0555410564449
140200	0.0555322091716
140300	0.0555370120964
140400	0.0555325573485
140500	0.0555374168601
140600	0.055540878873
140700	0.0555381821111
140800	0.0555292122876
140900	0.0555287261195
141000	0.0555257117588
141100	0.055529084305
141200	0.0555217452497
141300	0.0555229155864
141400	0.0555316477894
141500	0.0555313777961
141600	0.0555297807751
141700	0.0555297012274
141800	0.0555278385088
141900	0.0555274465074
142000	0.0555250078541
142100	0.0555212111545
142200	0.0555183240988
142300	0.0555235304215
142400	0.0555345521882
142500	0.0555327874928
142600	0.0555307687766
142700	0.0555302497614
142800	0.0555342537487
142900	0.0555397168123
143000	0.0555470211737
143100	0.0555440911006
143200	0.0555419438457
143300	0.0555333133506
143400	0.0555302737611
143500	0.0555294088228
143600	0.0555288026314
143700	0.0555302382238
143800	0.0555265169497
143900	0.0555322683359
144000	0.055530200903
144100	0.0555296442963
144200	0.0555266970367
144300	0.0555250018703
144400	0.055522361697
144500	0.0555227597053
144600	0.055526652724
144700	0.055526023573
144800	0.0555262463218
144900	0.0555181545396
145000	0.0555182616634
145100	0.0555173820917
145200	0.0555131941974
145300	0.0555082380065
145400	0.0555102502188
145500	0.0555092413715
145600	0.0555071226186
145700	0.0555139720198
145800	0.0555057500688
145900	0.0555048938857
146000	0.0555095429504
146100	0.0555130824031
146200	0.0555110258277
146300	0.0555050788505
146400	0.0555111072067
146500	0.0555149334887
146600	0.05552033998
146700	0.055521388604
146800	0.0555184404226
146900	0.0555221673293
147000	0.0555268810934
147100	0.0555209244367
147200	0.0555263025651
147300	0.0555311825313
147400	0.0555359463031
147500	0.05553455274
147600	0.0555323646847
147700	0.0555281698164
147800	0.05553261836
147900	0.0555387528068
148000	0.05553548161
148100	0.0555333529286
148200	0.0555423576743
148300	0.0555477993256
148400	0.0555478104824
148500	0.0555568270604
148600	0.0555583440085
148700	0.0555555342853
148800	0.055552007499
148900	0.055556580455
149000	0.0555544867726
149100	0.0555593161007
149200	0.0555547895657
149300	0.0555620921311
149400	0.0555614068929
149500	0.0555661714907
149600	0.0555687222222
149700	0.0555779120441
149800	0.0555820859397
149900	0.0555790193853
150000	0.0555833001921
150100	0.0555836325085
150200	0.0555814509458
150300	0.0555865503664
150400	0.0555854116681
150500	0.0555867291676
150600	0.0555916717221
150700	0.0555869539543
150800	0.0555883048759
150900	0.0555937652402
151000	0.0555906228113
151100	0.0555932864225
151200	0.0555876085247
151300	0.05558311499
151400	0.0555763228067
151500	0.0555768274793
151600	0.0555827681104
151700	0.0555777634522
151800	0.0555725562681
151900	0.0555716059037
152000	0.0555747518246
152100	0.0555796157729
152200	0.055578565846
152300	0.0555828804604
152400	0.0555836283089
152500	0.0555837602514
152600	0.0555861861043
152700	0.0555808528427
152800	0.055583603612
152900	0.0555866590564
153000	0.0555820408217
153100	0.0555784859062
153200	0.05557822828
153300	0.0555709152737
153400	0.0555673372117
153500	0.0555690348084
153600	0.0555647784248
153700	0.055566763918
153800	0.0555626590769
153900	0.0555618248034
154000	0.0555621070705
154100	0.0555629257567
154200	0.0555673013681
154300	0.0555681172772
154400	0.0555661275954
154500	0.0555694390759
154600	0.0555732133211
154700	0.05557514296
154800	0.0555731371737
154900	0.0555695298189
155000	0.0555689911439
155100	0.0555658320682
155200	0.055564142048
155300	0.0555672101617
155400	0.05556373018
155500	0.05556428463
155600	0.0555674483467
155700	0.0555675317671
155800	0.0555654845712
155900	0.0555576864957
156000	0.0555562754181
156100	0.05555067082
156200	0.0555585207027
156300	0.0555557831392
156400	0.0555529159962
156500	0.0555558228005
156600	0.0555554214623
156700	0.0555535731224
156800	0.0555469860288
156900	0.055544675542
157000	0.0555417910941
157100	0.0555405441651
157200	0.0555410922234
157300	0.0555405652504
157400	0.0555353304543
157500	0.0555359424834
157600	0.0555487481573
157700	0.0555464611889
157800	0.0555505830087
157900	0.0555481813957
158000	0.0555480534822
158100	0.0555566573754
158200	0.0555643761832
158300	0.055560003514
158400	0.0555578816772
158500	0.0555564679627
158600	0.0555493294819
158700	0.0555490845471
158800	0.0555488195569
158900	0.0555562747507
159000	0.0555611290444
159100	0.0555659686606
159200	0.0555657472718
159300	0.0555626998165
159400	0.0555560691211
159500	0.0555588691574
159600	0.0555690199344
159700	0.0555637258843
159800	0.0555666452498
159900	0.0555616695356
160000	0.0555687205191
160100	0.0555694274453
160200	0.0555705006474
160300	0.0555661616096
160400	0.0555679201921
160500	0.0555707220753
160600	0.0555682064959
160700	0.0555669502592
160800	0.0555612079461
160900	0.0555571356746
161000	0.0555512159961
161100	0.0555480449994
161200	0.0555385121262
161300	0.0555397789647
161400	0.0555378748856
161500	0.055531222194
161600	0.0555296837077
161700	0.0555249256903
161800	0.0555260991884
161900	0.0555220838213
162000	0.055519036708
162100	0.0555179083899
162200	0.0555217862231
162300	0.0555232567102
162400	0.0555288196817
162500	0.0555277292185
162600	0.0555295514593
162700	0.0555232123616
162800	0.0555280139086
162900	0.0555273722408
163000	0.0555255066415
163100	0.0555272987346
163200	0.0555302610868
163300	0.0555336324077
163400	0.0555338661676
163500	0.0555398623914
163600	0.055533458544
163700	0.0555395552801
163800	0.0555355454969
163900	0.0555401762343
164000	0.055535843754
164100	0.0555421181355
164200	0.0555384110886
164300	0.0555420816471
164400	0.0555364707626
164500	0.055537558392
164600	0.0555319968726
164700	0.0555297640082
164800	0.0555296510445
164900	0.0555282739981
165000	0.0555363238778
165100	0.055540014412
165200	0.0555373087573
165300	0.0555382809621
165400	0.0555410825615
165500	0.0555424996443
165600	0.0555444228829
165700	0.0555425218191
165800	0.0555355687441
165900	0.055542999092
166000	0.0555366710659
166100	0.0555309544809
166200	0.0555278518151
166300	0.0555288256577
166400	0.0555290200867
166500	0.0555268924579
166600	0.0555206981581
166700	0.0555167601425
166800	0.0555176740551
166900	0.0555173335912
167000	0.0555157708209
167100	0.0555065677229
167200	0.0555063986433
167300	0.0555020776046
167400	0.0555023894644
167500	0.0554980530934
167600	0.0554940544203
167700	0.0554895722919
167800	0.0554915157202
167900	0.0554878576019
168000	0.0554908164818
168100	0.0554955812239
168200	0.0554878834757
168300	0.0554864622842
168400	0.0554896847872
168500	0.0554845390474
168600	0.0554821329526
168700	0.0554828952094
168800	0.0554825667768
168900	0.055485724303
169000	0.0554832879294
169100	0.055481385482
169200	0.0554800972283
169300	0.0554796906533
169400	0.0554790988261
169500	0.0554835541117
169600	0.0554816748223
169700	0.0554858755034
169800	0.0554890368408
169900	0.0554897023962
170000	0.0554852982442
170100	0.0554864145273
170200	0.0554888764835
170300	0.0554914290049
170400	0.0554910268328
170500	0.0554938852265
170600	0.0554933501689
170700	0.0554872078034
170800	0.0554892100008
170900	0.0554914925083
171000	0.0554942387392
171100	0.0554903737745
171200	0.0554905426676
171300	0.0554892228577
171400	0.0554887885576
171500	0.0554911196862
171600	0.0554892239037
171700	0.0554878959489
171800	0.0554945610143
171900	0.0554973342279
172000	0.055497583857
172100	0.0554946046704
172200	0.0554978818265
172300	0.0554947974647
172400	0.055490491182
172500	0.0554930198027
172600	0.0555008127948
172700	0.0555003967644
172800	0.0554964944025
172900	0.0554993390828
173000	0.0554957826326
173100	0.0554939844217
173200	0.0554871053035
173300	0.0554896029727
173400	0.0554875404902
173500	0.0554823483476
173600	0.0554848418154
173700	0.055487043732
173800	0.0554792114799
173900	0.0554827857084
174000	0.0554810180726
174100	0.0554805698408
174200	0.0554806238434
174300	0.0554821211292
174400	0.0554830899728
174500	0.0554804156191
174600	0.0554854053296
174700	0.0554822226971
174800	0.0554799843464
174900	0.0554778943154
175000	0.0554703967312
175100	0.0554719736703
175200	0.0554761418559
175300	0.0554817563992
175400	0.0554835343836
175500	0.0554911220334
175600	0.05550235024
175700	0.0555024053397
175800	0.0555086064669
175900	0.0555096581949
176000	0.0555108850032
176100	0.055509819856
176200	0.0555130092927
176300	0.0555119256467
176400	0.0555150492975
176500	0.0555150972719
176600	0.0555106532351
176700	0.0555067579732
176800	0.0555032593503
176900	0.0555036935936
177000	0.0555065097869
177100	0.0555050386983
177200	0.0555027959038
177300	0.0554978171013
177400	0.0554958640918
177500	0.055500006611
177600	0.0554990448386
177700	0.0554995207263
177800	0.0554996429015
177900	0.0555001903626
178000	0.0554962388971
178100	0.055499437712
178200	0.0554968112411
178300	0.0554930849585
178400	0.0554884532629
178500	0.0554924793688
178600	0.0554938508312
178700	0.0554927563011
178800	0.055489247949
178900	0.0554928132495
179000	0.0554966966779
179100	0.0554951735799
179200	0.055493381495
179300	0.0554957295241
179400	0.0554967545186
179500	0.0554980985073
179600	0.0555021243654
179700	0.0555016419317
179800	0.0554971353699
179900	0.0555080434863
180000	0.0555084711729
180100	0.0555025595938
180200	0.0555010830815
180300	0.0554985598244
180400	0.0554996118231
180500	0.0554995321133
180600	0.0555014005988
180700	0.0555105562264
180800	0.0555099437429
180900	0.0555154055272
181000	0.0555105779665
181100	0.0555098004662
181200	0.0555084331198
181300	0.0555100989777
181400	0.0555060136563
181500	0.0555074934598
181600	0.0555055638858
181700	0.0555071627293
181800	0.0555068895028
181900	0.055501750783
182000	0.0554992202277
182100	0.0555038661651
182200	0.0555002871518
182300	0.0554984737961
182400	0.0555002270565
182500	0.0554983503995
182600	0.0554995332679
182700	0.0555014129301
182800	0.055499925733
182900	0.0555047368414
183000	0.0555017855904
183100	0.0554993775452
183200	0.0555013926382
183300	0.0555039276512
183400	0.0555062586693
183500	0.0555085532407
183600	0.0555083076734
183700	0.0555075932727
183800	0.0555137537912
183900	0.0555154222944
184000	0.0555185081662
184100	0.0555190813169
184200	0.0555124552055
184300	0.0555108081369
184400	0.0555111138916
184500	0.0555102048155
184600	0.0555118885459
184700	0.055515498195
184800	0.0555129651155
184900	0.0555135387539
185000	0.055514943288
185100	0.0555128759899
185200	0.0555100352597
185300	0.0555042141519
185400	0.0555061519899
185500	0.0555067973608
185600	0.0555051847321
185700	0.0555028900963
185800	0.0554995682715
185900	0.0555013141949
186000	0.0554982524043
186100	0.0554952034741
186200	0.0555009667705
186300	0.0555027249252
186400	0.0554980879696
186500	0.0555000386285
186600	0.0554945015723
186700	0.0554964679402
186800	0.0554921701118
186900	0.055487650043
187000	0.0554933534423
187100	0.0554931263997
187200	0.0554919183131
187300	0.0554977008272
187400	0.055497343591
187500	0.0554940757085
187600	0.0554921875757
187700	0.0554895792295
187800	0.055495687534
187900	0.0554950229089
188000	0.0554902413935
188100	0.0554972319908
188200	0.0555007288347
188300	0.0555040341005
188400	0.0555043475412
188500	0.0555019724801
188600	0.0554996892034
188700	0.0555049299882
188800	0.0555027537403
188900	0.0555006659319
189000	0.0554977832223
189100	0.055502073111
189200	0.0555019758337
189300	0.0555033043778
189400	0.0555020366729
189500	0.0554982643086
189600	0.0554997013697
189700	0.0555010354695
189800	0.0555074023583
189900	0.0555106497636
190000	0.0555062007072
190100	0.0555050812994
190200	0.0555020257608
190300	0.0555049870016
190400	0.0555101652039
190500	0.0555085398554
190600	0.0555091303384
190700	0.055513952878
190800	0.055523563115
190900	0.055522427834
191000	0.0555235197483
191100	0.055522653139
191200	0.0555200573526
191300	0.0555279215528
191400	0.0555228563588
191500	0.0555223643765
191600	0.0555209932055
191700	0.0555185658032
191800	0.0555158373707
191900	0.0555153645646
192000	0.0555165760263
192100	0.0555185543552
192200	0.0555186405198
192300	0.055515757205
192400	0.0555154519006
192500	0.0555186125549
192600	0.0555173750432
192700	0.0555143247901
192800	0.0555167703413
192900	0.0555133758384
193000	0.0555165478882
193100	0.055515632807
193200	0.0555140626997
193300	0.0555153530972
193400	0.0555178031761
193500	0.0555238464739
193600	0.0555245375444
193700	0.0555308494965
193800	0.0555366974558
193900	0.0555342134096
194000	0.0555289927104
194100	0.0555243406022
194200	0.0555235014646
194300	0.0555217862885
194400	0.0555221325881
194500	0.0555280779007
194600	0.0555267284548
194700	0.0555256297067
194800	0.0555297193331
194900	0.0555313403396
195000	0.0555279558888
195100	0.0555323028894
195200	0.0555329124471
195300	0.0555351046646
195400	0.0555413580421
195500	0.0555342353653
195600	0.0555332695209
195700	0.0555305471649
195800	0.0555305508145
195900	0.0555272994837
196000	0.0555296047014
196100	0.0555295664632
196200	0.0555284803514
196300	0.0555270714563
196400	0.0555223626939
196500	0.0555305847963
196600	0.0555323332034
196700	0.0555309949131
196800	0.0555319911395
196900	0.055532231858
197000	0.0555351577959
197100	0.0555368072516
197200	0.0555352298742
197300	0.0555327364542
197400	0.0555398428384
197500	0.0555371501904
197600	0.0555401707798
197700	0.0555442261285
197800	0.0555506225453
197900	0.0555534760071
198000	0.0555503664796
198100	0.0555499760186
198200	0.0555430344229
198300	0.0555396204421
198400	0.0555418591088
198500	0.0555435490759
198600	0.0555466668932
198700	0.05554791583
198800	0.0555488415148
198900	0.0555509033255
199000	0.0555447619247
199100	0.0555428558332
199200	0.0555432822657
199300	0.0555432992166
199400	0.0555398404321
199500	0.0555370953432
199600	0.0555366240925
199700	0.0555405075334
199800	0.05554300045
199900	0.0555415582311
200000	0.0555382212154
200100	0.0555331891847
200200	0.0555331641812
200300	0.055539172574
200400	0.0555373503576
200500	0.0555421425668
200600	0.0555357080551
200700	0.0555417454462
200800	0.0555432180177
200900	0.0555417683282
201000	0.0555374914125
201100	0.0555382050068
201200	0.055542406437
201300	0.0555381824241
201400	0.0555385904402
201500	0.0555372999394
201600	0.0555311187627
201700	0.0555326047537
201800	0.0555307688762
201900	0.0555244414484
202000	0.0555253056511
202100	0.0555250375879
202200	0.0555238039122
202300	0.0555222265074
202400	0.0555243181267
202500	0.0555281921343
202600	0.0555266615772
202700	0.0555284981468
202800	0.0555240714419
202900	0.0555229144982
203000	0.0555286705907
203100	0.0555325396805
203200	0.0555347617487
203300	0.0555380520261
203400	0.0555388937917
203500	0.0555447495598
203600	0.0555438342873
203700	0.0555452883439
203800	0.0555418037057
203900	0.0555455548167
204000	0.0555478685873
204100	0.0555444187975
204200	0.0555503204371
204300	0.0555517192119
204400	0.0555503403539
204500	0.0555515991366
204600	0.0555520957638
204700	0.0555545706313
204800	0.0555483161521
204900	0.0555469448997
205000	0.0555477382734
205100	0.0555431543355
205200	0.0555457333275
205300	0.0555490950871
205400	0.0555466401908
205500	0.0555417679807
205600	0.0555407272479
205700	0.0555385333789
205800	0.0555374642726
205900	0.0555393232228
206000	0.0555397128864
206100	0.0555368997276
206200	0.0555435102782
206300	0.0555445450896
206400	0.0555429270506
206500	0.0555389411721
206600	0.0555379457946
206700	0.0555401710059
206800	0.0555397795468
206900	0.0555385863703
207000	0.0555392852195
207100	0.0555373398646
207200	0.0555303623716
207300	0.0555324991625
207400	0.0555298997862
207500	0.055531811104
207600	0.0555285111849
207700	0.0555297603162
207800	0.055527694754
207900	0.0555269151426
208000	0.0555311336325
208100	0.055529728083
208200	0.0555271515477
208300	0.0555317507109
208400	0.0555342530136
208500	0.0555303802729
208600	0.0555299260017
208700	0.0555255332818
208800	0.0555258652077
208900	0.0555236549106
209000	0.0555231019694
209100	0.055529606208
209200	0.0555301922876
209300	0.0555282262043
209400	0.0555282833421
209500	0.0555251450574
209600	0.0555217015398
209700	0.055520155475
209800	0.0555221181719
209900	0.0555170721074
210000	0.0555187962121
210100	0.0555154733928
210200	0.0555154795919
210300	0.0555172203783
210400	0.0555172079547
210500	0.0555220784628
210600	0.0555235023993
210700	0.0555256701569
210800	0.0555247506688
210900	0.0555276444503
211000	0.055530412362
211100	0.0555301784824
211200	0.0555303388683
211300	0.0555319077238
211400	0.055526715083
211500	0.0555307254506
211600	0.0555320102183
211700	0.0555313915991
211800	0.0555267079444
211900	0.0555349100077
212000	0.0555335530056
212100	0.0555326687169
212200	0.0555356383988
212300	0.0555288950564
212400	0.0555334752685
212500	0.0555375691825
212600	0.0555419602517
212700	0.0555377015838
212800	0.0555367692505
212900	0.055538653351
213000	0.0555497079254
213100	0.0555568013494
213200	0.0555557663555
213300	0.0555581127054
213400	0.0555577017954
213500	0.0555570790093
213600	0.0555614311367
213700	0.0555607953762
213800	0.0555638038353
213900	0.0555615336966
214000	0.055560142567
214100	0.0555579660769
214200	0.0555547516283
214300	0.0555532448362
214400	0.0555536084856
214500	0.0555559422071
214600	0.0555557609333
214700	0.0555551403945
214800	0.0555619846217
214900	0.0555596365664
215000	0.0555570536694
215100	0.0555600964225
215200	0.0555583460653
215300	0.0555526313599
215400	0.0555509249556
215500	0.0555502717784
215600	0.0555482237733
215700	0.0555471322934
215800	0.0555464766402
215900	0.0555541347082
216000	0.0555498049823
216100	0.0555484926108
216200	0.0555471977286
216300	0.0555491034944
216400	0.0555530457867
216500	0.0555513186498
216600	0.0555516704354
216700	0.0555438768154
216800	0.0555394843454
216900	0.0555390091665
217000	0.0555371900867
217100	0.055537769407
217200	0.0555342575681
217300	0.0555342336734
217400	0.055536798193
217500	0.0555339125277
217600	0.0555284683051
217700	0.0555281091399
217800	0.0555210888221
217900	0.0555167197246
218000	0.0555184968958
218100	0.0555197086483
218200	0.0555262313522
218300	0.0555243785482
218400	0.0555226672761
218500	0.0555250789926
218600	0.0555259989932
218700	0.055526489842
218800	0.0555264347317
218900	0.0555287911668
219000	0.0555271958191
219100	0.0555262975686
219200	0.0555255937577
219300	0.0555231587997
219400	0.0555250617651
219500	0.0555266021728
219600	0.0555245362801
219700	0.0555190515871
219800	0.0555211456863
219900	0.0555215509636
220000	0.0555210312614
220100	0.0555235087714
220200	0.0555196446396
220300	0.055517284321
220400	0.0555140069821
220500	0.055517113141
220600	0.0555169238139
220700	0.0555169562325
220800	0.0555186831404
220900	0.0555199035999
221000	0.055522618705
221100	0.0555245341129
221200	0.055528511342
221300	0.055525321747
221400	0.0555291404786
221500	0.0555293953931
221600	0.0555326875565
221700	0.0555354062149
221800	0.0555383739801
221900	0.0555423078852
222000	0.0555435280642
222100	0.0555415901529
222200	0.0555398363304
222300	0.0555391068997
222400	0.0555372422143
222500	0.0555385468838
222600	0.0555379603388
222700	0.0555385760206
222800	0.0555336525145
222900	0.0555330890431
223000	0.0555333914342
223100	0.0555364322221
223200	0.0555326297407
223300	0.0555315305845
223400	0.0555317826677
223500	0.0555302736653
223600	0.0555341065394
223700	0.0555359681823
223800	0.0555353658905
223900	0.0555334774616
224000	0.0555308281257
224100	0.0555301074823
224200	0.0555277790912
224300	0.0555290191256
224400	0.0555310153584
224500	0.0555386637962
224600	0.0555337319636
224700	0.0555329869198
224800	0.055530842582
224900	0.0555307034799
225000	0.0555267492731
225100	0.0555268146773
225200	0.0555266504041
225300	0.0555228672701
225400	0.0555216743812
225500	0.0555183307337
225600	0.0555141175888
225700	0.0555218435266
225800	0.0555222194298
225900	0.0555239634873
226000	0.0555262726646
226100	0.0555244035516
226200	0.0555219664543
226300	0.055520824522
226400	0.0555184535363
226500	0.0555196989184
226600	0.0555200281467
226700	0.0555207102254
226800	0.0555193188703
226900	0.055521203721
227000	0.0555177780495
227100	0.0555147597276
227200	0.055513698179
227300	0.0555140107413
227400	0.0555133510605
227500	0.0555132278876
227600	0.0555091680604
227700	0.0555068381497
227800	0.0555040356383
227900	0.0555054945575
228000	0.055505738565
228100	0.0555014024295
228200	0.0555074425496
228300	0.055505631553
228400	0.055501194811
228500	0.0555043765929
228600	0.0555054159638
228700	0.0555062874009
228800	0.0555091430344
228900	0.0555076972483
229000	0.0555067580367
229100	0.0555033344736
229200	0.0555019683451
229300	0.055501199422
229400	0.0554999625678
229500	0.0554964708969
229600	0.0554897066561
229700	0.055492623725
229800	0.0554882535094
229900	0.0554876517666
230000	0.0554897193921
230100	0.0554937629654
230200	0.0554901080847
230300	0.0554890470525
230400	0.0554895264301
230500	0.0554933848705
230600	0.0554948293298
230700	0.0554962230713
230800	0.0555037409939
230900	0.05550327287
231000	0.0555012281676
231100	0.0555006287885
231200	0.0555014905216
231300	0.0555012853243
231400	0.055504153585
231500	0.0555034240042
231600	0.0555028221995
231700	0.0555024550948
231800	0.0555005219495
231900	0.0555051001603
232000	0.055502082073
232100	0.0555005507326
232200	0.0555067870214
232300	0.0555039299559
232400	0.0555014225844
232500	0.0554986087925
232600	0.0554950812751
232700	0.0554953350459
232800	0.0554979271233
232900	0.0555004329859
233000	0.055503985005
233100	0.0555108197652
233200	0.0555090143585
233300	0.0555060594755
233400	0.0555040731739
233500	0.055508132672
233600	0.0555064099421
233700	0.0555076981438
233800	0.055510939725
233900	0.0555094680855
234000	0.0555136047413
234100	0.0555097680851
234200	0.0555095237032
234300	0.0555146405621
234400	0.0555181962048
234500	0.0555179273761
234600	0.0555141269571
234700	0.0555168425491
234800	0.0555121771685
234900	0.055510275592
235000	0.0555126476163
235100	0.0555188025609
235200	0.0555206783112
235300	0.0555193742683
235400	0.0555185864682
235500	0.0555190645351
235600	0.0555182750563
235700	0.0555184260712
235800	0.0555231055752
235900	0.0555233519675
236000	0.0555231181908
236100	0.0555205949965
236200	0.0555174787119
236300	0.0555151518552
236400	0.0555195625158
236500	0.0555224791656
236600	0.0555278191521
236700	0.0555295451183
236800	0.0555316684073
236900	0.055539235861
237000	0.0555381465212
237100	0.0555335214693
237200	0.0555311270284
237300	0.0555325522432
237400	0.0555315700002
237500	0.0555325731339
237600	0.0555299508538
237700	0.0555340227273
237800	0.0555301371237
237900	0.0555320222007
238000	0.0555366365658
238100	0.055538652466
238200	0.0555390734734
238300	0.0555452910379
238400	0.0555432994071
238500	0.0555383541498
238600	0.055534875489
238700	0.0555339526901
238800	0.0555371657417
238900	0.0555374703456
239000	0.0555338977806
239100	0.0555324699501
239200	0.0555379105404
239300	0.0555363905503
239400	0.0555341210089
239500	0.0555306421394
239600	0.0555297179173
239700	0.0555340920225
239800	0.055535023786
239900	0.0555342671261
240000	0.0555283228659
240100	0.0555297077218
240200	0.0555316949047
240300	0.0555267946744
240400	0.0555234450796
240500	0.0555287397499
240600	0.0555298339704
240700	0.0555323656398
240800	0.0555320387549
240900	0.0555302853438
241000	0.0555331130991
241100	0.055528192022
241200	0.0555265160785
241300	0.0555241007423
241400	0.0555241939852
241500	0.0555250873467
241600	0.0555263234724
241700	0.0555279380637
241800	0.0555264937035
241900	0.0555310016483
242000	0.0555325437203
242100	0.0555285006407
242200	0.0555284170458
242300	0.0555262443815
242400	0.0555264697591
242500	0.055523324138
242600	0.0555262150162
242700	0.0555254231639
242800	0.0555266176989
242900	0.0555226777666
243000	0.0555231439373
243100	0.055523790954
243200	0.055528242002
243300	0.0555240350481
243400	0.05552470695
243500	0.0555286863711
243600	0.0555306460209
243700	0.0555289002563
243800	0.0555296476786
243900	0.0555334831703
244000	0.0555338647257
244100	0.0555347504721
244200	0.0555346525345
244300	0.0555335118422
244400	0.0555333153983
244500	0.0555316261167
244600	0.0555308220847
244700	0.0555306446809
244800	0.0555293596531
244900	0.0555265930394
245000	0.0555260746433
245100	0.0555274294432
245200	0.055530311048
245300	0.0555359045991
245400	0.0555341743083
245500	0.0555380811115
245600	0.0555377939178
245700	0.0555387746805
245800	0.0555387406665
245900	0.0555366491545
246000	0.0555375293925
246100	0.0555402655813
246200	0.0555393073456
246300	0.0555393851654
246400	0.0555368762533
246500	0.0555423917414
246600	0.055538832363
246700	0.0555388257816
246800	0.0555371098398
246900	0.0555349891762
247000	0.0555367824447
247100	0.0555335675116
247200	0.0555359413346
247300	0.0555317424594
247400	0.0555331321561
247500	0.0555327590892
247600	0.055534620081
247700	0.0555356865701
247800	0.0555295986564
247900	0.0555305922341
248000	0.0555295206962
248100	0.0555302387806
248200	0.0555331295585
248300	0.0555360563056
248400	0.0555344974814
248500	0.0555329466263
248600	0.0555352962631
248700	0.0555378921349
248800	0.0555392869433
248900	0.0555444779494
249000	0.0555463905821
249100	0.0555449541371
249200	0.0555464133226
249300	0.0555398693738
249400	0.0555385905429
249500	0.0555454665444
249600	0.0555472212646
249700	0.0555458399034
249800	0.0555382969213
249900	0.0555337109495
250000	0.0555371073376
250100	0.0555348672787
250200	0.0555340366679
250300	0.0555323236665
250400	0.0555314814109
250500	0.0555277636914
250600	0.0555269819415
250700	0.0555278502939
250800	0.0555279006037
250900	0.0555264447975
251000	0.0555302406884
251100	0.0555307426939
251200	0.0555345607454
251300	0.0555340722949
251400	0.0555334569671
251500	0.0555339285809
251600	0.05553435795
251700	0.0555327073172
251800	0.0555320261261
251900	0.0555332201134
252000	0.0555328685673
252100	0.0555288683699
252200	0.0555351166378
252300	0.0555330801048
252400	0.055532768743
252500	0.0555370926239
252600	0.0555346795107
252700	0.0555396916726
252800	0.0555362940734
252900	0.055534109364
253000	0.055534272246
253100	0.0555328063819
253200	0.0555346039278
253300	0.0555318323368
253400	0.0555330414277
253500	0.0555296623231
253600	0.0555313095602
253700	0.0555340723608
253800	0.055536578268
253900	0.0555389727713
254000	0.0555427655137
254100	0.0555410674629
254200	0.0555404330607
254300	0.0555387667666
254400	0.0555368872035
254500	0.0555402686446
254600	0.055538868944
254700	0.055538635859
254800	0.0555376800159
254900	0.0555378366037
255000	0.0555381901381
255100	0.0555377108919
255200	0.0555357985813
255300	0.0555391339548
255400	0.055538272403
255500	0.0555341749436
255600	0.0555332062785
255700	0.0555355225217
255800	0.055535985575
255900	0.0555377922417
256000	0.0555370119916
256100	0.0555365034507
256200	0.0555340261035
256300	0.0555377047296
256400	0.0555356228806
256500	0.0555391207872
256600	0.0555428539975
256700	0.0555427876147
256800	0.0555374671549
256900	0.0555412766463
257000	0.0555382450297
257100	0.0555360643624
257200	0.0555336113575
257300	0.0555327670124
257400	0.055530741812
257500	0.0555328280226
257600	0.0555350086659
257700	0.0555321728134
257800	0.0555365078646
257900	0.0555332813853
258000	0.0555285714174
258100	0.0555250285962
258200	0.0555281849874
258300	0.0555290338205
258400	0.0555301230939
258500	0.0555287003854
258600	0.0555314649394
258700	0.0555253702176
258800	0.0555211238679
258900	0.0555191121969
259000	0.0555198272044
259100	0.0555194858387
259200	0.0555110658853
259300	0.0555120495569
259400	0.0555199825787
259500	0.0555215084623
259600	0.0555219787366
259700	0.055521959229
259800	0.0555205554651
259900	0.0555218342112
260000	0.0555197717002
260100	0.0555202688261
260200	0.0555215791437
260300	0.0555202596816
260400	0.0555180229767
260500	0.0555151983914
260600	0.0555172324179
260700	0.0555153835912
260800	0.0555121746974
260900	0.0555145662847
261000	0.0555152002529
261100	0.055516866465
261200	0.0555172895328
261300	0.0555229691696
261400	0.0555228810676
261500	0.0555211312088
261600	0.0555208986681
261700	0.0555216304239
261800	0.0555214848327
261900	0.0555246557759
262000	0.0555232809276
262100	0.0555227724377
262200	0.0555197261259
262300	0.0555186795056
262400	0.0555177358878
262500	0.0555190452836
262600	0.0555179613888
262700	0.0555155109747
262800	0.0555140510954
262900	0.0555104802203
263000	0.0555094736911
263100	0.0555082295571
263200	0.0555069638729
263300	0.055506733796
263400	0.0555082707096
263500	0.0555087838936
263600	0.0555085677724
263700	0.0555045443727
263800	0.0555083740764
263900	0.0555068271329
264000	0.0555092651553
264100	0.0555110482356
264200	0.0555127946603
264300	0.0555145785141
264400	0.0555185625373
264500	0.0555207174405
264600	0.0555216404725
264700	0.0555216159237
264800	0.0555202541226
264900	0.0555170613264
265000	0.0555123998376
265100	0.0555121895001
265200	0.0555150475805
265300	0.0555142256764
265400	0.0555179604202
265500	0.0555149523484
265600	0.0555211313029
265700	0.0555235418408
265800	0.05552009861
265900	0.0555208156869
266000	0.0555218682082
266100	0.0555255831807
266200	0.0555306093444
266300	0.0555337424157
266400	0.0555300462761
266500	0.0555272859924
266600	0.0555287681899
266700	0.0555277481313
266800	0.0555270241733
266900	0.0555258497939
267000	0.0555211746431
267100	0.0555213687121
267200	0.0555213753324
267300	0.0555255610855
267400	0.0555233640504
267500	0.0555235014547
267600	0.055519776387
267700	0.055521045348
267800	0.0555231211275
267900	0.0555238764829
268000	0.0555259237186
268100	0.055523796235
268200	0.0555234793519
268300	0.0555237211695
268400	0.0555201614735
268500	0.0555208553518
268600	0.0555216247479
268700	0.0555224612194
268800	0.0555218721534
268900	0.0555205164776
269000	0.0555201186122
269100	0.0555193382889
269200	0.0555200338841
269300	0.055515516013
269400	0.0555129727896
269500	0.05551213255
269600	0.0555150286244
269700	0.0555148181694
269800	0.0555139565058
269900	0.055514000263
270000	0.0555132056385
270100	0.0555115445887
270200	0.0555119296596
270300	0.0555078179665
270400	0.0555066278181
270500	0.0555113737158
270600	0.0555104699541
270700	0.0555136318583
270800	0.0555176698608
270900	0.0555201515795
271000	0.0555216224683
271100	0.055520146014
271200	0.0555176091271
271300	0.0555174989317
271400	0.0555154422946
271500	0.0555121351329
271600	0.0555124526428
271700	0.0555166971817
271800	0.0555171324908
271900	0.055517471674
272000	0.0555160888672
272100	0.0555171170797
272200	0.0555173152736
272300	0.0555189720327
272400	0.0555205452968
272500	0.0555214815793
272600	0.0555186331036
272700	0.0555185639083
272800	0.0555178157173
272900	0.0555180204271
273000	0.0555180699645
273100	0.0555150331651
273200	0.0555154316025
273300	0.0555156030747
273400	0.0555151705276
273500	0.0555128082836
273600	0.0555073429044
273700	0.0555089433084
273800	0.0555055312468
273900	0.0555083924145
274000	0.0555064865146
274100	0.0555027615507
274200	0.0554997112289
274300	0.055502125139
274400	0.0555006351003
274500	0.055501888965
274600	0.0555067806546
274700	0.0555047114216
274800	0.0555042000165
274900	0.0555082416417
275000	0.0555079888548
275100	0.0555085081
275200	0.0555082389166
275300	0.0555081673124
275400	0.0555108462688
275500	0.0555095556107
275600	0.0555066987678
275700	0.0555076143609
275800	0.0555081836195
275900	0.0555049985523
276000	0.0555020445127
276100	0.055502512541
276200	0.055504310578
276300	0.0555013662034
276400	0.0554967159657
276500	0.0554991039879
276600	0.0554964933751
276700	0.0554936908835
276800	0.0554917748142
276900	0.0554933169347
277000	0.0554906458681
277100	0.0554912570765
277200	0.0554944912331
277300	0.0554929219041
277400	0.0554946850249
277500	0.0554938946603
277600	0.0554936237263
277700	0.0554922596081
277800	0.0554936138946
277900	0.0554945840745
278000	0.0554948216174
278100	0.0554965594985
278200	0.0554978723678
278300	0.055498585775
278400	0.055497487923
278500	0.0554999105798
278600	0.0554995877866
278700	0.0554992326268
278800	0.055496570556
278900	0.0554960141237
279000	0.0554997442926
279100	0.0554985053072
279200	0.0554979907428
279300	0.0555043473949
279400	0.055501256737
279500	0.0555014186837
279600	0.0555035357016
279700	0.0554993723779
279800	0.0554962658546
279900	0.0554981641425
280000	0.0554956524144
280100	0.0554959354179
280200	0.0554971318438
280300	0.0554972371169
280400	0.0554972937233
280500	0.0554972778403
280600	0.055499504517
280700	0.0554944142139
280800	0.0554917375086
280900	0.0554913795366
281000	0.0554906194674
281100	0.0554929594987
281200	0.0554924034518
281300	0.0554919703014
281400	0.0554895155518
281500	0.0554893012687
281600	0.055488633704
281700	0.0554873824748
281800	0.0554871519932
281900	0.0554869266896
282000	0.0554869207752
282100	0.0554922666687
282200	0.0554912039895
282300	0.0554908755398
282400	0.0554920980563
282500	0.0554885080889
282600	0.0554888002909
282700	0.0554904282574
282800	0.055491840703
282900	0.0554927838728
283000	0.0554939977327
283100	0.0554925777487
283200	0.0554915368246
283300	0.0554881226915
283400	0.0554919359716
283500	0.055492278989
283600	0.0554913185967
283700	0.0554929328435
283800	0.0554899235008
283900	0.0554916617481
284000	0.0554900440718
284100	0.0554948459624
284200	0.0554915777126
284300	0.0554921038834
284400	0.0554948409198
284500	0.0554971707787
284600	0.0554932839436
284700	0.0554919785426
284800	0.0554922256366
284900	0.055494281136
285000	0.0554954246294
285100	0.0554928126241
285200	0.055491357536
285300	0.0554923335651
285400	0.055498491105
285500	0.0554996971472
285600	0.0554966801833
285700	0.0554931904087
285800	0.0554888049845
285900	0.0554932424964
286000	0.055494471471
286100	0.055498506645
286200	0.0555030134536
286300	0.0555077236714
286400	0.0555029297252
286500	0.0555017012782
286600	0.0555005758816
286700	0.0555006987575
286800	0.0554970603291
286900	0.0554993306977
287000	0.0554992856726
287100	0.0554982059661
287200	0.0554955244051
287300	0.055494512147
287400	0.0554942113494
287500	0.0554923031699
287600	0.0554933409186
287700	0.0554950021116
287800	0.0554955635283
287900	0.0554960373977
288000	0.0554955137524
288100	0.0554904293728
288200	0.0554904242666
288300	0.0554915624336
288400	0.0554901101274
288500	0.0554905242149
288600	0.0554983860572
288700	0.0554951366018
288800	0.0554977497498
288900	0.0554957573192
289000	0.0554961893264
289100	0.0554961074863
289200	0.055499227218
289300	0.0555006824295
289400	0.0555012848164
289500	0.0554995780815
289600	0.0555023888057
289700	0.0555001443851
289800	0.0554977296678
289900	0.0554991640767
290000	0.0554966386621
290100	0.0554933108089
290200	0.0554924958186
290300	0.0554925569495
290400	0.0554952973208
290500	0.0554921288338
290600	0.0554918726211
290700	0.0554918719172
290800	0.0554940753751
290900	0.0554913913786
291000	0.0554904050089
291100	0.0554861211082
291200	0.0554849593952
291300	0.0554850302826
291400	0.0554839598727
291500	0.0554820594473
291600	0.0554828429403
291700	0.055480488349
291800	0.0554820032345
291900	0.0554800944679
292000	0.0554800604436
292100	0.0554785248758
292200	0.0554806815927
292300	0.0554802168302
292400	0.0554782518855
292500	0.0554775821779
292600	0.0554785932253
292700	0.0554783903523
292800	0.0554766082233
292900	0.0554755336314
293000	0.0554752587425
293100	0.0554804799559
293200	0.0554805297711
293300	0.0554780842408
293400	0.0554764684762
293500	0.0554789291182
293600	0.0554788743708
293700	0.0554788247758
293800	0.0554764730444
293900	0.0554708913466
294000	0.0554710649944
294100	0.055473523701
294200	0.055472398356
294300	0.0554749688266
294400	0.055474033411
294500	0.0554754237218
294600	0.0554771355785
294700	0.0554774313344
294800	0.0554760667542
294900	0.0554746357322
295000	0.0554719598321
295100	0.0554731557556
295200	0.055477749845
295300	0.0554759046045
295400	0.0554754089443
295500	0.0554766900468
295600	0.0554766659564
295700	0.0554775965215
295800	0.0554757049192
295900	0.0554736499325
296000	0.0554767056289
296100	0.0554744149186
296200	0.0554743310045
296300	0.0554723830425
296400	0.0554743891523
296500	0.0554769927466
296600	0.055480705559
296700	0.0554797312081
296800	0.0554765195625
296900	0.0554772225398
297000	0.0554809851619
297100	0.0554846441258
297200	0.0554825883163
297300	0.0554809657409
297400	0.0554797738038
297500	0.0554771971773
297600	0.0554759257931
297700	0.0554749970414
297800	0.0554786216387
297900	0.0554764171789
298000	0.0554783915929
298100	0.0554760096035
298200	0.0554777782893
298300	0.055480031727
298400	0.0554817137885
298500	0.0554815866636
298600	0.055481506449
298700	0.0554780051797
298800	0.0554825378257
298900	0.055485208194
299000	0.0554873035865
299100	0.0554905489079
299200	0.0554922806429
299300	0.0554917827347
299400	0.055489310342
299500	0.0554901017148
299600	0.0554928320675
299700	0.0554935654984
299800	0.0554915961832
299900	0.0554896170612
300000	0.0554868513323
300100	0.0554854490164
300200	0.05548476023
300300	0.0554848365305
300400	0.0554891218408
300500	0.0554882433361
300600	0.0554897340216
300700	0.0554900167229
300800	0.0554886372646
300900	0.0554866049388
301000	0.0554844736357
301100	0.0554843172259
301200	0.0554858771571
301300	0.0554838109037
301400	0.0554823858606
301500	0.0554823110474
301600	0.0554818769487
301700	0.0554807563749
301800	0.0554816192633
301900	0.0554820123064
302000	0.0554825599624
302100	0.0554832219048
302200	0.0554842171724
302300	0.0554861244501
302400	0.0554864651594
302500	0.0554862734708
302600	0.0554844342661
302700	0.0554849917506
302800	0.0554841342744
302900	0.0554844216102
303000	0.0554845999603
303100	0.0554864543033
303200	0.0554868689193
303300	0.055486963412
303400	0.0554867148494
303500	0.0554842392548
303600	0.0554859821307
303700	0.0554829919309
303800	0.0554836173469
303900	0.0554848540012
304000	0.0554833971247
304100	0.0554837097408
304200	0.0554831899965
304300	0.0554848122194
304400	0.055481968996
304500	0.0554855406799
304600	0.0554880040507
304700	0.0554878823627
304800	0.0554894269541
304900	0.0554929894502
305000	0.055492817642
305100	0.0554912317418
305200	0.0554890476881
305300	0.0554867145165
305400	0.0554860502056
305500	0.0554897997558
305600	0.0554906498673
305700	0.0554897195618
305800	0.0554914633005
305900	0.0554922909047
306000	0.0554886504494
306100	0.0554830925056
306200	0.0554823303661
306300	0.0554811215649
306400	0.0554805360079
306500	0.0554827099259
306600	0.0554846279974
306700	0.0554843459026
306800	0.0554801647852
306900	0.0554789610379
307000	0.055479469269
307100	0.0554802835548
307200	0.0554771010312
307300	0.0554804939072
307400	0.0554791959098
307500	0.0554749370619
307600	0.0554748423321
307700	0.0554738217257
307800	0.0554762793286
307900	0.0554756565608
308000	0.0554753518435
308100	0.0554752521743
308200	0.055474868909
308300	0.0554786165561
308400	0.0554810082681
308500	0.0554807067915
308600	0.0554810952998
308700	0.0554799104799
308800	0.055478646643
308900	0.0554782254877
309000	0.0554779495634
309100	0.0554761294913
309200	0.0554789969854
309300	0.0554803829967
309400	0.0554818967116
309500	0.0554848142007
309600	0.0554835871035
309700	0.0554887011502
309800	0.0554834172577
309900	0.055482158755
310000	0.0554839494176
310100	0.0554836895751
310200	0.0554867430576
310300	0.0554867456966
310400	0.0554877283933
310500	0.0554857448029
310600	0.0554838242346
310700	0.0554824082513
310800	0.0554816257499
310900	0.0554802580312
311000	0.0554793277794
311100	0.0554771177709
311200	0.0554762713461
311300	0.0554749833973
311400	0.0554761499618
311500	0.0554742983585
311600	0.0554718731789
311700	0.0554714000955
311800	0.0554705633012
311900	0.0554694771625
312000	0.0554729119094
312100	0.0554717346751
312200	0.0554717287297
312300	0.0554681194459
312400	0.0554692537593
312500	0.0554666934842
312600	0.0554628923637
312700	0.0554613058008
312800	0.055463137188
312900	0.0554624771527
313000	0.055460344424
313100	0.0554581114723
313200	0.0554589469293
313300	0.055462336104
313400	0.0554627551857
313500	0.0554616857957
313600	0.0554641917942
313700	0.0554682698384
313800	0.055467002269
313900	0.0554694795187
314000	0.0554706440331
314100	0.0554683595844
314200	0.0554683437231
314300	0.0554704170802
314400	0.0554710147801
314500	0.055471607079
314600	0.0554723824549
314700	0.0554692976272
314800	0.0554709939533
314900	0.0554688279841
315000	0.0554669696114
315100	0.0554676971046
315200	0.0554716627973
315300	0.0554716884198
315400	0.0554716122387
315500	0.0554712611928
315600	0.0554767409627
315700	0.0554789178033
315800	0.0554826041356
315900	0.0554825646378
316000	0.0554845866847
316100	0.0554874361687
316200	0.0554904180687
316300	0.0554910805065
316400	0.0554932506851
316500	0.0554928428407
316600	0.0554943700182
316700	0.055493983944
316800	0.055491217466
316900	0.0554927236178
317000	0.0554928001897
317100	0.0554923816056
317200	0.0554936178553
317300	0.0554924289246
317400	0.0554920992056
317500	0.0554926881521
317600	0.0554904699795
317700	0.0554928963325
317800	0.0554973176514
317900	0.0554973906477
318000	0.0554943468443
318100	0.0554951578241
318200	0.0554942229763
318300	0.0554960835201
318400	0.0554990069923
318500	0.0554975685738
318600	0.0555018503634
318700	0.0555004598241
318800	0.0554998250423
318900	0.0554991973665
319000	0.0554956090143
319100	0.0554970025037
319200	0.0554977134684
319300	0.0554958041634
319400	0.0554945145852
319500	0.0554936144074
319600	0.0554962385065
319700	0.0554985543021
319800	0.0554962082331
319900	0.0554983402129
320000	0.0554947949619
320100	0.0554936723085
320200	0.0554921364093
320300	0.0554904077902
320400	0.055488924699
320500	0.0554858510591
320600	0.0554840274942
320700	0.0554843523392
320800	0.0554889350983
320900	0.0554890624468
321000	0.0554890445496
321100	0.0554856226054
321200	0.0554875485466
321300	0.0554880073976
321400	0.0554890653611
321500	0.0554868509276
321600	0.0554917150691
321700	0.055490782511
321800	0.0554902627172
321900	0.0554918324552
322000	0.055493535845
322100	0.0554934440846
322200	0.0554940975715
322300	0.0554912204243
322400	0.055490546557
322500	0.0554899293597
322600	0.0554895210733
322700	0.0554895149099
322800	0.0554905954035
322900	0.055491516835
323000	0.0554937733333
323100	0.0554945028959
323200	0.0554967338749
323300	0.0554962818142
323400	0.0554961262627
323500	0.0554948814996
323600	0.0554956106417
323700	0.0554978022199
323800	0.0554981755392
323900	0.0554957775658
324000	0.0554956531509
324100	0.0554929030437
324200	0.0554901885422
324300	0.0554921196134
324400	0.0554892018325
324500	0.055492759116
324600	0.0554940342183
324700	0.0554934404753
324800	0.0554914287944
324900	0.0554892711864
325000	0.0554913362254
325100	0.0554931170925
325200	0.0554906738755
325300	0.0554897455158
325400	0.0554869821598
325500	0.0554904190759
325600	0.0554931863023
325700	0.0554936995452
325800	0.055491379825
325900	0.0554925168912
326000	0.0554882442122
326100	0.0554859360091
326200	0.0554896154337
326300	0.0554880966882
326400	0.0554869643907
326500	0.0554863715332
326600	0.0554856484201
326700	0.0554826952432
326800	0.0554842108706
326900	0.0554842010973
327000	0.055485864028
327100	0.0554839569633
327200	0.0554851419707
327300	0.0554853931204
327400	0.0554876380095
327500	0.0554852495184
327600	0.0554831042215
327700	0.0554821617018
327800	0.0554829216491
327900	0.0554808791316
328000	0.0554796367719
328100	0.0554817446327
328200	0.0554833102921
328300	0.0554854153223
328400	0.05548589279
328500	0.0554848066954
328600	0.055484332361
328700	0.0554879326767
328800	0.0554865230038
328900	0.0554878924089
329000	0.0554868950106
329100	0.0554885578243
329200	0.0554864390333
329300	0.0554846790344
329400	0.0554849118624
329500	0.0554808417892
329600	0.0554793601323
329700	0.0554790058072
329800	0.0554801089424
329900	0.0554784187191
330000	0.0554786273703
330100	0.055477822116
330200	0.0554792791801
330300	0.0554772374284
330400	0.0554787237581
330500	0.0554791867142
330600	0.0554769381685
330700	0.0554760685703
330800	0.0554742762953
330900	0.055473504776
331000	0.0554745915838
331100	0.0554755262304
331200	0.0554747295312
331300	0.0554718766784
331400	0.0554719452054
331500	0.055472013061
331600	0.0554720250993
331700	0.0554745000807
331800	0.0554719160003
331900	0.0554733021707
332000	0.0554762848837
332100	0.0554757696999
332200	0.0554776139504
332300	0.0554802117514
332400	0.0554777294897
332500	0.0554775858286
332600	0.0554795047566
332700	0.0554802393606
332800	0.0554811257831
332900	0.0554847040656
333000	0.0554863317815
333100	0.055486282565
333200	0.0554847681574
333300	0.0554833629488
333400	0.0554822949939
333500	0.0554814856208
333600	0.0554865623472
333700	0.0554865846713
333800	0.0554870007529
333900	0.0554846173128
334000	0.0554826938805
334100	0.0554828407396
334200	0.0554822671087
334300	0.0554809800831
334400	0.0554802342016
334500	0.0554813752188
334600	0.0554787666452
334700	0.0554792285312
334800	0.0554808959601
334900	0.0554801776972
335000	0.055483231666
335100	0.0554841098766
335200	0.0554864476419
335300	0.0554855617541
335400	0.0554867608125
335500	0.05548804187
335600	0.0554866336429
335700	0.0554848286847
335800	0.0554837309421
335900	0.0554827332515
336000	0.0554827045696
336100	0.0554831478245
336200	0.0554838150427
336300	0.0554866130837
336400	0.0554933994048
336500	0.0554919918963
336600	0.0554927386365
336700	0.0554943773654
336800	0.0554942787602
336900	0.0554939692628
337000	0.0554940618069
337100	0.0554955811431
337200	0.0554978147106
337300	0.0554986943324
337400	0.0555031718856
337500	0.0555053654551
337600	0.0555070678442
337700	0.0555089977991
337800	0.0555113248774
337900	0.0555112544966
338000	0.0555115603119
338100	0.0555107098714
338200	0.055512523997
338300	0.0555142184672
338400	0.0555148510796
338500	0.0555151544223
338600	0.0555157997955
338700	0.0555138315388
338800	0.055517425202
338900	0.055519722129
339000	0.0555196279491
339100	0.055521932719
339200	0.0555233391218
339300	0.0555238004057
339400	0.0555231735026
339500	0.0555237774913
339600	0.0555255408947
339700	0.055528048172
339800	0.0555270123135
339900	0.0555264323733
340000	0.0555281761082
340100	0.055529925857
340200	0.0555331512227
340300	0.0555320793786
340400	0.0555320982426
340500	0.0555322881078
340600	0.0555314056374
340700	0.0555360000012
340800	0.0555406509775
340900	0.0555407140887
341000	0.0555451096319
341100	0.0555479918596
341200	0.0555473514534
341300	0.0555494846401
341400	0.0555498385047
341500	0.0555522104929
341600	0.0555546048019
341700	0.0555579410775
341800	0.0555559373357
341900	0.0555568272584
342000	0.0555558629907
342100	0.0555557195602
342200	0.055554881206
342300	0.0555539905042
342400	0.055556103715
342500	0.0555576511369
342600	0.0555607599765
342700	0.0555606386021
342800	0.055562502536
342900	0.0555616506964
343000	0.0555588047822
343100	0.055557969469
343200	0.0555556272531
343300	0.0555538097569
343400	0.0555530831776
343500	0.0555548570982
343600	0.0555535273487
343700	0.0555575693274
343800	0.0555572112193
343900	0.0555585706827
344000	0.0555599396824
344100	0.0555610357124
344200	0.0555612966825
344300	0.0555594909642
344400	0.0555599968837
344500	0.0555607933464
344600	0.0555601830014
344700	0.0555603268503
344800	0.0555596124774
344900	0.0555609806737
345000	0.0555642730246
345100	0.0555638976225
345200	0.0555641519045
345300	0.0555644573868
345400	0.0555662021883
345500	0.0555675461283
345600	0.0555676821729
345700	0.0555675394981
345800	0.0555672036436
345900	0.0555662698759
346000	0.0555640477372
346100	0.0555630926074
346200	0.0555625724773
346300	0.0555645147883
346400	0.0555653747602
346500	0.0555632766611
346600	0.0555645447017
346700	0.0555618912872
346800	0.0555601799947
346900	0.0555611053865
347000	0.0555599420309
347100	0.0555646451391
347200	0.0555637095288
347300	0.0555618323014
347400	0.0555601280467
347500	0.0555602148328
347600	0.0555603377783
347700	0.0555613713431
347800	0.0555593251237
347900	0.0555603037402
348000	0.055559037185
348100	0.0555595028136
348200	0.0555580535628
348300	0.0555569114544
348400	0.0555580286792
348500	0.0555585916963
348600	0.0555567514736
348700	0.0555518719906
348800	0.0555525434286
348900	0.0555556087044
349000	0.0555562588522
349100	0.0555565992675
349200	0.0555553479002
349300	0.0555584461963
349400	0.0555590414252
349500	0.0555596325193
349600	0.0555597260882
349700	0.0555584314293
349800	0.0555554742722
349900	0.0555547570196
