100	0.0790855812681
200	0.0816985149588
300	0.0815873757263
400	0.0849410761575
500	0.0837228221685
600	0.0845629927299
700	0.0846420037726
800	0.0846562622545
900	0.0836026586995
1000	0.0844886612027
1100	0.0833009439122
1200	0.0832023303211
1300	0.0836481704065
1400	0.0843278779237
1500	0.0837357464832
1600	0.0836091638164
1700	0.0841222472848
1800	0.0842588467433
1900	0.0844724537282
2000	0.0838532098748
2100	0.0842163568716
2200	0.084442325279
2300	0.083930036431
2400	0.0842691425604
2500	0.0843291081628
2600	0.0832870421273
2700	0.0829961212996
2800	0.0833660756789
2900	0.0829697086398
3000	0.0831853158713
3100	0.0827968292164
3200	0.082492796704
3300	0.0824572110419
3400	0.0822434543708
3500	0.0820380204196
3600	0.0821193616636
3700	0.0820518636044
3800	0.0821447756887
3900	0.0817379081506
4000	0.0818903830621
4100	0.0819536367884
4200	0.0820269916903
4300	0.0823963740447
4400	0.0826310788403
4500	0.0825130548693
4600	0.0826132005081
4700	0.0825851812212
4800	0.0823481718065
4900	0.0822918183019
5000	0.0821976276327
5100	0.082241188927
5200	0.082335956978
5300	0.0823295915098
5400	0.0824647729221
5500	0.0825287214132
5600	0.0827246903413
5700	0.0828194294332
5800	0.082534240615
5900	0.0828071209814
6000	0.0825921071776
6100	0.0828245835763
6200	0.0828746451992
6300	0.0827976376816
6400	0.0827488832857
6500	0.0827506856001
6600	0.0827146982869
6700	0.0826032630012
6800	0.0825645216298
6900	0.0825178879871
7000	0.0825825592276
7100	0.0826359401145
7200	0.0824520504314
7300	0.0826510881428
7400	0.0828257935529
7500	0.0827735487251
7600	0.0827395190014
7700	0.0829470861928
7800	0.0829636853071
7900	0.0829041971635
8000	0.082809575084
8100	0.0829477779427
8200	0.0828909678246
8300	0.0829037791979
8400	0.0828817010918
8500	0.0829036953598
8600	0.0827329483335
8700	0.0827688808197
8800	0.0828857603429
8900	0.0828882377892
9000	0.0829829636636
9100	0.0830232340366
9200	0.0830897487434
9300	0.0830292925819
9400	0.0830890154704
9500	0.0830807017221
9600	0.0831349572989
9700	0.0831645265363
9800	0.0832413579322
9900	0.0833627399192
10000	0.0833477521449
10100	0.0832117357592
10200	0.0830941844454
10300	0.0831028206236
10400	0.083063531867
10500	0.0830108392504
10600	0.0829686439033
10700	0.0828165177158
10800	0.0828937208137
10900	0.0828833583938
11000	0.0828106559045
11100	0.0826580860616
11200	0.082730106299
11300	0.0827775515947
11400	0.0828783777704
11500	0.0829105581662
11600	0.0828630592525
11700	0.0828394232581
11800	0.0828453046319
11900	0.0828139187084
12000	0.0829350709074
12100	0.0829462970357
12200	0.0828708010394
12300	0.0828448133867
12400	0.0828708249546
12500	0.0828572439843
12600	0.082841157927
12700	0.0828047041432
12800	0.0828155287817
12900	0.082817999402
13000	0.0828342957454
13100	0.0828370757023
13200	0.0829024411966
13300	0.0828822137632
13400	0.082773958911
13500	0.082670322473
13600	0.0827143307256
13700	0.0825980543336
13800	0.0824973076038
13900	0.0825283838417
14000	0.0825951382087
14100	0.0826423179714
14200	0.0826055034585
14300	0.0826116585729
14400	0.0826275182918
14500	0.0827167160838
14600	0.0827307978748
14700	0.0827702595849
14800	0.0827297502397
14900	0.0826985321798
15000	0.0828369597418
15100	0.0828190650143
15200	0.0828073113962
15300	0.0828071525984
15400	0.0828443050511
15500	0.082852335274
15600	0.0828161363056
15700	0.0827860570052
15800	0.0828257909675
15900	0.0828814378861
16000	0.0828590290734
16100	0.0828701627172
16200	0.0828388958173
16300	0.0828981148607
16400	0.0829523044762
16500	0.0829681417653
16600	0.0829268076783
16700	0.0828807508805
16800	0.0829389693781
16900	0.0829234024999
17000	0.0829526016752
17100	0.0829689484761
17200	0.0829131481736
17300	0.0829492992686
17400	0.0830017449017
17500	0.0829854006797
17600	0.0830504584752
17700	0.0830095082966
17800	0.0829492720587
17900	0.0829972429355
18000	0.0830059779471
18100	0.0829977554076
18200	0.0830166626274
18300	0.0830637521899
18400	0.0830291555227
18500	0.082974762131
18600	0.0829353654671
18700	0.0829298840256
18800	0.0829905708623
18900	0.082978564516
19000	0.0829337039213
19100	0.0828826702946
19200	0.0828519669773
19300	0.0828517116051
19400	0.0828410765441
19500	0.0827995426861
19600	0.0827555554913
19700	0.082752664988
19800	0.0827037296785
19900	0.082736061888
20000	0.0827691888785
20100	0.0827344664248
20200	0.0827655271977
20300	0.0827784216005
20400	0.0827656239973
20500	0.0827539123412
20600	0.0828192865827
20700	0.082749180308
20800	0.0828168929001
20900	0.082821339027
21000	0.0828509101418
21100	0.0827979147659
21200	0.0828107386516
21300	0.0828483519437
21400	0.0828225487424
21500	0.0828066480571
21600	0.0828337205859
21700	0.0827927152217
21800	0.0828170669144
21900	0.0828149068195
22000	0.0828346379191
22100	0.082883301352
22200	0.0828466013695
22300	0.0828195955737
22400	0.0827967980075
22500	0.0828414529968
22600	0.0828020331758
22700	0.082813435898
22800	0.0828606579409
22900	0.0828797578885
23000	0.0829107605057
23100	0.0829549482245
23200	0.0830125391972
23300	0.0830220851405
23400	0.0830528558399
23500	0.0830961393335
23600	0.0830793083106
23700	0.0830775630148
23800	0.0830451516173
23900	0.0830558616929
24000	0.0830388557535
24100	0.0830346706978
24200	0.0830102980445
24300	0.0829780464759
24400	0.0829643065807
24500	0.0829562425423
24600	0.0830075098791
24700	0.0829684814033
24800	0.083001420439
24900	0.0829520187606
25000	0.0829594673998
25100	0.0829704915642
25200	0.0829989111554
25300	0.0829364628326
25400	0.082933939495
25500	0.0829705434624
25600	0.0829444815078
25700	0.0828790892967
25800	0.0828296589717
25900	0.0828725847571
26000	0.0828648530679
26100	0.0828354032922
26200	0.082914530151
26300	0.0829031806361
26400	0.0829130832277
26500	0.0828688690748
26600	0.0828585312259
26700	0.0828259332608
26800	0.0827994232925
26900	0.0827607404993
27000	0.0827785557995
27100	0.0827630671929
27200	0.0827721407995
27300	0.0827493953712
27400	0.0827733222427
27500	0.0827839955399
27600	0.0827839849287
27700	0.0828140313974
27800	0.0828395247013
27900	0.0828348427972
28000	0.0828994197105
28100	0.0829041977939
28200	0.0829039455945
28300	0.0829448393812
28400	0.0829502140084
28500	0.0829435988706
28600	0.0829097524585
28700	0.0829061922901
28800	0.0829485753497
28900	0.0829456716884
29000	0.0829635371355
29100	0.082976944533
29200	0.082950787706
29300	0.0829339325465
29400	0.082877386858
29500	0.0828155643485
29600	0.0828033703546
29700	0.08280030984
29800	0.0828276259363
29900	0.0828643443235
30000	0.0828470441969
30100	0.0828423649646
30200	0.0828199414749
30300	0.082803349892
30400	0.0827651075599
30500	0.0827702710595
30600	0.0827553948077
30700	0.0827778825592
30800	0.0827934208652
30900	0.0827982793136
31000	0.0827870312145
31100	0.0828214307584
31200	0.082819693961
31300	0.0828321919581
31400	0.0828606392845
31500	0.0828126417544
31600	0.0828189060317
31700	0.082832603313
31800	0.08280666093
31900	0.0828168527023
32000	0.082804505121
32100	0.0827751103677
32200	0.0827500536062
32300	0.0827380161743
32400	0.0827406797044
32500	0.0826947890022
32600	0.0826604041632
32700	0.0826319722551
32800	0.0826470299836
32900	0.0826663070282
33000	0.0826556597152
33100	0.0826469689858
33200	0.0826667384583
33300	0.0826753152016
33400	0.0826755721386
33500	0.0826732280897
33600	0.0826684715067
33700	0.0826799616602
33800	0.082701413724
33900	0.0826755328169
34000	0.0826896622095
34100	0.0827111917398
34200	0.0826834837111
34300	0.0826759393288
34400	0.0826488897688
34500	0.0826681306855
34600	0.0826513216622
34700	0.0826350209436
34800	0.0826377935747
34900	0.0826474637863
35000	0.0827091516965
35100	0.0827325292888
35200	0.0827537917832
35300	0.0827406636622
35400	0.0827017750918
35500	0.082681149282
35600	0.0827022958945
35700	0.0826919444526
35800	0.0826974145319
35900	0.0827246931444
36000	0.082713963598
36100	0.0826973195977
36200	0.0826609051967
36300	0.0826812313825
36400	0.0826741542657
36500	0.0826733672035
36600	0.082690546547
36700	0.0827207701491
36800	0.0827400597636
36900	0.0827258327616
37000	0.0827468392596
37100	0.082754500075
37200	0.0827460544654
37300	0.0827540062663
37400	0.0827588946971
37500	0.0827586426612
37600	0.0827659916187
37700	0.0827568121109
37800	0.0827646650566
37900	0.0827313158133
38000	0.082761468299
38100	0.0827530462047
38200	0.0827459856653
38300	0.0827447933081
38400	0.0827360535249
38500	0.0827282728696
38600	0.0827571256198
38700	0.0827808834731
38800	0.0827767938282
38900	0.0827872496456
39000	0.082790558563
39100	0.0827450312049
39200	0.0827493571647
39300	0.0827265885757
39400	0.0827402081502
39500	0.0827609626113
39600	0.0827598627071
39700	0.0828035840657
39800	0.0828430117333
39900	0.0828460989104
40000	0.0828563508416
40100	0.082890785542
40200	0.0828900006
40300	0.0828950427565
40400	0.0828901968731
40500	0.0828972625309
40600	0.0829074658733
40700	0.0828812754863
40800	0.0828683643837
40900	0.0828724329357
41000	0.0828625971583
41100	0.0828699874027
41200	0.0828700630437
41300	0.0828916609816
41400	0.0828909317714
41500	0.082898774259
41600	0.0828897381775
41700	0.0828997657852
41800	0.0828976250628
41900	0.0828686799447
42000	0.0828756280661
42100	0.0828585945261
42200	0.0828497718323
42300	0.0828763694508
42400	0.0828456355022
42500	0.0828446337022
42600	0.0828423181988
42700	0.0828262290648
42800	0.0828200431035
42900	0.0828267427766
43000	0.0828311428019
43100	0.0828267400989
43200	0.0828222475514
43300	0.0828405430808
43400	0.0828607910095
43500	0.0828711892623
43600	0.082882990932
43700	0.0828903516775
43800	0.0828950873409
43900	0.0828923304568
44000	0.0828925386534
44100	0.0828815444711
44200	0.0828874221904
44300	0.0828777692897
44400	0.0828848662715
44500	0.0829010383012
44600	0.082911299098
44700	0.0828856986405
44800	0.082892708868
44900	0.0829048881939
45000	0.0829300467882
45100	0.0829430377155
45200	0.0829369279561
45300	0.0829441448541
45400	0.0829483982438
45500	0.0829462776483
45600	0.0829263174733
45700	0.0829190799934
45800	0.0829110146749
45900	0.0828937616299
46000	0.0828677675447
46100	0.082871729485
46200	0.0828669530736
46300	0.0828601917683
46400	0.0828853360956
46500	0.0829191462853
46600	0.0829065359141
46700	0.0829091448813
46800	0.0828954044409
46900	0.0829233913553
47000	0.0829258060389
47100	0.0829309899016
47200	0.0829383664437
47300	0.0829084482937
47400	0.0829292246186
47500	0.0829604830077
47600	0.0829530414361
47700	0.0829327306511
47800	0.0829422711413
47900	0.082932551091
48000	0.0829555843058
48100	0.08296553845
48200	0.0829749242637
48300	0.0829675474596
48400	0.0829682258489
48500	0.0829491527877
48600	0.0829481771638
48700	0.0829632404307
48800	0.0829717494705
48900	0.0829733177515
49000	0.0829639920453
49100	0.0829925162355
49200	0.083000142484
49300	0.0830032297196
49400	0.0830153408702
49500	0.0830201370142
49600	0.0830518836476
49700	0.0830706870497
49800	0.0830617084609
49900	0.0830640640363
50000	0.0830478765453
50100	0.0830423665351
50200	0.0830106238473
50300	0.083023893088
50400	0.0830185063294
50500	0.0830187857642
50600	0.0829979967477
50700	0.0830073855711
50800	0.082990659822
50900	0.0829687714375
51000	0.0829944099982
51100	0.0829908118554
51200	0.0829813344368
51300	0.0829644166101
51400	0.0829552042355
51500	0.0829492648814
51600	0.0829793403035
51700	0.0830127887368
51800	0.083021947875
51900	0.083009284908
52000	0.0830030350709
52100	0.0829998261034
52200	0.0830103427156
52300	0.0829974234501
52400	0.0830149904948
52500	0.0830226037333
52600	0.0830419700509
52700	0.0830553257609
52800	0.0830521911461
52900	0.0830395865972
53000	0.0830248594039
53100	0.083027532236
53200	0.0830270416518
53300	0.0830157895747
53400	0.0830036282437
53500	0.083007606521
53600	0.083018052961
53700	0.0830250169714
53800	0.0830146788012
53900	0.0830330669997
54000	0.0830418485995
54100	0.0830271811452
54200	0.0830404381844
54300	0.0830356652566
54400	0.0830306781681
54500	0.0830265392016
54600	0.0830261746888
54700	0.0830241286406
54800	0.0830037066245
54900	0.0830264369521
55000	0.0830390335736
55100	0.0830370489494
55200	0.0830428459004
55300	0.0830591262051
55400	0.0830547697696
55500	0.083056792097
55600	0.083053748927
55700	0.0830474913105
55800	0.083036063781
55900	0.0830292218172
56000	0.08303771343
56100	0.0830405556918
56200	0.0830393434476
56300	0.0830407072231
56400	0.0830320690939
56500	0.0830400882349
56600	0.0830350376799
56700	0.0830451648748
56800	0.0830655828059
56900	0.0830495468772
57000	0.0830678908315
57100	0.0830406017911
57200	0.0830654725915
57300	0.0830757635264
57400	0.083055453367
57500	0.0830588609169
57600	0.0830517153303
57700	0.0830632890475
57800	0.0830741570545
57900	0.0830907372681
58000	0.0830925770819
58100	0.0831168366426
58200	0.0831195323377
58300	0.0830965768895
58400	0.0830957088021
58500	0.0831139893786
58600	0.0831035618961
58700	0.0831163086425
58800	0.0830903316054
58900	0.0830854754386
59000	0.0831064696645
59100	0.0831081841909
59200	0.0831318800565
59300	0.083159797087
59400	0.0831702274743
59500	0.0831829266682
59600	0.0831712829093
59700	0.0831836110445
59800	0.083199483899
59900	0.0831887524263
60000	0.0831826248428
60100	0.0831869992422
60200	0.0831971177339
60300	0.0831778770227
60400	0.0831687620389
60500	0.0831761325628
60600	0.0831780386096
60700	0.0831897101194
60800	0.0831963155604
60900	0.0832140733994
61000	0.083219461359
61100	0.083247251908
61200	0.0832540664857
61300	0.0832485487533
61400	0.0832646591742
61500	0.0832648745893
61600	0.0832724409666
61700	0.0832782485024
61800	0.0832539367895
61900	0.0832502684103
62000	0.083246439185
62100	0.0832414594222
62200	0.0832527395985
62300	0.0832516536795
62400	0.0832585767049
62500	0.083268203875
62600	0.0832717747352
62700	0.0832559631195
62800	0.0832446780962
62900	0.0832481206809
63000	0.083260019661
63100	0.0832611952593
63200	0.083256786838
63300	0.0832532472587
63400	0.0832645749154
63500	0.0832649043057
63600	0.0832613633033
63700	0.0832562092797
63800	0.0832642326249
63900	0.0832500883128
64000	0.0832479508443
64100	0.0832383429723
64200	0.0832413975542
64300	0.0832477857632
64400	0.0832475693089
64500	0.0832553281593
64600	0.0832508535802
64700	0.0832549208299
64800	0.0832479664513
64900	0.0832666424626
65000	0.0832753387985
65100	0.083268863077
65200	0.0832796899891
65300	0.0832765943348
65400	0.0832708668025
65500	0.0832820359005
65600	0.0832822829376
65700	0.0832943640613
65800	0.0833044415709
65900	0.0833233769471
66000	0.0833505494942
66100	0.0833404261753
66200	0.083366391728
66300	0.0833606185677
66400	0.083359670945
66500	0.0833480558949
66600	0.0833728353694
66700	0.083349318007
66800	0.0833500646721
66900	0.0833615132485
67000	0.0833604052431
67100	0.0833541008675
67200	0.0833610468638
67300	0.0833787103495
67400	0.0833900211237
67500	0.0833870011979
67600	0.083405021943
67700	0.0833984690727
67800	0.0833868599014
67900	0.0834036012853
68000	0.0834206132743
68100	0.0834134257086
68200	0.0834218428539
68300	0.0834201972772
68400	0.0834336829649
68500	0.0834373525913
68600	0.083436571722
68700	0.0834355342084
68800	0.0834454153185
68900	0.0834392250904
69000	0.0834394995846
69100	0.0834287365888
69200	0.0834157206328
69300	0.0834169045485
69400	0.0834104022571
69500	0.0833906387757
69600	0.0833961596955
69700	0.0833945329981
69800	0.0833781906874
69900	0.0833918459603
70000	0.0833918039286
70100	0.0833846123392
70200	0.0833786712224
70300	0.0833797676227
70400	0.0833717247896
70500	0.0833859947685
70600	0.0833853647736
70700	0.0833929803768
70800	0.0833934305879
70900	0.0833951063725
71000	0.0833952717275
71100	0.0834104588724
71200	0.0834047674017
71300	0.0833999797796
71400	0.0834054180792
71500	0.0834100550515
71600	0.0834121006385
71700	0.083411893578
71800	0.0834102956572
71900	0.0834309425423
72000	0.0834201318136
72100	0.0834104926703
72200	0.0834051012269
72300	0.0833958244661
72400	0.0833942619239
72500	0.0834073185336
72600	0.0834261101797
72700	0.083426774693
72800	0.0834347433731
72900	0.0834317807754
73000	0.0834404453584
73100	0.0834467238844
73200	0.0834588679437
73300	0.0834798723655
73400	0.0834693771709
73500	0.0834616075278
73600	0.0834492699097
73700	0.0834646127191
73800	0.083470977596
73900	0.0834821410519
74000	0.0834938366757
74100	0.083495251506
74200	0.0834942278897
74300	0.083480335351
74400	0.0834858713921
74500	0.0834823710701
74600	0.0835049224816
74700	0.0834944050542
74800	0.0834996486886
74900	0.0835088877006
75000	0.0835086305317
75100	0.0834860382053
75200	0.083494343424
75300	0.0834969647249
75400	0.0834919404898
75500	0.0835125217104
75600	0.0835006445064
75700	0.083492602194
75800	0.083505342739
75900	0.0835027199194
76000	0.0834980509502
76100	0.0834753511511
76200	0.0834741992418
76300	0.0834803631033
76400	0.0834816530917
76500	0.0834906854953
76600	0.0834936415508
76700	0.0834999936632
76800	0.0835008230484
76900	0.0835006244326
77000	0.0834859522598
77100	0.0834650865064
77200	0.0834609217329
77300	0.0834760734809
77400	0.0834815989004
77500	0.0834967127407
77600	0.083493489621
77700	0.0835059545083
77800	0.0834968906272
77900	0.0834877867699
78000	0.0834769749981
78100	0.0834678440366
78200	0.0834671314382
78300	0.083478656224
78400	0.083480781744
78500	0.0834652595149
78600	0.0834557612911
78700	0.0834553258126
78800	0.0834563194938
78900	0.0834636161435
79000	0.0834630830547
79100	0.0834802739016
79200	0.0834768151744
79300	0.0834692009779
79400	0.0834723455276
79500	0.0834760357831
79600	0.0834681963393
79700	0.0834565458988
79800	0.0834555011987
79900	0.0834611271303
80000	0.0834624501749
80100	0.0834721390482
80200	0.083469457564
80300	0.0834578364224
80400	0.0834539238529
80500	0.0834409196549
80600	0.0834492904679
80700	0.083458737048
80800	0.083459038607
80900	0.0834555009534
81000	0.0834621817231
81100	0.0834720137525
81200	0.0834653504045
81300	0.083456364915
81400	0.0834582149596
81500	0.0834712425338
81600	0.0834656619882
81700	0.083452122214
81800	0.0834494425137
81900	0.0834475059184
82000	0.0834393609272
82100	0.0834387175209
82200	0.0834459827143
82300	0.0834476208532
82400	0.0834562835898
82500	0.08344074257
82600	0.0834488067105
82700	0.0834462500118
82800	0.0834497412962
82900	0.0834425481374
83000	0.0834418845809
83100	0.083433593561
83200	0.0834473172608
83300	0.0834494490354
83400	0.0834587045837
83500	0.0834710254721
83600	0.0834613413312
83700	0.0834529471357
83800	0.0834583235452
83900	0.0834506429898
84000	0.0834570536051
84100	0.0834546231638
84200	0.0834679326633
84300	0.0834584778274
84400	0.0834397095798
84500	0.0834439930961
84600	0.0834443755357
84700	0.0834357502408
84800	0.0834303385571
84900	0.083436176881
85000	0.0834242436519
85100	0.0834213751413
85200	0.0834413296992
85300	0.0834351844173
85400	0.0834195798402
85500	0.0834163936165
85600	0.0834098489157
85700	0.0834188771133
85800	0.0834195134676
85900	0.0834255872045
86000	0.0834231695748
86100	0.0834232395216
86200	0.0834268075657
86300	0.083425238476
86400	0.0834350390224
86500	0.0834222190568
86600	0.0834155155676
86700	0.0834097156701
86800	0.0833975981571
86900	0.0834028990286
87000	0.0833988876124
87100	0.0833962543357
87200	0.0833933740004
87300	0.0833971244737
87400	0.0833953295563
87500	0.0834014776728
87600	0.0834185332668
87700	0.0834079658327
87800	0.0834198653834
87900	0.0834219680374
88000	0.0834272326758
88100	0.0834299953062
88200	0.0834247939729
88300	0.0834231155379
88400	0.0834270985168
88500	0.0834269486659
88600	0.0834280161656
88700	0.0834302946314
88800	0.0834319881638
88900	0.0834327673402
89000	0.0834380176154
89100	0.0834380219218
89200	0.0834274579665
89300	0.0834388469578
89400	0.0834241186435
89500	0.0834271396725
89600	0.0834188356017
89700	0.0834129131618
89800	0.0834121850805
89900	0.0834103222874
90000	0.0834135679091
90100	0.0834015962575
90200	0.0834019287256
90300	0.0834024076434
90400	0.0833936051897
90500	0.0834061788945
90600	0.0834088765354
90700	0.0834183448993
90800	0.0834223767631
90900	0.0834228417447
91000	0.0834179790957
91100	0.0834245417131
91200	0.0834098058038
91300	0.0834024680586
91400	0.0833979174992
91500	0.0833905209667
91600	0.08340865733
91700	0.0834168048435
91800	0.0834086655804
91900	0.0834086851886
92000	0.0834207142246
92100	0.0834364180648
92200	0.08343442775
92300	0.0834399016625
92400	0.0834424108387
92500	0.0834500659814
92600	0.0834512720168
92700	0.0834323226739
92800	0.0834206755153
92900	0.0834139890856
93000	0.0834051269442
93100	0.083407065348
93200	0.0834049638478
93300	0.0833960126181
93400	0.0834104668946
93500	0.0833999265342
93600	0.0833933934963
93700	0.0834110819389
93800	0.0834205023216
93900	0.0834090893184
94000	0.0834071270921
94100	0.0833914890281
94200	0.0833900126201
94300	0.0833962756059
94400	0.0834116409456
94500	0.0834125950599
94600	0.0834180289188
94700	0.0834184219124
94800	0.0834244162156
94900	0.0834258330145
95000	0.0834339073263
95100	0.0834417217559
95200	0.0834336837687
95300	0.0834340733838
95400	0.083443296687
95500	0.0834445241365
95600	0.0834436371313
95700	0.0834504486262
95800	0.0834502551631
95900	0.0834609764388
96000	0.0834757677177
96100	0.0834701987941
96200	0.0834721678875
96300	0.0834755553744
96400	0.0834837151579
96500	0.0834749608425
96600	0.0834759411783
96700	0.0834737063206
96800	0.0834605007736
96900	0.0834440309081
97000	0.0834498120511
97100	0.0834544542139
97200	0.0834580895765
97300	0.0834568762214
97400	0.0834708863797
97500	0.0834701907171
97600	0.0834692951418
97700	0.0834802054626
97800	0.0834781817351
97900	0.0834713985852
98000	0.0834637484863
98100	0.0834742002674
98200	0.0834726713921
98300	0.0834832986082
98400	0.0834960614781
98500	0.0834932387023
98600	0.0834924423506
98700	0.0834973632834
98800	0.0834945913377
98900	0.0834955866008
99000	0.0834787284987
99100	0.0834701354501
99200	0.083468917975
99300	0.0834670146578
99400	0.0834697152284
99500	0.0834715412352
99600	0.0834633944153
99700	0.0834602578818
99800	0.0834644867254
99900	0.0834710218194
100000	0.083472961242
100100	0.0834715637213
100200	0.0834735357826
100300	0.0834755392099
100400	0.0834639150484
100500	0.0834688347422
100600	0.0834707497381
100700	0.0834652515997
100800	0.0834744908723
100900	0.0834758333688
101000	0.0834755107584
101100	0.0834669162888
101200	0.0834649483862
101300	0.0834772698902
101400	0.0834805099928
101500	0.0834765385697
101600	0.0834700098144
101700	0.0834636238212
101800	0.0834524372399
101900	0.083440954982
102000	0.0834471888092
102100	0.0834433117404
102200	0.0834454757367
102300	0.0834445052243
102400	0.0834402816523
102500	0.0834331400716
102600	0.0834260020173
102700	0.0834146591838
102800	0.0834132095164
102900	0.0834036080234
103000	0.0833980545656
103100	0.0834082475064
103200	0.0834075836208
103300	0.0833966429859
103400	0.0833877638249
103500	0.083388483902
103600	0.0833779416822
103700	0.0833843102087
103800	0.0833811756955
103900	0.0833722727954
104000	0.0833788866549
104100	0.0833728116166
104200	0.0833790544376
104300	0.0833911398893
104400	0.0833991731738
104500	0.083398651018
104600	0.0833955913441
104700	0.0833845556921
104800	0.0833924645091
104900	0.0833946032981
105000	0.0833995061751
105100	0.083418504629
105200	0.0834312103235
105300	0.0834344700434
105400	0.0834190092064
105500	0.0834175342027
105600	0.08340781843
105700	0.083406158256
105800	0.083401566496
105900	0.0834090678716
106000	0.0834055072468
106100	0.0833951852538
106200	0.0834047004556
106300	0.0834023023262
106400	0.0834095617437
106500	0.0834068191822
106600	0.0833983031657
106700	0.0834057309118
106800	0.0834164503699
106900	0.0834145085086
107000	0.0834231766021
107100	0.0834216682921
107200	0.0834252632313
107300	0.0834307120399
107400	0.0834302053021
107500	0.0834273292295
107600	0.0834238328707
107700	0.0834268342453
107800	0.0834281382145
107900	0.0834261509137
108000	0.0834175920062
108100	0.0834180274407
108200	0.083421982513
108300	0.0834296697224
108400	0.08342946989
108500	0.0834306015635
108600	0.083426365617
108700	0.0834209678609
108800	0.0834178091094
108900	0.0834230789636
109000	0.0834217123849
109100	0.0834230136197
109200	0.0834273618187
109300	0.0834318630691
109400	0.0834294939521
109500	0.0834204451505
109600	0.0834134571008
109700	0.0834101375106
109800	0.0834129108439
109900	0.0834124012609
110000	0.0834068817436
110100	0.0834073202556
110200	0.0834108269554
110300	0.0834062026891
110400	0.0834046604656
110500	0.0834181343778
110600	0.0834257942969
110700	0.0834309395949
110800	0.0834406553295
110900	0.0834466432409
111000	0.0834530425106
111100	0.0834598947945
111200	0.0834601916333
111300	0.0834616193657
111400	0.0834575117271
111500	0.0834616098328
111600	0.0834517676824
111700	0.0834510084359
111800	0.0834437678802
111900	0.083448864005
112000	0.0834469793351
112100	0.0834526677217
112200	0.0834434926237
112300	0.0834372947593
112400	0.0834410519242
112500	0.0834488480645
112600	0.0834356908445
112700	0.0834269553261
112800	0.0834219395533
112900	0.0834108723743
113000	0.0834207821276
113100	0.0834330513175
113200	0.0834475789849
113300	0.0834512577368
113400	0.0834414257104
113500	0.0834376231026
113600	0.0834455116807
113700	0.0834417480029
113800	0.0834352304713
113900	0.0834402810155
114000	0.0834341854196
114100	0.0834289749652
114200	0.0834216882612
114300	0.0834262706261
114400	0.0834305946613
114500	0.0834305872009
114600	0.0834299010479
114700	0.083430214881
114800	0.0834299458845
114900	0.0834201855334
115000	0.0834204096999
115100	0.0834421226176
115200	0.0834455452302
115300	0.0834458775058
115400	0.0834561163774
115500	0.0834575801096
115600	0.0834535599138
115700	0.083458490241
115800	0.0834556027529
115900	0.0834658492781
116000	0.0834691839518
116100	0.0834660783733
116200	0.0834661895752
116300	0.0834587304401
116400	0.0834502652679
116500	0.0834487530825
116600	0.0834417458656
116700	0.0834518523533
116800	0.0834510247327
116900	0.0834437773446
117000	0.0834338267436
117100	0.0834240271877
117200	0.0834168670172
117300	0.0834067327973
117400	0.0833999504579
117500	0.0833978323776
117600	0.0834058078367
117700	0.0834030432453
117800	0.0833985341839
117900	0.0833970117025
118000	0.0833934827113
118100	0.0833900190051
118200	0.0833966268995
118300	0.0833992178166
118400	0.083400859916
118500	0.0834037161963
118600	0.0833929269209
118700	0.0833985607185
118800	0.0833949633094
118900	0.0833978639471
119000	0.0834103604961
119100	0.0834087011986
119200	0.0834106565167
119300	0.0834153563688
119400	0.0834124279248
119500	0.0833984399199
119600	0.0834062572015
119700	0.0834150562594
119800	0.0834128257053
119900	0.0834152315641
120000	0.083416153966
120100	0.0834074121064
120200	0.0834005820759
120300	0.0834021177818
120400	0.083402546584
120500	0.0834044447193
120600	0.0834020353861
120700	0.0834003732484
120800	0.0834006943239
120900	0.0834020346258
121000	0.0834053427841
121100	0.0833937143361
121200	0.0833869781419
121300	0.0833877379466
121400	0.0833896723666
121500	0.0833956932926
121600	0.0833918416258
121700	0.0833841904102
121800	0.0833864373315
121900	0.0833810182254
122000	0.0833717298959
122100	0.0833637595534
122200	0.0833625384056
122300	0.0833708521693
122400	0.0833643102841
122500	0.0833580918847
122600	0.0833564686364
122700	0.0833633604597
122800	0.0833691820686
122900	0.0833662173641
123000	0.083373779176
123100	0.0833651880785
123200	0.0833645782075
123300	0.0833581607878
123400	0.0833524746269
123500	0.0833410567316
123600	0.0833448494732
123700	0.0833346380194
123800	0.0833383426971
123900	0.0833377545023
124000	0.0833422971304
124100	0.0833379623658
124200	0.0833436260837
124300	0.0833413785951
124400	0.0833363444238
124500	0.0833362376478
124600	0.0833338453266
124700	0.0833319117107
124800	0.0833386054009
124900	0.0833360787045
125000	0.0833446235825
125100	0.0833447258813
125200	0.0833362927556
125300	0.0833425344385
125400	0.0833561721582
125500	0.0833436139005
125600	0.0833582798908
125700	0.0833613757098
125800	0.0833618257789
125900	0.0833651026038
126000	0.0833618858317
126100	0.0833621079862
126200	0.0833578629557
126300	0.0833630077104
126400	0.0833756298753
126500	0.0833727711522
126600	0.0833773960723
126700	0.0833769560904
126800	0.083373057355
126900	0.0833652492525
127000	0.0833669391646
127100	0.0833579119979
127200	0.0833615781855
127300	0.0833575116697
127400	0.0833593065539
127500	0.0833527496892
127600	0.08335174473
127700	0.0833484461615
127800	0.0833471008918
127900	0.0833472134998
128000	0.0833449649463
128100	0.0833477767013
128200	0.0833438840742
128300	0.0833475954821
128400	0.0833451159319
128500	0.0833423936916
128600	0.0833470222818
128700	0.0833457568019
128800	0.0833575842859
128900	0.0833518645523
129000	0.0833517565729
129100	0.083362976745
129200	0.0833572595926
129300	0.0833597252966
129400	0.083366408081
129500	0.0833824222151
129600	0.0833850363675
129700	0.0833847440561
129800	0.0833741914569
129900	0.0833740615627
130000	0.0833755744973
130100	0.0833726999503
130200	0.083368200964
130300	0.0833750180688
130400	0.0833774384629
130500	0.0833773663374
130600	0.083378222916
130700	0.0833837957978
130800	0.0833872648664
130900	0.0833830987498
131000	0.0833895170414
131100	0.0833901528104
131200	0.0833880909952
131300	0.0833879631569
131400	0.0833900358882
131500	0.0833888323018
131600	0.0833778859656
131700	0.0833791703901
131800	0.0833835215514
131900	0.083383750461
132000	0.0833767603807
132100	0.0833684599029
132200	0.0833519030448
132300	0.0833553672661
132400	0.0833631333809
132500	0.0833566143465
132600	0.0833534886704
132700	0.0833609782734
132800	0.0833632610442
132900	0.08336636317
133000	0.0833732691526
133100	0.0833741269132
133200	0.0833735955564
133300	0.0833819365025
133400	0.0833813383526
133500	0.0833850312828
133600	0.0833824514984
133700	0.0833774239095
133800	0.0833807889424
133900	0.0833729714694
134000	0.0833708929059
134100	0.0833735099886
134200	0.0833728876443
134300	0.0833593239753
134400	0.0833590228116
134500	0.0833504849599
134600	0.0833523980262
134700	0.0833587888757
134800	0.0833571663429
134900	0.0833618193958
135000	0.0833633408326
135100	0.0833605295421
135200	0.0833590888404
135300	0.083357407144
135400	0.0833524326606
135500	0.0833480384361
135600	0.0833477050396
135700	0.0833509188686
135800	0.0833559520757
135900	0.0833558168045
136000	0.0833530047888
136100	0.0833524576019
136200	0.0833615376685
136300	0.0833541022973
136400	0.0833584487287
136500	0.0833607808301
136600	0.0833598281265
136700	0.0833598299436
136800	0.0833602381516
136900	0.0833610632659
137000	0.083361512081
137100	0.0833539276958
137200	0.0833523581675
137300	0.0833457213202
137400	0.0833413079666
137500	0.0833480702187
137600	0.0833473768741
137700	0.0833460623936
137800	0.0833405280873
137900	0.0833386296025
138000	0.0833373730543
138100	0.0833273374513
138200	0.083322954285
138300	0.0833217211108
138400	0.0833181870635
138500	0.0833235031012
138600	0.0833196498364
138700	0.0833146280127
138800	0.0833068441723
138900	0.0833100115615
139000	0.0833129730699
139100	0.0833116311429
139200	0.0833138259672
139300	0.0833090839891
139400	0.0833121255443
139500	0.083315917621
139600	0.0833215916124
139700	0.0833256547947
139800	0.0833295801587
139900	0.0833218877042
140000	0.0833327626748
140100	0.0833335890704
140200	0.0833220409531
140300	0.0833221643688
140400	0.0833156672238
140500	0.0833190985779
140600	0.0833210836254
140700	0.0833203373573
140800	0.0833136787115
140900	0.0833133540631
141000	0.0833044446454
141100	0.0833050886748
141200	0.0832951413021
141300	0.0832953179108
141400	0.0833014182257
141500	0.0833027664405
141600	0.0833056095154
141700	0.0833041123981
141800	0.0832959453928
141900	0.0832946571497
142000	0.0832924030791
142100	0.083284136111
142200	0.0832803011671
142300	0.083285514864
142400	0.083295283698
142500	0.0832910151286
142600	0.0832864188943
142700	0.0832856575528
142800	0.0832843029271
142900	0.0832920547444
143000	0.0833022136371
143100	0.0833012147803
143200	0.0833008556053
143300	0.0832896968482
143400	0.0832844960823
143500	0.083283081716
143600	0.0832802589397
143700	0.0832812541954
143800	0.0832773581768
143900	0.0832817073533
144000	0.0832755150661
144100	0.0832731607977
144200	0.0832713194038
144300	0.0832694947058
144400	0.0832630264423
144500	0.0832657812807
144600	0.0832710652112
144700	0.0832697772421
144800	0.0832699495207
144900	0.0832595270168
145000	0.0832595222185
145100	0.0832566792921
145200	0.0832484493423
145300	0.0832450797927
145400	0.0832500160672
145500	0.0832500748326
145600	0.0832482431151
145700	0.0832564348393
145800	0.0832497328581
145900	0.0832487520576
146000	0.0832574912236
146100	0.083263798688
146200	0.0832621845689
146300	0.0832552088264
146400	0.0832595894329
146500	0.0832656170877
146600	0.0832716767609
146700	0.0832724839503
146800	0.0832705159106
146900	0.0832773749612
147000	0.0832796469408
147100	0.0832748297607
147200	0.0832778044357
147300	0.083280869345
147400	0.083286489082
147500	0.0832871943317
147600	0.0832869857624
147700	0.0832823814545
147800	0.0832894360323
147900	0.083295640034
148000	0.0832899139718
148100	0.0832927788186
148200	0.0832976239538
148300	0.0832989606423
148400	0.0832946990403
148500	0.0833059302905
148600	0.0833079598303
148700	0.0833084953936
148800	0.0833059753382
148900	0.0833115765602
149000	0.0833116135783
149100	0.0833156616587
149200	0.0833084216744
149300	0.08331665074
149400	0.0833158311658
149500	0.083318921208
149600	0.0833234556804
149700	0.0833311752375
149800	0.0833351971245
149900	0.0833336695224
150000	0.0833368413765
150100	0.08333694598
150200	0.0833350643285
150300	0.0833419101368
150400	0.0833417734734
150500	0.0833482255792
150600	0.0833536902614
150700	0.0833506056741
150800	0.0833545933976
150900	0.083360719497
151000	0.083359292703
151100	0.0833594578353
151200	0.0833512222728
151300	0.0833463710211
151400	0.0833394802741
151500	0.0833391249387
151600	0.0833488247527
151700	0.0833470886096
151800	0.0833463569414
151900	0.0833469507312
152000	0.0833506736666
152100	0.0833575734242
152200	0.0833557679939
152300	0.0833594540992
152400	0.0833593152877
152500	0.0833585459454
152600	0.0833639608915
152700	0.0833577933884
152800	0.083358533437
152900	0.0833593499117
153000	0.0833541897445
153100	0.0833496516332
153200	0.0833510143681
153300	0.08334201393
153400	0.0833371209931
153500	0.083338868333
153600	0.0833361781446
153700	0.0833361858192
153800	0.0833305276037
153900	0.0833277841253
154000	0.0833287437475
154100	0.0833280224966
154200	0.0833320965525
154300	0.0833326952375
154400	0.083329901364
154500	0.0833375632798
154600	0.0833412026147
154700	0.0833493422126
154800	0.0833504508342
154900	0.0833483554946
155000	0.0833483873703
155100	0.0833483333934
155200	0.0833472649916
155300	0.0833454755517
155400	0.0833400171758
155500	0.0833424650638
155600	0.0833453780791
155700	0.0833480944812
155800	0.0833528551121
155900	0.08334241883
156000	0.0833399331771
156100	0.083332834938
156200	0.0833369070134
156300	0.0833344234526
156400	0.0833308182534
156500	0.083329718948
156600	0.0833269171116
156700	0.0833247081924
156800	0.0833193915174
156900	0.0833189907921
157000	0.0833139836442
157100	0.0833091981816
157200	0.0833117300374
157300	0.0833114741499
157400	0.0833108770723
157500	0.083309397193
157600	0.0833200477612
157700	0.0833173674684
157800	0.0833167552892
157900	0.0833147959796
158000	0.0833211658594
158100	0.0833281578067
158200	0.0833352650319
158300	0.0833282230587
158400	0.0833220573882
158500	0.0833227135208
158600	0.0833134186539
158700	0.0833122684962
158800	0.0833159258321
158900	0.0833250934097
159000	0.0833312266155
159100	0.0833361864015
159200	0.0833337337123
159300	0.083330934278
159400	0.0833222872721
159500	0.0833248737458
159600	0.0833369894957
159700	0.0833323436968
159800	0.0833342445534
159900	0.0833268201002
160000	0.0833349926696
160100	0.083334263647
160200	0.0833381597546
160300	0.0833320260461
160400	0.0833345823124
160500	0.0833404803657
160600	0.0833324146604
160700	0.0833282030083
160800	0.0833225204453
160900	0.0833174925068
161000	0.0833126235542
161100	0.0833100764689
161200	0.0833015565381
161300	0.0833040213292
161400	0.0833029399099
161500	0.0832955382752
161600	0.0832942447351
161700	0.0832887243202
161800	0.0832897597678
161900	0.0832867665191
162000	0.0832853247391
162100	0.0832829985297
162200	0.0832869764014
162300	0.0832861109858
162400	0.0832920560761
162500	0.0832954375418
162600	0.0832952945106
162700	0.0832892569404
162800	0.0832924700595
162900	0.0832933844147
163000	0.0832939331358
163100	0.0832987462291
163200	0.0833006499802
163300	0.0833025753269
163400	0.0833043255388
163500	0.0833128913188
163600	0.0833059225295
163700	0.0833137889741
163800	0.0833126207403
163900	0.0833155103929
164000	0.0833064484782
164100	0.0833119444355
164200	0.0833081590755
164300	0.0833119644998
164400	0.0833082905234
164500	0.0833080383666
164600	0.0833061603647
164700	0.0833038031944
164800	0.083301793162
164900	0.0832989024839
165000	0.0833034438585
165100	0.0833096076451
165200	0.0833071326701
165300	0.083308330075
165400	0.0833115791776
165500	0.0833126344409
165600	0.0833091941485
165700	0.0833096385203
165800	0.0833017738169
165900	0.0833074652318
166000	0.0833012754798
166100	0.0832954894407
166200	0.0832929843703
166300	0.0832948324772
166400	0.0832944897078
166500	0.0832913521647
166600	0.0832834518996
166700	0.0832822022622
166800	0.0832840045142
166900	0.0832810211218
167000	0.0832815616391
167100	0.0832724413761
167200	0.083272989771
167300	0.0832697603006
167400	0.0832688737443
167500	0.0832646718188
167600	0.0832623529827
167700	0.0832572709076
167800	0.0832593929993
167900	0.0832553161388
168000	0.083262891547
168100	0.0832700977989
168200	0.0832631450817
168300	0.083261209557
168400	0.0832657183141
168500	0.0832617510124
168600	0.0832608165344
168700	0.0832632398047
168800	0.0832621108535
168900	0.0832665709933
169000	0.0832678947685
169100	0.083262845418
169200	0.0832570943152
169300	0.0832555810739
169400	0.083253766676
169500	0.0832608424585
169600	0.0832575621387
169700	0.0832658076428
169800	0.0832701162402
169900	0.0832731341892
170000	0.0832709410628
170100	0.0832706984039
170200	0.08327904433
170300	0.0832829511328
170400	0.0832808132334
170500	0.0832841773701
170600	0.0832839606721
170700	0.0832766697945
170800	0.0832794559858
170900	0.0832790885353
171000	0.0832816731878
171100	0.083275188784
171200	0.0832732012728
171300	0.0832700543697
171400	0.0832722818017
171500	0.083273111796
171600	0.0832697467998
171700	0.0832691514602
171800	0.0832738066446
171900	0.0832746303131
172000	0.0832726209694
172100	0.0832706283365
172200	0.0832735678239
172300	0.0832694128933
172400	0.0832653390021
172500	0.0832701591211
172600	0.0832755130123
172700	0.0832699536444
172800	0.0832677760604
172900	0.0832706051201
173000	0.0832692868098
173100	0.0832670014513
173200	0.0832614437168
173300	0.0832635147771
173400	0.0832638445762
173500	0.0832593375853
173600	0.0832645247407
173700	0.0832666131038
173800	0.0832586589628
173900	0.0832634791917
174000	0.0832621934464
174100	0.0832663132976
174200	0.083268096936
174300	0.0832695348645
174400	0.0832705293749
174500	0.0832670876477
174600	0.0832717375105
174700	0.0832723164015
174800	0.0832743570228
174900	0.0832725796342
175000	0.0832623044016
175100	0.0832634290517
175200	0.0832665405869
175300	0.0832707154286
175400	0.0832728177226
175500	0.0832802155255
175600	0.0832900101099
175700	0.0832859626447
175800	0.0832894435234
175900	0.0832940455163
176000	0.0832942419369
176100	0.0832948347996
176200	0.083299418854
176300	0.083298568127
176400	0.0833009078502
176500	0.083303885259
176600	0.0832995305348
176700	0.0832944384134
176800	0.0832917513863
176900	0.0832912214543
177000	0.0832936802181
177100	0.0832951938109
177200	0.083291558593
177300	0.0832859733774
177400	0.0832831795362
177500	0.083282462053
177600	0.0832803716389
177700	0.0832809662112
177800	0.0832811940036
177900	0.0832807413232
178000	0.0832714535501
178100	0.0832743566931
178200	0.0832710293067
178300	0.0832663630834
178400	0.0832636600023
178500	0.0832677840184
178600	0.0832656573652
178700	0.0832695966381
178800	0.083265881259
178900	0.0832696819222
179000	0.0832712342202
179100	0.0832657871327
179200	0.0832658646636
179300	0.083269515603
179400	0.0832701835116
179500	0.0832694114709
179600	0.0832719433332
179700	0.0832692386785
179800	0.083268047276
179900	0.0832758688827
180000	0.0832757691058
180100	0.0832677180724
180200	0.0832654482178
180300	0.0832632326326
180400	0.0832635047274
180500	0.0832620525208
180600	0.0832602238801
180700	0.0832700051585
180800	0.0832675773577
180900	0.0832705436065
181000	0.0832652549715
181100	0.083259211079
181200	0.0832592664907
181300	0.0832637100512
181400	0.083258499922
181500	0.083259545025
181600	0.0832572631176
181700	0.0832615348987
181800	0.0832596958782
181900	0.0832550266119
182000	0.0832487442729
182100	0.0832559135691
182200	0.083256670689
182300	0.0832545863453
182400	0.0832544833642
182500	0.0832546669065
182600	0.0832561839367
182700	0.0832607607581
182800	0.0832598027199
182900	0.0832637591522
183000	0.0832636568491
183100	0.0832624185625
183200	0.0832640625797
183300	0.083268585702
183400	0.0832703723482
183500	0.0832672874213
183600	0.0832684231156
183700	0.0832688680945
183800	0.0832740021226
183900	0.0832743024841
184000	0.0832745104499
184100	0.0832742154629
184200	0.0832689293047
184300	0.0832653016804
184400	0.0832659888407
184500	0.0832659071824
184600	0.0832681763588
184700	0.0832681321436
184800	0.0832644669352
184900	0.083265995391
185000	0.0832650055991
185100	0.0832624097175
185200	0.0832572009736
185300	0.0832496034445
185400	0.0832492076785
185500	0.0832505171719
185600	0.0832494799733
185700	0.0832470247586
185800	0.0832436934186
185900	0.0832463225389
186000	0.0832426158875
186100	0.0832406714097
186200	0.0832427826849
186300	0.0832427092194
186400	0.0832384433697
186500	0.0832390997254
186600	0.0832337908267
186700	0.083237561404
186800	0.083232611692
186900	0.0832318102867
187000	0.0832364338925
187100	0.0832372029848
187200	0.0832338611019
187300	0.0832384122762
187400	0.0832376907365
187500	0.0832324572821
187600	0.0832303465115
187700	0.0832293869778
187800	0.0832359310087
187900	0.0832330587105
188000	0.0832294023432
188100	0.0832335115052
188200	0.0832355944285
188300	0.0832401228875
188400	0.0832397756156
188500	0.083240651696
188600	0.0832391756334
188700	0.0832413224842
188800	0.083237090871
188900	0.0832371082724
189000	0.0832346785335
189100	0.0832396732208
189200	0.0832421045544
189300	0.0832420393441
189400	0.0832388868982
189500	0.0832358358768
189600	0.0832376025215
189700	0.0832373365881
189800	0.0832451570012
189900	0.083246951117
190000	0.0832435975694
190100	0.0832414543084
190200	0.0832389987939
190300	0.0832425863723
190400	0.0832464025855
190500	0.0832459730819
190600	0.0832448098048
190700	0.0832513464079
190800	0.0832619014231
190900	0.0832610376114
191000	0.0832636929082
191100	0.0832629786481
191200	0.083258440196
191300	0.0832662555998
191400	0.0832577663294
191500	0.083257512428
191600	0.0832528021109
191700	0.0832493376806
191800	0.0832461284769
191900	0.083244939745
192000	0.0832444549433
192100	0.0832451747547
192200	0.0832433959783
192300	0.0832410049899
192400	0.0832432067679
192500	0.083246046627
192600	0.0832448954791
192700	0.0832426665992
192800	0.0832445223387
192900	0.0832408608137
193000	0.0832396685607
193100	0.0832364826644
193200	0.0832378560604
193300	0.0832361612354
193400	0.0832366534562
193500	0.0832399788573
193600	0.0832407255273
193700	0.0832479058509
193800	0.0832530836022
193900	0.0832464333558
194000	0.0832412441217
194100	0.0832352730432
194200	0.0832343549734
194300	0.0832318177081
194400	0.0832309338365
194500	0.0832371071893
194600	0.0832377621281
194700	0.0832402576901
194800	0.0832502113276
194900	0.0832547701214
195000	0.0832481399266
195100	0.0832521297946
195200	0.0832491779001
195300	0.083248088343
195400	0.0832539247397
195500	0.0832460995141
195600	0.0832436484898
195700	0.0832396836099
195800	0.0832379560931
195900	0.0832357326049
196000	0.0832406000083
196100	0.0832420985411
196200	0.083241025817
196300	0.0832394137597
196400	0.0832357842126
196500	0.0832446913626
196600	0.0832451088265
196700	0.0832431855967
196800	0.0832442101278
196900	0.0832417134643
197000	0.0832429359508
197100	0.0832443812924
197200	0.08324766428
197300	0.0832429653625
197400	0.0832469148571
197500	0.0832453560351
197600	0.083251302916
197700	0.0832545800148
197800	0.0832576345724
197900	0.0832598160956
198000	0.0832551298335
198100	0.0832540431496
198200	0.0832473714797
198300	0.0832390819961
198400	0.0832415290675
198500	0.0832451659301
198600	0.0832489929845
198700	0.083248690765
198800	0.0832496955055
198900	0.0832534800453
199000	0.0832448558201
199100	0.0832458221972
199200	0.0832476095717
199300	0.0832478080689
199400	0.0832409484238
199500	0.083238371815
199600	0.0832348332922
199700	0.0832367982043
199800	0.0832412783008
199900	0.0832416432292
200000	0.0832366519878
200100	0.0832297604935
200200	0.0832263615096
200300	0.083231092094
200400	0.0832310904245
200500	0.0832384750743
200600	0.0832331338079
200700	0.0832403027683
200800	0.0832435480682
200900	0.0832429266033
201000	0.083239643226
201100	0.0832410526506
201200	0.0832441332347
201300	0.083243060009
201400	0.0832440019769
201500	0.0832416372114
201600	0.0832379210074
201700	0.0832368259905
201800	0.0832327483297
201900	0.0832238796702
202000	0.0832224886819
202100	0.0832227088437
202200	0.0832238612541
202300	0.083218836741
202400	0.0832189262836
202500	0.0832198394496
202600	0.0832230424624
202700	0.0832261553826
202800	0.0832245650207
202900	0.0832258489033
203000	0.0832347400078
203100	0.0832397073807
203200	0.083245451326
203300	0.0832496572147
203400	0.0832518263059
203500	0.0832563557565
203600	0.083257172945
203700	0.0832609998161
203800	0.0832582877488
203900	0.083262471768
204000	0.0832633639051
204100	0.083261242099
204200	0.0832667905026
204300	0.0832705241412
204400	0.083266813848
204500	0.0832702373841
204600	0.0832729934375
204700	0.0832751864146
204800	0.0832715555336
204900	0.0832680747852
205000	0.0832685941507
205100	0.0832663640865
205200	0.0832695915381
205300	0.0832728205875
205400	0.0832691264629
205500	0.0832638536455
205600	0.0832640922022
205700	0.0832621223282
205800	0.0832621370383
205900	0.083263236717
206000	0.0832657808774
206100	0.0832620762527
206200	0.0832666544841
206300	0.0832638346188
206400	0.0832625234341
206500	0.0832604544991
206600	0.083259175809
206700	0.0832618025884
206800	0.0832613605418
206900	0.0832603656101
207000	0.0832604059438
207100	0.083256871984
207200	0.0832496794286
207300	0.083255371197
207400	0.0832526703115
207500	0.0832535410134
207600	0.0832511008373
207700	0.0832524793255
207800	0.0832473178185
207900	0.083249523173
208000	0.0832543379787
208100	0.0832534999307
208200	0.0832505618964
208300	0.0832569258332
208400	0.0832557254369
208500	0.0832532889643
208600	0.0832522602887
208700	0.0832501571183
208800	0.0832512427873
208900	0.08325052082
209000	0.0832497192077
209100	0.0832514179468
209200	0.0832541930799
209300	0.0832523378818
209400	0.0832506943319
209500	0.0832452537041
209600	0.0832425759619
209700	0.0832429479174
209800	0.083245545932
209900	0.0832387408028
210000	0.0832422064195
210100	0.0832386873315
210200	0.0832386751711
210300	0.0832408042694
210400	0.083242951815
210500	0.0832492675878
210600	0.0832526022797
210700	0.0832550908901
210800	0.0832540101491
210900	0.0832562011812
211000	0.083260625515
211100	0.0832575876845
211200	0.0832602815132
211300	0.0832625747904
211400	0.0832569717348
211500	0.0832633890692
211600	0.0832653696715
211700	0.0832646456663
211800	0.0832597279862
211900	0.0832670509324
212000	0.0832661775634
212100	0.0832643078828
212200	0.0832672684782
212300	0.0832604351508
212400	0.0832655108413
212500	0.0832698827146
212600	0.083271592778
212700	0.0832676523889
212800	0.0832689862695
212900	0.0832683609224
213000	0.0832765828874
213100	0.0832828673857
213200	0.0832832239218
213300	0.0832836586727
213400	0.0832830405064
213500	0.0832839208802
213600	0.0832874178805
213700	0.0832873116593
213800	0.0832890444669
213900	0.0832855742515
214000	0.0832840454654
214100	0.0832778197843
214200	0.0832756239967
214300	0.0832746066045
214400	0.0832752694915
214500	0.0832763291704
214600	0.0832776903114
214700	0.0832768227341
214800	0.0832847660869
214900	0.0832820347943
215000	0.0832799806332
215100	0.0832853426591
215200	0.0832821707323
215300	0.0832790173267
215400	0.0832779102103
215500	0.0832762089258
215600	0.0832757406381
215700	0.0832751356986
215800	0.0832728914731
215900	0.0832810791664
216000	0.083276951157
216100	0.0832768842104
216200	0.0832774448526
216300	0.0832777178314
216400	0.0832839825128
216500	0.0832846528912
216600	0.0832862434693
216700	0.0832768271618
216800	0.0832726318583
216900	0.0832716155703
217000	0.083270181232
217100	0.0832690022286
217200	0.0832641232845
217300	0.0832638883619
217400	0.0832627060156
217500	0.0832615230955
217600	0.0832540178718
217700	0.0832539417782
217800	0.0832480276028
217900	0.0832440255534
218000	0.083244869016
218100	0.083245782915
218200	0.0832514912028
218300	0.0832493669662
218400	0.0832491241288
218500	0.0832532100157
218600	0.0832535384109
218700	0.0832541802151
218800	0.0832545213394
218900	0.0832554116138
219000	0.0832523971401
219100	0.0832493948035
219200	0.0832457526796
219300	0.0832446438976
219400	0.0832463757304
219500	0.0832499650488
219600	0.0832469358949
219700	0.0832427765275
219800	0.0832441030918
219900	0.0832438448646
220000	0.0832445346383
220100	0.0832472138133
220200	0.0832432804646
220300	0.0832407718343
220400	0.0832378833647
220500	0.0832455428836
220600	0.0832473744567
220700	0.0832474559906
220800	0.0832519690343
220900	0.0832499656725
221000	0.0832515368247
221100	0.0832557455699
221200	0.0832633762068
221300	0.0832575471035
221400	0.0832610700018
221500	0.0832599553509
221600	0.0832631585145
221700	0.0832650036799
221800	0.0832676674014
221900	0.0832749968164
222000	0.0832752009814
222100	0.0832730093774
222200	0.0832700020172
222300	0.0832703338993
222400	0.0832713441037
222500	0.0832714782243
222600	0.0832674574473
222700	0.0832676369213
222800	0.0832626073982
222900	0.0832625430125
223000	0.0832614367717
223100	0.083264091568
223200	0.0832618526653
223300	0.0832604818761
223400	0.0832594095028
223500	0.0832577190153
223600	0.0832623285356
223700	0.0832652255028
223800	0.0832665336933
223900	0.0832669270979
224000	0.083260113536
224100	0.0832624885062
224200	0.0832595188662
224300	0.0832596698183
224400	0.0832577985836
224500	0.0832669476459
224600	0.0832614791264
224700	0.0832620852804
224800	0.0832596159535
224900	0.0832610246664
225000	0.0832573688329
225100	0.083258564227
225200	0.0832580128517
225300	0.0832536443339
225400	0.0832505666365
225500	0.0832455625441
225600	0.0832408392181
225700	0.0832496325728
225800	0.0832510766465
225900	0.0832535396307
226000	0.0832548127067
226100	0.0832528811846
226200	0.0832488686037
226300	0.0832495257278
226400	0.0832480109335
226500	0.0832500770579
226600	0.0832517284096
226700	0.0832523371766
226800	0.0832497465672
226900	0.0832530114769
227000	0.0832507222709
227100	0.0832448404856
227200	0.0832439241568
227300	0.0832438494017
227400	0.0832396247219
227500	0.0832397918941
227600	0.0832387876261
227700	0.0832347948076
227800	0.083230416231
227900	0.0832332148745
228000	0.0832321936075
228100	0.0832272196723
228200	0.0832309082019
228300	0.0832307442093
228400	0.0832262659499
228500	0.0832292170571
228600	0.0832287854361
228700	0.0832286580286
228800	0.0832317924184
228900	0.0832307278526
229000	0.0832319833596
229100	0.0832320850692
229200	0.0832304078566
229300	0.0832284019506
229400	0.0832301834624
229500	0.0832300747233
229600	0.0832253700046
229700	0.0832280283332
229800	0.0832253651428
229900	0.0832227198588
230000	0.0832258505387
230100	0.0832287442433
230200	0.0832261479693
230300	0.0832251388727
230400	0.0832251181735
230500	0.0832276477294
230600	0.0832291059116
230700	0.0832302170199
230800	0.0832361029621
230900	0.0832364235871
231000	0.0832336376715
231100	0.0832355076745
231200	0.0832365260356
231300	0.0832347325017
231400	0.0832377336618
231500	0.0832362199595
231600	0.0832350552235
231700	0.0832352765538
231800	0.0832341446582
231900	0.0832358292451
232000	0.0832323891678
232100	0.0832331087639
232200	0.0832385417956
232300	0.0832365607948
232400	0.0832349450711
232500	0.0832323240906
232600	0.0832274969674
232700	0.083227227089
232800	0.0832314902772
232900	0.0832348878889
233000	0.083236319775
233100	0.0832405626197
233200	0.0832373965524
233300	0.0832341874201
233400	0.083229437621
233500	0.0832328919955
233600	0.0832323636529
233700	0.0832344240368
233800	0.0832373935941
233900	0.0832374102701
234000	0.083240310175
234100	0.0832365866084
234200	0.0832354157699
234300	0.0832417574919
234400	0.0832437654635
234500	0.0832421082701
234600	0.0832377398085
234700	0.0832392575263
234800	0.0832350094417
234900	0.0832315308793
235000	0.0832348440301
235100	0.0832390741422
235200	0.0832409274544
235300	0.083238004835
235400	0.0832377582567
235500	0.0832384448207
235600	0.0832367089326
235700	0.0832389273979
235800	0.0832415064392
235900	0.0832395021621
236000	0.0832400138094
236100	0.0832374696344
236200	0.0832358943028
236300	0.0832338276716
236400	0.0832377144367
236500	0.0832427174918
236600	0.0832471479709
236700	0.083250463285
236800	0.0832538893652
236900	0.0832578712617
237000	0.0832571443605
237100	0.0832542361406
237200	0.083250818026
237300	0.0832569845566
237400	0.0832561463896
237500	0.0832545787161
237600	0.0832516289472
237700	0.0832536794346
237800	0.0832502629524
237900	0.0832541732677
238000	0.0832576907299
238100	0.0832596078017
238200	0.0832627636794
238300	0.0832653695805
238400	0.0832642999171
238500	0.0832596123374
238600	0.0832537165997
238700	0.0832539652377
238800	0.0832599908863
238900	0.083261300817
239000	0.0832568288523
239100	0.083256907736
239200	0.083262541538
239300	0.0832606868571
239400	0.0832581651986
239500	0.0832563150317
239600	0.0832557734849
239700	0.0832580177387
239800	0.0832579325633
239900	0.083259185028
240000	0.0832511755163
240100	0.0832540785539
240200	0.0832556692142
240300	0.0832526994771
240400	0.0832491142734
240500	0.083253561544
240600	0.0832531014404
240700	0.0832591003761
240800	0.0832592461979
240900	0.0832556725159
241000	0.0832583933228
241100	0.0832516262232
241200	0.0832504003389
241300	0.083247898287
241400	0.0832490540836
241500	0.0832507669339
241600	0.0832504624876
241700	0.0832506282947
241800	0.08324590673
241900	0.0832503386385
242000	0.0832525341193
242100	0.083249521518
242200	0.0832494225291
242300	0.0832477142997
242400	0.0832485092439
242500	0.0832465362746
242600	0.0832484585739
242700	0.0832479510368
242800	0.0832499905651
242900	0.0832440489432
243000	0.0832441776566
243100	0.0832431925707
243200	0.0832499780547
243300	0.0832438915511
243400	0.083245245235
243500	0.0832495935802
243600	0.0832507430532
243700	0.0832485947662
243800	0.0832491579095
243900	0.0832536438396
244000	0.0832556243443
244100	0.0832586008278
244200	0.0832597469201
244300	0.0832583501962
244400	0.0832595138315
244500	0.0832585036223
244600	0.0832575671686
244700	0.0832587649104
244800	0.083258031602
244900	0.0832551478965
245000	0.0832542010366
245100	0.0832553127757
245200	0.0832591685643
245300	0.0832646278349
245400	0.0832645225853
245500	0.0832681790852
245600	0.0832689249409
245700	0.0832692947696
245800	0.0832701398735
245900	0.083266413126
246000	0.0832691285868
246100	0.0832705039615
246200	0.0832712954248
246300	0.0832701920112
246400	0.0832682663975
246500	0.0832714829026
246600	0.0832683448031
246700	0.083268615293
246800	0.0832683546082
246900	0.0832669973231
247000	0.0832675797688
247100	0.0832634499372
247200	0.0832686654503
247300	0.0832652571918
247400	0.0832668331668
247500	0.083269641157
247600	0.0832723476966
247700	0.0832730206184
247800	0.083266586639
247900	0.0832668120496
248000	0.0832657889772
248100	0.0832629322226
248200	0.0832656163655
248300	0.0832683908524
248400	0.0832694051015
248500	0.0832656966152
248600	0.0832696666387
248700	0.0832722843822
248800	0.083274507452
248900	0.083277924128
249000	0.0832807508162
249100	0.0832787004536
249200	0.0832789343356
249300	0.0832712983697
249400	0.0832699539049
249500	0.0832762351741
249600	0.0832788731515
249700	0.0832784116786
249800	0.0832699851239
249900	0.0832663740587
250000	0.0832678979865
250100	0.0832663056388
250200	0.0832664942912
250300	0.0832644369596
250400	0.0832627513823
250500	0.0832572826615
250600	0.083255149926
250700	0.0832545473261
250800	0.0832564725388
250900	0.0832572097215
251000	0.0832596588137
251100	0.0832564649279
251200	0.0832621170944
251300	0.0832621782424
251400	0.0832623941101
251500	0.0832617597697
251600	0.0832617947601
251700	0.083260111668
251800	0.0832571109704
251900	0.0832574737068
252000	0.0832551460468
252100	0.0832501689946
252200	0.0832550875586
252300	0.0832536617756
252400	0.08325194161
252500	0.083255504069
252600	0.0832541528782
252700	0.0832590717408
252800	0.0832577275535
252900	0.0832554618398
253000	0.0832539481396
253100	0.0832515263819
253200	0.0832509160016
253300	0.0832482189948
253400	0.0832496865859
253500	0.0832464249376
253600	0.0832479650366
253700	0.0832540821661
253800	0.083258599125
253900	0.0832630745719
254000	0.0832645718828
254100	0.0832647381972
254200	0.0832625785031
254300	0.0832611341606
254400	0.083258123112
254500	0.0832609074564
254600	0.083260767785
254700	0.083259536931
254800	0.0832598284652
254900	0.0832592108597
255000	0.0832595995972
255100	0.0832572843931
255200	0.083254744505
255300	0.0832558815361
255400	0.0832572679741
255500	0.0832512492354
255600	0.083248295054
255700	0.083252426931
255800	0.0832554552932
255900	0.0832599879756
256000	0.0832595601342
256100	0.0832596781076
256200	0.0832559865621
256300	0.0832607466758
256400	0.0832586362765
256500	0.0832630956564
256600	0.0832677069973
256700	0.0832698839846
256800	0.083264991072
256900	0.0832684556989
257000	0.0832627326078
257100	0.0832592784429
257200	0.0832572236751
257300	0.0832577862549
257400	0.0832575553596
257500	0.0832598880863
257600	0.0832611396201
257700	0.0832587473263
257800	0.0832655984666
257900	0.0832638374263
258000	0.0832591609582
258100	0.0832552576107
258200	0.0832554112007
258300	0.0832580460364
258400	0.0832592519969
258500	0.0832573198605
258600	0.0832577589878
258700	0.0832501954566
258800	0.0832452188992
258900	0.0832435772285
259000	0.0832472106948
259100	0.0832484098312
259200	0.0832383454276
259300	0.0832401775493
259400	0.0832459707545
259500	0.0832469965702
259600	0.0832476357418
259700	0.0832450970275
259800	0.0832439471777
259900	0.0832460646538
260000	0.083244884966
260100	0.0832465952937
260200	0.0832476773436
260300	0.083246653408
260400	0.0832444222568
260500	0.0832420052847
260600	0.0832456371813
260700	0.083242440858
260800	0.0832397726215
260900	0.0832436347575
261000	0.0832423884236
261100	0.0832476992339
261200	0.0832471612857
261300	0.0832517242895
261400	0.0832520379195
261500	0.0832513729302
261600	0.0832502957801
261700	0.0832502377727
261800	0.0832477845669
261900	0.0832514676486
262000	0.0832505474051
262100	0.0832500602711
262200	0.0832494856914
262300	0.0832490283819
262400	0.083247887238
262500	0.0832507274519
262600	0.0832510364034
262700	0.0832502732822
262800	0.0832488066787
262900	0.0832429622414
263000	0.0832452319987
263100	0.083243144507
263200	0.0832415015982
263300	0.0832440129671
263400	0.0832458779803
263500	0.0832460004438
263600	0.0832441306399
263700	0.0832406492742
263800	0.0832446546219
263900	0.0832429034375
264000	0.0832450277353
264100	0.0832465888529
264200	0.08324939177
264300	0.0832532172115
264400	0.0832558477267
264500	0.0832590552771
264600	0.0832592023987
264700	0.0832600778115
264800	0.0832604240553
264900	0.0832569852949
265000	0.0832527499867
265100	0.0832533671288
265200	0.083252496907
265300	0.0832526352755
265400	0.0832534923333
265500	0.083250697623
265600	0.0832557086105
265700	0.0832579959431
265800	0.0832550903693
265900	0.0832557205442
266000	0.0832584726408
266100	0.0832603587013
266200	0.0832657639154
266300	0.0832710897181
266400	0.0832658551975
266500	0.0832629770397
266600	0.0832625797698
266700	0.0832619871737
266800	0.0832601943704
266900	0.0832580586489
267000	0.0832535509697
267100	0.0832548780591
267200	0.0832533991039
267300	0.0832542387566
267400	0.0832530267067
267500	0.0832557052102
267600	0.0832527719569
267700	0.0832535820648
267800	0.0832566605374
267900	0.0832598374521
268000	0.0832572231116
268100	0.0832552820128
268200	0.0832545388976
268300	0.0832541210227
268400	0.0832514324055
268500	0.0832517442229
268600	0.083252368944
268700	0.0832553028115
268800	0.0832531841536
268900	0.0832508431336
269000	0.0832518093478
269100	0.0832504392005
269200	0.0832501949332
269300	0.0832463105473
269400	0.0832426753197
269500	0.083241020064
269600	0.083243575697
269700	0.0832433964557
269800	0.0832428933762
269900	0.0832415378091
270000	0.0832411855964
270100	0.0832396822359
270200	0.083240505061
270300	0.0832350561637
270400	0.0832352970392
270500	0.0832410776308
270600	0.0832400592291
270700	0.0832418606299
270800	0.0832444356259
270900	0.0832441921701
271000	0.0832464531597
271100	0.0832467581369
271200	0.0832449818343
271300	0.0832458597443
271400	0.0832444268476
271500	0.0832413631355
271600	0.0832399670632
271700	0.0832439313925
271800	0.0832446686502
271900	0.0832462217284
272000	0.0832447006229
272100	0.0832447321744
272200	0.083243656674
272300	0.0832427722416
272400	0.0832439211336
272500	0.0832448196789
272600	0.0832423663637
272700	0.0832430985402
272800	0.0832420236234
272900	0.0832418605433
273000	0.0832429497448
273100	0.0832392575214
273200	0.0832403099385
273300	0.0832409795051
273400	0.0832400772838
273500	0.0832395063643
273600	0.0832346793089
273700	0.0832369662169
273800	0.0832339539663
273900	0.0832373495212
274000	0.083233553138
274100	0.0832284770564
274200	0.0832256625335
274300	0.08322975975
274400	0.0832299181884
274500	0.0832296509001
274600	0.0832318445133
274700	0.0832278484582
274800	0.0832270935108
274900	0.0832306514445
275000	0.0832312419165
275100	0.0832331740775
275200	0.083234485029
275300	0.0832346500658
275400	0.0832359350573
275500	0.0832342784333
275600	0.0832315410883
275700	0.0832302130817
275800	0.0832304247496
275900	0.0832285168898
276000	0.0832249545053
276100	0.0832273430473
276200	0.0832263438392
276300	0.0832233449658
276400	0.0832191845599
276500	0.0832206467532
276600	0.0832190541583
276700	0.083216820706
276800	0.0832159654974
276900	0.0832157051398
277000	0.0832138466425
277100	0.0832140263658
277200	0.0832171012354
277300	0.0832176520798
277400	0.0832179050365
277500	0.0832156769763
277600	0.0832160479795
277700	0.0832143868677
277800	0.0832177531319
277900	0.0832187041038
278000	0.0832228959898
278100	0.0832254654241
278200	0.0832295931196
278300	0.0832297206988
278400	0.0832306833633
278500	0.0832344605295
278600	0.083231808319
278700	0.0832313556399
278800	0.0832277738877
278900	0.0832271322858
279000	0.0832296377919
279100	0.0832261793715
279200	0.0832276750359
279300	0.0832348229521
279400	0.0832330554076
279500	0.083233878049
279600	0.0832356816709
279700	0.0832314699162
279800	0.083227977233
279900	0.0832284869002
280000	0.0832254269132
280100	0.083225363677
280200	0.0832278054597
280300	0.0832302476487
280400	0.0832298483618
280500	0.0832276581296
280600	0.0832287806517
280700	0.0832232917428
280800	0.0832226427413
280900	0.0832217517498
281000	0.0832210385398
281100	0.083222617307
281200	0.0832228336927
281300	0.0832226590175
281400	0.083221564399
281500	0.0832204938894
281600	0.0832209360573
281700	0.0832222078802
281800	0.0832200287251
281900	0.083217659296
282000	0.08321675357
282100	0.0832190789117
282200	0.0832152990888
282300	0.0832170523291
282400	0.0832166190828
282500	0.0832117596796
282600	0.0832141534701
282700	0.0832168044083
282800	0.083217247927
282900	0.0832178093034
283000	0.0832164277209
283100	0.0832177707548
283200	0.0832171365651
283300	0.0832149547796
283400	0.0832226991264
283500	0.0832228210946
283600	0.0832234488482
283700	0.0832253694422
283800	0.0832233408557
283900	0.0832244898293
284000	0.0832242779949
284100	0.0832272482493
284200	0.0832236337862
284300	0.0832228595102
284400	0.0832231946963
284500	0.0832253002032
284600	0.0832209625541
284700	0.0832186101744
284800	0.0832201702892
284900	0.0832191472294
285000	0.0832203218043
285100	0.0832182836327
285200	0.0832160184139
285300	0.0832176125854
285400	0.0832245581395
285500	0.0832258397527
285600	0.0832244629225
285700	0.0832193057374
285800	0.0832139612198
285900	0.0832186558227
286000	0.0832217129107
286100	0.0832255104007
286200	0.0832293622815
286300	0.0832317746977
286400	0.0832260358068
286500	0.0832260846336
286600	0.0832261989475
286700	0.0832264510128
286800	0.0832237780924
286900	0.0832258682822
287000	0.0832262286377
287100	0.0832255551628
287200	0.0832242885315
287300	0.083222285348
287400	0.0832211514112
287500	0.0832210995238
287600	0.0832226528738
287700	0.0832235627873
287800	0.0832255048001
287900	0.0832254888438
288000	0.0832270162164
288100	0.0832233322947
288200	0.0832248469384
288300	0.0832272420388
288400	0.0832249912758
288500	0.0832268818678
288600	0.0832358321707
288700	0.0832327466558
288800	0.0832348482444
288900	0.0832306839131
289000	0.0832318450618
289100	0.0832319147798
289200	0.0832354872821
289300	0.0832362485726
289400	0.0832412430225
289500	0.0832399705614
289600	0.0832430972961
289700	0.0832411543452
289800	0.0832405489273
289900	0.0832422471407
290000	0.0832381813513
290100	0.0832330727275
290200	0.0832342332492
290300	0.0832343417161
290400	0.0832359927182
290500	0.0832317853086
290600	0.0832308514608
290700	0.0832303544794
290800	0.0832313283893
290900	0.0832262848437
291000	0.0832241392192
291100	0.0832186996262
291200	0.083218394257
291300	0.083218349059
291400	0.0832163727969
291500	0.0832150739809
291600	0.0832150246048
291700	0.0832130024275
291800	0.0832149645137
291900	0.0832133750195
292000	0.0832163846406
292100	0.0832153185632
292200	0.0832164559419
292300	0.0832177968627
292400	0.0832140518772
292500	0.0832133748472
292600	0.0832138473486
292700	0.0832141813991
292800	0.0832138314321
292900	0.0832140273385
293000	0.0832157994411
293100	0.0832168867955
293200	0.0832160522536
293300	0.0832139692972
293400	0.083213175862
293500	0.0832143846324
293600	0.0832146674786
293700	0.0832152561486
293800	0.0832119478366
293900	0.0832037073602
294000	0.0832041258058
294100	0.0832035931635
294200	0.0832010523719
294300	0.0832028588221
294400	0.083201694257
294500	0.0832010170973
294600	0.0832034096254
294700	0.0832010954039
294800	0.0831997936764
294900	0.0831987316893
295000	0.0831949954358
295100	0.0831957467233
295200	0.0831991055562
295300	0.0831966889216
295400	0.0831956940437
295500	0.0831981502334
295600	0.0831990126792
295700	0.0832002881089
295800	0.0831986724071
295900	0.0831972387553
296000	0.0831992793849
296100	0.0831983830654
296200	0.0832013562979
296300	0.0832003225487
296400	0.0832025991087
296500	0.0832035668382
296600	0.0832069182829
296700	0.0832079703996
296800	0.0832041233393
296900	0.0832035675701
297000	0.0832083914193
297100	0.0832124884456
297200	0.0832113803639
297300	0.0832112097359
297400	0.0832106177407
297500	0.0832072979986
297600	0.0832063267629
297700	0.083205164238
297800	0.0832102247432
297900	0.0832076776937
298000	0.083208665662
298100	0.0832072801024
298200	0.0832073153986
298300	0.0832097752878
298400	0.0832117722637
298500	0.0832120736573
298600	0.0832110355666
298700	0.0832067583086
298800	0.0832127351684
298900	0.0832136294488
299000	0.0832152864492
299100	0.0832173121667
299200	0.0832203927379
299300	0.0832199904286
299400	0.0832169443357
299500	0.0832176508097
299600	0.083219650238
299700	0.0832207372645
299800	0.0832198151563
299900	0.0832180729349
300000	0.0832151812956
300100	0.0832150385065
300200	0.0832128637862
300300	0.0832137191808
300400	0.0832181528814
300500	0.0832161982423
300600	0.0832196423044
300700	0.0832213692239
300800	0.0832171072684
300900	0.0832152960994
301000	0.0832134197638
301100	0.083212179331
301200	0.083216083339
301300	0.0832166370577
301400	0.0832162073616
301500	0.0832169868763
301600	0.0832156191861
301700	0.0832154895554
301800	0.0832167861056
301900	0.0832187401055
302000	0.0832200618411
302100	0.0832184994603
302200	0.0832178724178
302300	0.0832177861678
302400	0.0832170471386
302500	0.0832156630681
302600	0.0832138642981
302700	0.0832156199237
302800	0.0832134256897
302900	0.0832153071499
303000	0.0832149253687
303100	0.0832194659247
303200	0.0832200459683
303300	0.0832201905739
303400	0.0832219457069
303500	0.0832186264867
303600	0.0832208701131
303700	0.0832175713804
303800	0.0832174575128
303900	0.0832152336283
304000	0.0832142446667
304100	0.0832141135417
304200	0.0832144808621
304300	0.0832171166095
304400	0.0832132308164
304500	0.0832165711988
304600	0.083216383019
304700	0.0832157473556
304800	0.0832186634216
304900	0.0832216978095
305000	0.0832225603186
305100	0.0832222508836
305200	0.0832202041795
305300	0.08321787319
305400	0.0832188357311
305500	0.0832226761008
305600	0.083223583282
305700	0.0832243052527
305800	0.0832261912785
305900	0.0832289830258
306000	0.0832249890281
306100	0.0832194179582
306200	0.0832207209202
306300	0.0832179258797
306400	0.083216675509
306500	0.0832212132843
306600	0.083223081413
306700	0.0832234748241
306800	0.0832195200666
306900	0.0832161589467
307000	0.0832168605382
307100	0.083220005473
307200	0.0832181146017
307300	0.0832214847194
307400	0.0832195439383
307500	0.0832135544778
307600	0.0832127041366
307700	0.0832118736216
307800	0.0832125393031
307900	0.0832096121891
308000	0.083209524824
308100	0.0832084616231
308200	0.083208509585
308300	0.0832123136242
308400	0.0832141565448
308500	0.0832147419834
308600	0.0832164496486
308700	0.0832169404357
308800	0.0832161172338
308900	0.0832158570392
309000	0.0832179252631
309100	0.0832159325598
309200	0.0832188035024
309300	0.0832191349551
309400	0.0832212115082
309500	0.083224080394
309600	0.0832252109045
309700	0.0832289851347
309800	0.0832233198245
309900	0.0832229368924
310000	0.0832260886725
310100	0.0832247614878
310200	0.0832298834736
310300	0.083232234891
310400	0.0832330756539
310500	0.08323004277
310600	0.0832261994328
310700	0.0832259814288
310800	0.0832243835334
310900	0.08322286332
311000	0.083224161333
311100	0.0832200850321
311200	0.0832176849539
311300	0.0832159145692
311400	0.0832167430003
311500	0.083215538612
311600	0.0832145652722
311700	0.0832164370429
311800	0.0832136291712
311900	0.0832139650928
312000	0.0832185831287
312100	0.0832207875467
312200	0.0832220694097
312300	0.0832169692867
312400	0.0832186128419
312500	0.0832176283386
312600	0.0832141411103
312700	0.0832127862152
312800	0.0832158601578
312900	0.0832145638353
313000	0.0832129110303
313100	0.0832123312852
313200	0.0832125186626
313300	0.083215639705
313400	0.0832183861449
313500	0.0832176777533
313600	0.0832199651702
313700	0.0832239417426
313800	0.0832239428932
313900	0.0832259227518
314000	0.0832279380869
314100	0.0832238725349
314200	0.0832265036055
314300	0.0832314072192
314400	0.0832332933902
314500	0.0832331150287
314600	0.083233442432
314700	0.0832305620091
314800	0.0832312653419
314900	0.0832280142588
315000	0.0832260985519
315100	0.0832266321797
315200	0.0832273437998
315300	0.0832286027659
315400	0.0832289132627
315500	0.0832270621079
315600	0.0832339453986
315700	0.0832352216976
315800	0.0832375613679
315900	0.0832356368682
316000	0.0832348121161
316100	0.0832369360318
316200	0.0832384550995
316300	0.0832413530874
316400	0.0832434945877
316500	0.0832454281038
316600	0.0832483697459
316700	0.083248069039
316800	0.0832460789151
316900	0.083247520675
317000	0.0832478870663
317100	0.0832470874686
317200	0.083249281896
317300	0.0832480893311
317400	0.0832500513048
317500	0.0832509652947
317600	0.0832494292656
317700	0.0832513431847
317800	0.0832552549353
317900	0.0832556085205
318000	0.0832533663414
318100	0.0832530503727
318200	0.0832518489748
318300	0.0832549680832
318400	0.083258758435
318500	0.0832583038372
318600	0.0832618752581
318700	0.0832607631139
318800	0.0832599640268
318900	0.0832586450945
319000	0.0832548661493
319100	0.0832559645597
319200	0.0832546215731
319300	0.0832524475223
319400	0.0832501583554
319500	0.0832482093961
319600	0.0832500828973
319700	0.0832528298473
319800	0.0832493999867
319900	0.0832502610403
320000	0.083247434223
320100	0.0832454524626
320200	0.0832438912049
320300	0.0832413537902
320400	0.0832409289647
320500	0.0832388418653
320600	0.083237435978
320700	0.0832357937272
320800	0.083238332898
320900	0.083240128764
321000	0.0832392652158
321100	0.0832359225321
321200	0.0832351243013
321300	0.083234679896
321400	0.0832364607656
321500	0.083235971735
321600	0.083239707486
321700	0.0832376909536
321800	0.0832372852699
321900	0.0832413909602
322000	0.0832442146669
322100	0.0832451654987
322200	0.0832456524885
322300	0.0832439475952
322400	0.083244108242
322500	0.0832443624857
322600	0.0832437478576
322700	0.0832430713331
322800	0.0832443261009
322900	0.08324716838
323000	0.0832495975558
323100	0.0832500722727
323200	0.0832519583221
323300	0.0832527899613
323400	0.0832540129045
323500	0.0832528915454
323600	0.083252347935
323700	0.0832539746568
323800	0.0832525634705
323900	0.0832493779834
324000	0.0832485055921
324100	0.0832473513875
324200	0.0832434316236
324300	0.0832442771683
324400	0.0832412376465
324500	0.083245663897
324600	0.0832466688255
324700	0.0832456779629
324800	0.0832436292813
324900	0.0832413410187
325000	0.0832434572975
325100	0.0832466635015
325200	0.0832448568285
325300	0.0832441143014
325400	0.083243410396
325500	0.0832474746734
325600	0.0832497557247
325700	0.083253757105
325800	0.0832519528804
325900	0.0832531414541
326000	0.0832488965734
326100	0.0832484331928
326200	0.0832516561045
326300	0.0832501749182
326400	0.0832495453538
326500	0.083249980441
326600	0.0832488881439
326700	0.0832456140813
326800	0.0832465559139
326900	0.0832462535492
327000	0.0832478852181
327100	0.0832456909833
327200	0.0832452309604
327300	0.0832467346303
327400	0.0832468278308
327500	0.0832426712706
327600	0.0832403576033
327700	0.083239790682
327800	0.0832395228016
327900	0.0832376941053
328000	0.0832363547821
328100	0.0832368980898
328200	0.083237328814
328300	0.0832414763441
328400	0.0832411134466
328500	0.0832396325957
328600	0.0832387746549
328700	0.0832435306384
328800	0.0832418004314
328900	0.0832439331669
329000	0.0832416633922
329100	0.0832440705951
329200	0.0832419162828
329300	0.0832397279964
329400	0.0832400242634
329500	0.0832347457442
329600	0.0832346476075
329700	0.0832318820502
329800	0.0832333697659
329900	0.0832303821133
330000	0.0832312324741
330100	0.0832329472782
330200	0.0832318801664
330300	0.0832314631265
330400	0.083234192138
330500	0.083233503639
330600	0.0832309592591
330700	0.0832308092655
330800	0.0832282593774
330900	0.0832284992358
331000	0.0832314359383
331100	0.0832305814862
331200	0.0832309477974
331300	0.0832283450301
331400	0.0832279321005
331500	0.0832303082968
331600	0.0832328687528
331700	0.083235243897
331800	0.0832308491544
331900	0.0832307399993
332000	0.0832362496371
332100	0.0832355809413
332200	0.0832388694663
332300	0.0832396951222
332400	0.0832370152731
332500	0.0832359746816
332600	0.0832385507561
332700	0.0832390242918
332800	0.0832397215315
332900	0.0832420830273
333000	0.0832444747696
333100	0.0832459149086
333200	0.083245410997
333300	0.0832443685485
333400	0.0832427199728
333500	0.0832418451899
333600	0.0832454000842
333700	0.0832441883124
333800	0.0832449479141
333900	0.0832428826442
334000	0.0832406522354
334100	0.0832411989534
334200	0.0832405924508
334300	0.0832379435449
334400	0.0832360852693
334500	0.083235489932
334600	0.0832327430948
334700	0.0832302194444
334800	0.0832314970363
334900	0.0832312083934
335000	0.0832349844496
335100	0.0832365678726
335200	0.0832377764195
335300	0.083236675582
335400	0.0832365903725
335500	0.0832361837782
335600	0.0832349513043
335700	0.0832341217895
335800	0.0832312979393
335900	0.0832304558347
336000	0.0832290744137
336100	0.083228814004
336200	0.0832282787423
336300	0.083229382224
336400	0.0832353985218
336500	0.0832327910414
336600	0.0832339007775
336700	0.0832372799031
336800	0.0832394159803
336900	0.0832390049616
337000	0.0832374730418
337100	0.0832402234452
337200	0.083242224933
337300	0.0832429289301
337400	0.0832474441326
337500	0.0832500757083
337600	0.0832516310443
337700	0.0832549700114
337800	0.0832571448401
337900	0.0832565322336
338000	0.0832568255551
338100	0.0832564387147
338200	0.0832586924618
338300	0.0832588809671
338400	0.0832594637775
338500	0.0832603276134
338600	0.0832600250639
338700	0.0832576204245
338800	0.0832612380997
338900	0.0832622769321
339000	0.0832640637435
339100	0.0832678721606
339200	0.0832698513974
339300	0.0832708076255
339400	0.0832704326578
339500	0.08327219181
339600	0.0832744695959
339700	0.0832766309378
339800	0.0832752046551
339900	0.0832735403423
340000	0.083275752189
340100	0.08327647348
340200	0.0832797597312
340300	0.0832780823322
340400	0.0832791648809
340500	0.0832796640787
340600	0.0832780574947
340700	0.083281965083
340800	0.0832844426771
340900	0.0832845713349
341000	0.0832891848616
341100	0.0832930626698
341200	0.0832929479974
341300	0.0832968212667
341400	0.0832972511188
341500	0.0833009860551
341600	0.0833039362193
341700	0.0833068987124
341800	0.0833068074515
341900	0.0833062150693
342000	0.083305334611
342100	0.0833046563239
342200	0.0833046100757
342300	0.0833048161193
342400	0.0833046801852
342500	0.0833056928472
342600	0.0833095566388
342700	0.0833101346708
342800	0.0833125980382
342900	0.0833124894753
343000	0.0833093763967
343100	0.0833077008416
343200	0.0833049201138
343300	0.0833030293471
343400	0.0833009924922
343500	0.0833035381641
343600	0.0833023915229
343700	0.0833060327536
343800	0.0833055581568
343900	0.0833059148509
344000	0.0833079083495
344100	0.0833086654834
344200	0.0833104769984
344300	0.0833090161981
344400	0.0833086238078
344500	0.0833086940026
344600	0.0833089807305
344700	0.0833080741176
344800	0.0833075300913
344900	0.0833083350559
345000	0.0833112973162
345100	0.0833112578462
345200	0.0833125760241
345300	0.0833105751283
345400	0.083311839563
345500	0.0833139650132
345600	0.0833152439589
345700	0.0833155667262
345800	0.0833142803342
345900	0.0833141939536
346000	0.0833112483885
346100	0.0833083038473
346200	0.0833088958729
346300	0.0833115329082
346400	0.0833125743758
346500	0.0833096460904
346600	0.0833115513142
346700	0.0833102112368
346800	0.0833082957164
346900	0.0833078646674
347000	0.0833068833476
347100	0.0833123879272
347200	0.0833118149204
347300	0.083309557403
347400	0.0833093023933
347500	0.0833093424336
347600	0.0833081173985
347700	0.0833105222252
347800	0.0833091855869
347900	0.0833096226675
348000	0.0833093584919
348100	0.083309145472
348200	0.083309664769
348300	0.0833100952466
348400	0.0833111104871
348500	0.0833123295388
348600	0.0833094435196
348700	0.0833046315961
348800	0.0833047577007
348900	0.0833080723191
349000	0.0833097985098
349100	0.0833083050769
349200	0.0833057245013
349300	0.0833119943974
349400	0.0833134544621
349500	0.0833144326095
349600	0.0833159804363
349700	0.0833136643723
349800	0.0833077895103
349900	0.0833055955129
