100	0.04849882
200	0.034452515
300	0.0208945166667
400	0.0145845125
500	0.013031644
600	0.014789955
700	0.0214940842857
800	0.01674121875
900	0.0153131644444
1000	0.016723317
1100	0.0154873918182
1200	0.0160129233333
1300	0.0194556692308
1400	0.0181956414286
1500	0.0191031186667
1600	0.01982782625
1700	0.0198014294118
1800	0.018984285
1900	0.0202413236842
2000	0.020347307
2100	0.0191954909524
2200	0.0180850395455
2300	0.0169208804348
2400	0.0174305158333
2500	0.0165648212
2600	0.0170693361538
2700	0.0158111092593
2800	0.0147188689286
2900	0.0126118841379
3000	0.0110345746667
3100	0.011243373871
3200	0.010811874375
3300	0.0116986778788
3400	0.0119443002941
3500	0.0116855408571
3600	0.0118598294444
3700	0.0106683259459
3800	0.00949455578947
3900	0.00850197179487
4000	0.007641462
4100	0.00788400097561
4200	0.00777560357143
4300	0.00843445465116
4400	0.00818361159091
4500	0.00859962355556
4600	0.007548765
4700	0.00772069297872
4800	0.00736619104167
4900	0.00681296632653
5000	0.0059286774
5100	0.00508054764706
5200	0.0045960375
5300	0.00429893018868
5400	0.00459956981482
5500	0.00531626836364
5600	0.00537584857143
5700	0.00488987017544
5800	0.00585365689655
5900	0.00518063711864
6000	0.00545943833333
6100	0.00547289459016
6200	0.00530174
6300	0.0050925215873
6400	0.00534146953125
6500	0.00501217123077
6600	0.005027005
6700	0.00535818537313
6800	0.00546097117647
6900	0.00508442130435
7000	0.00485622142857
7100	0.00520525943662
7200	0.00563235555556
7300	0.00447705945206
7400	0.00466766743243
7500	0.00414546626667
7600	0.00403623328947
7700	0.00390140818182
7800	0.00405572730769
7900	0.00385066835443
8000	0.003524198875
8100	0.00426916283951
8200	0.00397052719512
8300	0.0035806986747
8400	0.00367574464286
8500	0.00344084258824
8600	0.00360188174419
8700	0.00339038816092
8800	0.00317116761364
8900	0.0033833441573
9000	0.00322983133333
9100	0.00312710175824
9200	0.0028028673913
9300	0.00254393806452
9400	0.00238758425532
9500	0.00286181736842
9600	0.00280460364583
9700	0.00277604835052
9800	0.00278572193878
9900	0.00287316666667
10000	0.0029752927
10100	0.00298262613861
10200	0.0037101195098
10300	0.00393556504854
10400	0.00411541057692
10500	0.00381397704762
10600	0.00380545735849
10700	0.00409117364486
10800	0.00434038638889
10900	0.00473127394495
11000	0.00415541263636
11100	0.00440667513513
11200	0.00440733330357
11300	0.00482163318584
11400	0.00448414447368
11500	0.00469095495652
11600	0.00485272172414
11700	0.00489480794872
11800	0.00472469838983
11900	0.00445942789916
12000	0.00452296883333
12100	0.00459328719008
12200	0.00467188016393
12300	0.00475784552845
12400	0.00471355637096
12500	0.0047926768
12600	0.00440229960317
12700	0.00461115826771
12800	0.0046619721875
12900	0.00438311782945
13000	0.00468607884615
13100	0.00473301694656
13200	0.00448342598485
13300	0.00418936285714
13400	0.00433599925373
13500	0.00435233059259
13600	0.00386007595588
13700	0.00410492058394
13800	0.00424836028985
13900	0.00400373604316
14000	0.00395021664285
14100	0.00400470319149
14200	0.00401370711267
14300	0.00413080804196
14400	0.00412047034722
14500	0.00387148503448
14600	0.0033200089726
14700	0.00287506278911
14800	0.00288231141892
14900	0.00286239557047
15000	0.0029901156
15100	0.00267072344371
15200	0.00247659282894
15300	0.00227440986928
15400	0.00233196512987
15500	0.00227317438709
15600	0.00209436166666
15700	0.00241141471337
15800	0.00285641506329
15900	0.00279457012578
16000	0.0031955614375
16100	0.00331319888199
16200	0.00341375358025
16300	0.00332954932515
16400	0.00303957920732
16500	0.00314709478788
16600	0.0030988286747
16700	0.00303394760479
16800	0.00287102005952
16900	0.00272653112426
17000	0.00301781529412
17100	0.0029243402924
17200	0.00267303965116
17300	0.00273731439306
17400	0.00334084729885
17500	0.00352411108571
17600	0.00370551198864
17700	0.00375522220339
17800	0.00365335882022
17900	0.00357137625698
18000	0.00357531672222
18100	0.00380617933702
18200	0.00347749192308
18300	0.00299001196721
18400	0.00281637391304
18500	0.00279838686486
18600	0.0031252122043
18700	0.00306842101604
18800	0.00291691489362
18900	0.00268974037037
19000	0.00267510273684
19100	0.00230373125654
19200	0.00225817609375
19300	0.00239396880829
19400	0.00237284546392
19500	0.00233861610256
19600	0.00236242112245
19700	0.0022349671066
19800	0.00232134929293
19900	0.00221150150754
20000	0.0022983441
20100	0.00231453109453
20200	0.00234717074257
20300	0.00231608610837
20400	0.00204221519608
20500	0.0020269897561
20600	0.0020856742233
20700	0.00193524961353
20800	0.00196424927885
20900	0.00169408607655
21000	0.00182145004762
21100	0.00168110246445
21200	0.00180087900943
21300	0.00177631976526
21400	0.00177168757009
21500	0.00189272651163
21600	0.00212204736111
21700	0.00212601456221
21800	0.00212314146789
21900	0.00221965105023
22000	0.00217161513636
22100	0.00197319072398
22200	0.00198116887387
22300	0.00188644098655
22400	0.00189231321429
22500	0.00210642275556
22600	0.00228314738938
22700	0.00230665938326
22800	0.00219655833333
22900	0.00213301624454
23000	0.0020379206087
23100	0.00199823168831
23200	0.00187361193966
23300	0.00183121356223
23400	0.00176901064103
23500	0.0016651492766
23600	0.00198652173729
23700	0.0020374093249
23800	0.00194561789916
23900	0.00181534878661
24000	0.00182249454167
24100	0.00180353796681
24200	0.00179436747934
24300	0.00172453934157
24400	0.00180523159836
24500	0.00165328669388
24600	0.00142886247968
24700	0.00150238955466
24800	0.00170670020161
24900	0.00166910666667
25000	0.00149880696
25100	0.00148360593626
25200	0.00146881853175
25300	0.00140619873518
25400	0.00128049177165
25500	0.00111849435294
25600	0.00120808320313
25700	0.00111553097276
25800	0.0011922179845
25900	0.00129378741313
26000	0.00133439434615
26100	0.00132635088123
26200	0.00143852477099
26300	0.00148027939164
26400	0.00163853314394
26500	0.00173588618868
26600	0.00178815691729
26700	0.00184704670412
26800	0.00159286660448
26900	0.00167935163569
27000	0.00195878181481
27100	0.00184016490775
27200	0.0018125175
27300	0.00173846454212
27400	0.00170324835766
27500	0.00153304690909
27600	0.00155071268116
27700	0.00152122209386
27800	0.00154423615108
27900	0.00157378405018
28000	0.00178540542857
28100	0.00191425409253
28200	0.00205123950355
28300	0.00194854943463
28400	0.0020898725
28500	0.00215570607017
28600	0.00218788048951
28700	0.00215872209059
28800	0.00228958111111
28900	0.00232168792387
29000	0.00248275768965
29100	0.00261409223368
29200	0.00258683684931
29300	0.00238934064846
29400	0.00256816972789
29500	0.00248569494915
29600	0.00245446094595
29700	0.00250555063973
29800	0.00235822261745
29900	0.00218336742475
30000	0.0021566529
30100	0.00206631770764
30200	0.00223664678808
30300	0.00224948511551
30400	0.00224909851974
30500	0.002333922
30600	0.00232487042484
30700	0.00224638162866
30800	0.00223663792208
30900	0.00217859359223
31000	0.00207285267742
31100	0.00198713829582
31200	0.00208970028846
31300	0.00216278840256
31400	0.00196755041401
31500	0.00200625009524
31600	0.00197407101266
31700	0.00194507447949
31800	0.0019225504717
31900	0.00195303968652
32000	0.00200900175
32100	0.00201952672897
32200	0.00199073201863
32300	0.00227957891641
32400	0.00206717117284
32500	0.00201299064615
32600	0.00198282361963
32700	0.00196501535168
32800	0.00210874948171
32900	0.00200840389058
33000	0.00196397484849
33100	0.00201144761329
33200	0.00204506240964
33300	0.00208002360361
33400	0.00219894763473
33500	0.002189134
33600	0.00204701931548
33700	0.00200136557864
33800	0.00184245991124
33900	0.00169305135693
34000	0.00166560647059
34100	0.00170839956012
34200	0.00185342818714
34300	0.00190015749271
34400	0.00202431037791
34500	0.00188041205797
34600	0.00193492965318
34700	0.00205872694525
34800	0.00203644724138
34900	0.00200690183381
35000	0.002105001
35100	0.00201796803419
35200	0.00204682715909
35300	0.00209705957507
35400	0.00224103587571
35500	0.00225094008451
35600	0.0023937494663
35700	0.00237285109244
35800	0.00239326812849
35900	0.00229988139276
36000	0.00239281530556
36100	0.00238847542937
36200	0.00249240569061
36300	0.00242860584022
36400	0.00233895225275
36500	0.0023598830685
36600	0.00254611005465
36700	0.00244989626703
36800	0.00234002472826
36900	0.00244883750678
37000	0.00244200705406
37100	0.00232340606469
37200	0.00222526193549
37300	0.00240288603218
37400	0.0023322940107
37500	0.00246870888
37600	0.00253467699468
37700	0.00242997665783
37800	0.0024037410582
37900	0.00236712013193
38000	0.00225270144737
38100	0.00237570514436
38200	0.00233925109948
38300	0.00233587856397
38400	0.00240190679688
38500	0.00245588090909
38600	0.00242366101037
38700	0.00240005793282
38800	0.00240943765464
38900	0.00252014856042
39000	0.0026073733077
39100	0.00253401503837
39200	0.00262214290817
39300	0.00267068157761
39400	0.00259201720812
39500	0.00257033696203
39600	0.00255487560606
39700	0.00261087831234
39800	0.00251130673367
39900	0.00254622794486
40000	0.00246442175
40100	0.00248397605985
40200	0.00244209156717
40300	0.00235621042184
40400	0.00240337782178
40500	0.0024158597284
40600	0.00252027096059
40700	0.00250531132678
40800	0.00257780137255
40900	0.00258687066015
41000	0.00255852778049
41100	0.00253287211679
41200	0.00261489621359
41300	0.00263519430993
41400	0.00268043990338
41500	0.00268352590362
41600	0.00261503737981
41700	0.00257022810552
41800	0.00252434739235
41900	0.00242090107399
42000	0.00231371530952
42100	0.00231029679335
42200	0.00232559594787
42300	0.00230170955083
42400	0.00218581700472
42500	0.00207204155294
42600	0.00200256316901
42700	0.00200881540984
42800	0.00197555198598
42900	0.00199341484848
43000	0.00206909386046
43100	0.0020717500232
43200	0.0020361993287
43300	0.00204804103926
43400	0.00207882331797
43500	0.00199609406896
43600	0.00193677731651
43700	0.00190219443936
43800	0.00197717136986
43900	0.00200058136674
44000	0.00186665713636
44100	0.00182141891156
44200	0.00171396626697
44300	0.00170965485327
44400	0.00166441002252
44500	0.00164622435955
44600	0.00168599551569
44700	0.00177112489933
44800	0.00179351100446
44900	0.00183625694877
45000	0.00188854911111
45100	0.00191232514412
45200	0.0018686634292
45300	0.00182896024282
45400	0.00187755290749
45500	0.00184802410989
45600	0.00180095644737
45700	0.001721517221
45800	0.00171769032751
45900	0.00173104925926
46000	0.00163626032609
46100	0.00165385275488
46200	0.00159352329004
46300	0.00149954257019
46400	0.00151893034483
46500	0.00153625991398
46600	0.00153932429184
46700	0.00149238837259
46800	0.00149753752137
46900	0.0014532108742
47000	0.00138415668085
47100	0.001251825138
47200	0.00112885635593
47300	0.00116933080338
47400	0.00113591808017
47500	0.00106695913684
47600	0.00115311023109
47700	0.00115977610063
47800	0.00115263512552
47900	0.0011466440501
48000	0.00104180341666
48100	0.00104260480249
48200	0.00104044053942
48300	0.000981734140785
48400	0.000944709979337
48500	0.000902136536081
48600	0.000923708230451
48700	0.000872554763859
48800	0.000888492622949
48900	0.000948851083843
49000	0.000802547897958
49100	0.000909480896129
49200	0.00101437264227
49300	0.00095565541582
49400	0.00102362997976
49500	0.000965126747474
49600	0.000896387237902
49700	0.000909747002011
49800	0.000868533995983
49900	0.00093984022044
50000	0.000919606059999
50100	0.000879256826346
50200	0.000930552171313
50300	0.000839295944332
50400	0.000955265694443
50500	0.000907356693068
50600	0.000886010869564
50700	0.000875615128204
50800	0.000950005472439
50900	0.000890569528485
51000	0.000778960156861
51100	0.000627539804304
51200	0.000679558886717
51300	0.000537928499024
51400	0.000553531906614
51500	0.000504982970873
51600	0.000486068062015
51700	0.000494205164409
51800	0.000375651833976
51900	0.000433236782273
52000	0.000555788384614
52100	0.000616284357005
52200	0.000614512471263
52300	0.000704682485658
52400	0.000646515286258
52500	0.000718561523808
52600	0.000767394828895
52700	0.000738064592029
52800	0.000719147784089
52900	0.000601209981095
53000	0.000646220320753
53100	0.000645455254236
53200	0.000735733815788
53300	0.000830291069416
53400	0.000890263913855
53500	0.000915340710278
53600	0.000968347835819
53700	0.00091642595903
53800	0.000974816933084
53900	0.00104520710575
54000	0.00100594955555
54100	0.000945425341957
54200	0.000826072140219
54300	0.000912933904234
54400	0.000864819687498
54500	0.000876291449539
54600	0.000802871062269
54700	0.000771199451552
54800	0.000760809489049
54900	0.000706011639342
55000	0.000680681309089
55100	0.00068934597096
55200	0.000800348460143
55300	0.000711012206146
55400	0.000635530361008
55500	0.00067295598198
55600	0.000708974640286
55700	0.000728823716336
55800	0.000765875197131
55900	0.000743880894453
56000	0.000733875607141
56100	0.000759278502671
56200	0.00072448813167
56300	0.000777603765539
56400	0.000752552978721
56500	0.00068699854867
56600	0.0006780770318
56700	0.000702053950616
56800	0.000625593010562
56900	0.000621716977152
57000	0.000576817122806
57100	0.00055707688266
57200	0.00045683861888
57300	0.00039063497382
57400	0.000440012264807
57500	0.000529435513042
57600	0.000479894565971
57700	0.000422632339687
57800	0.000482743598614
57900	0.000451609982727
58000	0.000459469310343
58100	0.000481057814112
58200	0.000448385034362
58300	0.000431585283017
58400	0.000486156695204
58500	0.000502648615383
58600	0.000425261006824
58700	0.000335375604768
58800	0.000279865272107
58900	0.000344115738538
59000	0.000303975152541
59100	0.000290515685277
59200	0.000287598564188
59300	0.000267174013489
59400	0.000251511599325
59500	0.000314422033611
59600	0.000369189429528
59700	0.000503167772192
59800	0.000629266270901
59900	0.000668381853086
60000	0.000730649666664
60100	0.000801593277868
60200	0.00071608541528
60300	0.000606348557212
60400	0.000548877152316
60500	0.000551282909089
60600	0.000563403679866
60700	0.000616088105435
60800	0.000596081694077
60900	0.000536672692937
61000	0.000652422622949
61100	0.000701163076921
61200	0.000794288235292
61300	0.000714573670471
61400	0.000754224006512
61500	0.000799882162599
61600	0.000847816120127
61700	0.00078001285251
61800	0.000788751148865
61900	0.000756302681743
62000	0.000658786274191
62100	0.000636026425118
62200	0.000561086254017
62300	0.000497095200639
62400	0.000455874679484
62500	0.000412580271998
62600	0.000314412539933
62700	0.000304008819774
62800	0.000378596226112
62900	0.000389299236882
63000	0.000354813396823
63100	0.000387258478603
63200	0.000459755063289
63300	0.000484333475511
63400	0.000455383517348
63500	0.000421993118108
63600	0.0003390627044
63700	0.000310744003138
63800	0.000297311175546
63900	0.00028213737089
64000	0.000329065624998
64100	0.000301848190325
64200	0.000373818800621
64300	0.000402217807151
64400	0.000472411024842
64500	0.000432072139532
64600	0.000315979922598
64700	0.000313182411126
64800	0.000346877484566
64900	0.000292418258858
65000	0.000293151492305
65100	0.000298052596004
65200	0.000340800352759
65300	0.000374616768757
65400	0.000375844143729
65500	0.000364340198471
65600	0.000465131661583
65700	0.000468702404868
65800	0.000512504118539
65900	0.000499526176022
66000	0.000534106303028
66100	0.000580078925868
66200	0.000612281570995
66300	0.000629213318248
66400	0.000598478057226
66500	0.000605248075185
66600	0.000625519234231
66700	0.000574966776609
66800	0.000568242634728
66900	0.000573310194316
67000	0.000572376999997
67100	0.000556737630399
67200	0.000551575877973
67300	0.000466013521542
67400	0.000479328427296
67500	0.000455463244441
67600	0.000475899112423
67700	0.00041477694239
67800	0.000334540914452
67900	0.000346963004416
68000	0.000325421941173
68100	0.000312881629952
68200	0.00031629975073
68300	0.00034524310395
68400	0.000364396652044
68500	0.000298125927005
68600	0.000250265451893
68700	0.000193301906839
68800	0.000151070058137
68900	3.9911843249e-05
69000	-4.82867681182e-05
69100	-0.000140363241681
69200	-0.000111628656072
69300	-4.5956580089e-05
69400	-3.07024783883e-05
69500	-5.14349064768e-05
69600	7.76091952703e-07
69700	2.48969727391e-05
69800	8.15878223348e-06
69900	4.76177682387e-05
70000	5.3310171427e-05
70100	3.78402139785e-05
70200	3.83061680899e-05
70300	4.13065291588e-05
70400	5.3237642043e-05
70500	-1.77180142069e-06
70600	-1.0718427764e-05
70700	-2.58308203692e-05
70800	-3.36362570632e-05
70900	-7.12848942179e-05
71000	-0.000144311957748
71100	-9.94736568228e-05
71200	-0.000126089691013
71300	-6.54251332417e-05
71400	-3.0772591038e-05
71500	-5.96847832183e-05
71600	-8.82197067051e-05
71700	-7.94958437946e-05
71800	-4.6045793873e-05
71900	-0.000110582809459
72000	-0.000126069361113
72100	-5.61408460484e-05
72200	-3.08329085884e-05
72300	-7.50942600291e-05
72400	-7.48923480676e-05
72500	-0.000113765337933
72600	-0.000119947038569
72700	-0.000138900398901
72800	-0.000121614203298
72900	-0.00013104781893
73000	-0.000158167273973
73100	-0.000156609794802
73200	-0.00014463295082
73300	-7.74190177358e-05
73400	-4.04788419623e-05
73500	-2.54361496601e-05
73600	5.57244701083e-05
73700	1.92801356846e-05
73800	8.6436314306e-07
73900	3.48574289573e-05
74000	-1.88711891895e-05
74100	-6.25273144398e-05
74200	-7.86905390834e-05
74300	-6.81472409148e-05
74400	-3.24404704292e-05
74500	-2.60474630862e-05
74600	-4.35681099187e-05
74700	-8.90355421677e-05
74800	-0.000132282967914
74900	-0.000132917129505
75000	-0.000107828933333
75100	-7.3126577896e-05
75200	-3.27525930851e-05
75300	-4.36032138112e-05
75400	1.52775729443e-05
75500	1.39233907286e-05
75600	-1.88407539679e-05
75700	-8.50972258926e-06
75800	-5.42990765177e-05
75900	-2.15424901187e-05
76000	-3.02496184208e-05
76100	-1.14385151114e-05
76200	-6.69778215218e-06
76300	-6.32272739186e-05
76400	-4.68927094238e-05
76500	-3.91581568625e-05
76600	-8.22359138376e-05
76700	-6.36002216425e-05
76800	-6.71705468748e-05
76900	-5.01211963584e-05
77000	-6.33383116805e-06
77100	1.23329182883e-05
77200	3.35866709849e-05
77300	-1.04867787837e-05
77400	-3.29208914723e-05
77500	-1.28211870964e-05
77600	6.62964948461e-05
77700	3.94850193055e-05
77800	4.77929820056e-05
77900	4.66622464703e-05
78000	3.66929615389e-05
78100	7.93626120358e-05
78200	2.65614961636e-05
78300	2.89661302683e-05
78400	-3.15044642812e-06
78500	-3.8670968152e-05
78600	-7.73717557249e-05
78700	-0.00015498956798
78800	-0.000133096357868
78900	-0.000129362775665
79000	-0.000138637848101
79100	-0.00011313307206
79200	-0.000121371540403
79300	-0.00013212706179
79400	-8.01018513847e-05
79500	-9.38732452825e-05
79600	-1.73787688434e-05
79700	5.0513249687e-05
79800	2.64754386048e-06
79900	2.88598998756e-05
80000	-1.83796874994e-05
80100	-1.67808364537e-05
80200	4.99915212071e-06
80300	-4.90917061015e-05
80400	-3.23798258698e-05
80500	-7.100126708e-05
80600	-7.02233622822e-05
80700	-5.02220693912e-05
80800	-2.01912376223e-05
80900	-1.84181829405e-05
81000	2.89320989166e-07
81100	4.19031072765e-05
81200	3.13913793121e-05
81300	3.76502091042e-05
81400	-2.17106019632e-05
81500	-2.00988957029e-05
81600	-4.81471813446e-06
81700	-3.02562790668e-05
81800	-5.05324205349e-05
81900	-2.15569230735e-05
82000	1.19547804917e-05
82100	3.00735079209e-05
82200	8.75238077896e-05
82300	0.00010350156744
82400	0.000114463531557
82500	0.000160662557579
82600	0.000129213922522
82700	8.43552841632e-05
82800	6.04655072501e-05
82900	5.74788057939e-05
83000	3.33440963899e-05
83100	6.07802286444e-05
83200	4.65168269267e-05
83300	2.88793997637e-05
83400	-2.06094963992e-05
83500	-8.78573652291e-06
83600	-2.26587320532e-05
83700	-4.31858422899e-05
83800	-4.37995584683e-05
83900	6.4452324231e-06
84000	2.97396428917e-06
84100	4.54938644506e-05
84200	1.95471615236e-05
84300	-5.88366547727e-06
84400	9.42835308371e-06
84500	4.62616331396e-05
84600	0.000125191583928
84700	0.000186589598587
84800	0.000181415813683
84900	0.000164460859839
85000	0.000198901129416
85100	0.000208228707408
85200	0.000187928497657
85300	0.000165314302467
85400	0.000163238852464
85500	0.00019511341521
85600	0.0002222005958
85700	0.000187023768967
85800	0.000221503391614
85900	0.000254645483126
86000	0.000211278441867
86100	0.000247957247393
86200	0.000292641740146
86300	0.000226316292011
86400	0.000192717592599
86500	0.000162367352607
86600	0.00013003637414
86700	0.00010824201846
86800	0.000152520000005
86900	0.00017633062141
87000	0.00020356047127
87100	0.000231019311142
87200	0.000253629197253
87300	0.000262602016042
87400	0.000247244885589
87500	0.000188417302862
87600	0.000145132146124
87700	0.000177983819846
87800	0.000186150466976
87900	0.000221089112634
88000	0.000207305886369
88100	0.000251926912605
88200	0.000261712176876
88300	0.000262698154026
88400	0.000236898563354
88500	0.000197375152548
88600	0.000192623769757
88700	0.000235400045102
88800	0.000261447015771
88900	0.00021625132734
89000	0.000146647191017
89100	0.000141314130197
89200	0.000179913318392
89300	0.000155203617027
89400	0.000107007651013
89500	0.000160255776542
89600	0.000139841406255
89700	0.000110450468233
89800	0.000139841570161
89900	0.000148802780873
90000	0.000190957588894
90100	0.000148750110993
90200	0.000124429368076
90300	0.000151314385388
90400	0.000148698230094
90500	0.000162637270723
90600	0.000166078410601
90700	0.000179321003313
90800	0.000152121696041
90900	0.000140489119918
91000	0.000164920747258
91100	0.000119477398469
91200	0.000131868157901
91300	0.000110316462219
91400	0.000132364737424
91500	0.00016711574864
91600	0.000174541364635
91700	0.000145769738283
91800	0.00017765665578
91900	0.000186875233956
92000	0.000204731239136
92100	0.00020649410424
92200	0.000234190271155
92300	0.000225972123516
92400	0.000193769686153
92500	0.000228751643249
92600	0.000284822332619
92700	0.000282063149952
92800	0.000251067112075
92900	0.000288786975248
93000	0.000328368172049
93100	0.000380235907633
93200	0.000379070633053
93300	0.000350890525193
93400	0.000325313961462
93500	0.000328227807492
93600	0.000345168301288
93700	0.000378262988267
93800	0.00034525025587
93900	0.000317128029825
94000	0.000317756744687
94100	0.000339885696074
94200	0.000325327293
94300	0.000381299533411
94400	0.000395215487295
94500	0.000386520010589
94600	0.000354979196624
94700	0.000361088500535
94800	0.000410367025323
94900	0.000459548103274
95000	0.000471785063165
95100	0.000490926561521
95200	0.000489216018914
95300	0.000475107806932
95400	0.00046093520965
95500	0.000459570439797
95600	0.000435904278249
95700	0.000424642163016
95800	0.000417428778713
95900	0.000373775328474
96000	0.000322990625007
96100	0.000316400052036
96200	0.000247524459467
96300	0.000224775181731
96400	0.000204230663907
96500	0.00023065762695
96600	0.000230036366466
96700	0.000249711654609
96800	0.000240203935957
96900	0.000214155954599
97000	0.000210870835058
97100	0.000211550072097
97200	0.000252664248977
97300	0.000258511366912
97400	0.000181196858322
97500	0.000152044882056
97600	0.00014706198771
97700	9.15019242627e-05
97800	5.8772024545e-05
97900	6.20100408634e-05
98000	4.80357143406e-06
98100	-3.23099694137e-05
98200	9.67090631887e-06
98300	-8.42369277199e-06
98400	2.58422052901e-05
98500	3.15434314775e-05
98600	-1.39577991834e-05
98700	5.2778399195e-05
98800	1.837003037e-05
98900	-9.97536905428e-06
99000	-3.14200606009e-05
99100	-7.56485367787e-06
99200	-2.41294959622e-05
99300	5.60369587688e-06
99400	-3.04403219258e-05
99500	8.73269347301e-06
99600	4.03579317865e-06
99700	-3.2415536604e-05
99800	-1.74178256458e-05
99900	-6.76960260206e-05
100000	-9.90302099944e-05
100100	-9.18846753194e-05
100200	-0.000141915429136
100300	-0.000152821904282
100400	-0.000126042539835
100500	-0.000110770547258
100600	-7.67387773305e-05
100700	-4.76978152875e-05
100800	-6.66722122963e-05
100900	-0.000126973012879
101000	-0.000173876425738
101100	-0.000245432898116
101200	-0.000246783181813
101300	-0.000274038914112
101400	-0.000254790078891
101500	-0.00022628277832
101600	-0.000250344370074
101700	-0.000263241101273
101800	-0.000277410815319
101900	-0.000257418449455
102000	-0.000258839990191
102100	-0.000251625367282
102200	-0.000249734285709
102300	-0.000269620967737
102400	-0.000246855898432
102500	-0.000238524517068
102600	-0.000188125526311
102700	-0.000187161100287
102800	-0.000269845330735
102900	-0.000283929630705
103000	-0.00026999080582
103100	-0.000228582715805
103200	-0.000247308352708
103300	-0.000227999428843
103400	-0.000220003897481
103500	-0.000210891101444
103600	-0.000178372818528
103700	-0.000180851986495
103800	-0.000203815867047
103900	-0.000237486948985
104000	-0.000229617586534
104100	-0.0002000825072
104200	-0.000240952101722
104300	-0.00022341483221
104400	-0.000228362777772
104500	-0.000277311559803
104600	-0.000294321921601
104700	-0.00025989361031
104800	-0.000256817614499
104900	-0.000248698579594
105000	-0.000275893295233
105100	-0.000278839419595
105200	-0.000248145617866
105300	-0.000246623057925
105400	-0.000186948292215
105500	-0.000192992568716
105600	-0.000240528437495
105700	-0.000259488694414
105800	-0.000285197892245
105900	-0.000292484013215
106000	-0.000324217386788
106100	-0.000332797200749
106200	-0.000395025762707
106300	-0.000409206340541
106400	-0.000420714586462
106500	-0.00041981674178
106600	-0.00044891885553
106700	-0.000481742474223
106800	-0.000460854588011
106900	-0.000493769840969
107000	-0.000480412214949
107100	-0.000485390756298
107200	-0.000534102145518
107300	-0.00050541988816
107400	-0.000490523752323
107500	-0.000460702362787
107600	-0.000434597602227
107700	-0.000418938272977
107800	-0.000422737782928
107900	-0.000452983058384
108000	-0.000463173546292
108100	-0.000498640888062
108200	-0.000528142781881
108300	-0.000536471117262
108400	-0.000534939400365
108500	-0.000535242580641
108600	-0.000525471058927
108700	-0.000497189448018
108800	-0.00051421113051
108900	-0.000497944894394
109000	-0.00049985020183
109100	-0.00049548918423
109200	-0.000485216282047
109300	-0.000429268728266
109400	-0.000421272842775
109500	-0.000452876767119
109600	-0.000463790200726
109700	-0.000432707155876
109800	-0.000404834608375
109900	-0.000466350545947
110000	-0.000499968490905
110100	-0.000526069954582
110200	-0.000522354863879
110300	-0.000520332747049
110400	-0.000564314076082
110500	-0.000580357900448
110600	-0.000577431962021
110700	-0.000569517841007
110800	-0.000614364314075
110900	-0.000602523778174
111000	-0.000607697342337
111100	-0.000600333258321
111200	-0.00058699463129
111300	-0.000545975840067
111400	-0.000555435080785
111500	-0.000549767201789
111600	-0.000581212347666
111700	-0.000608681763649
111800	-0.000639212432912
111900	-0.000616250991953
112000	-0.000616764116067
112100	-0.000638656146294
112200	-0.000608558582883
112300	-0.000601578771144
112400	-0.000645072713519
112500	-0.00068024020444
112600	-0.000680187033744
112700	-0.000676031756873
112800	-0.000678387535457
112900	-0.000675623454381
113000	-0.000690426858403
113100	-0.000673269619802
113200	-0.000654420839219
113300	-0.000715619770517
113400	-0.000718840326275
113500	-0.000767887991185
113600	-0.000779041082742
113700	-0.000822316411605
113800	-0.000783232530752
113900	-0.000793184345913
114000	-0.000789658201751
114100	-0.000781589132336
114200	-0.000762563546406
114300	-0.000794927839016
114400	-0.000833290874122
114500	-0.000827601091699
114600	-0.000840256143102
114700	-0.000798367759368
114800	-0.000795665104525
114900	-0.000787784186245
115000	-0.000791343365213
115100	-0.000739367445695
115200	-0.000739047847218
115300	-0.000746545481349
115400	-0.000736779601383
115500	-0.0007587058961
115600	-0.000746828157436
115700	-0.00078469029386
115800	-0.000791514360964
115900	-0.000764384745467
116000	-0.000762364577583
116100	-0.000708562394484
116200	-0.000687990206537
116300	-0.000728614411003
116400	-0.000727820807557
116500	-0.000714199957078
116600	-0.000728790514576
116700	-0.00068173467866
116800	-0.000709922551366
116900	-0.000728254191614
117000	-0.000740910367518
117100	-0.000718491648161
117200	-0.000725604530714
117300	-0.000709623273654
117400	-0.000697273926743
117500	-0.00067668684255
117600	-0.000673803248296
117700	-0.000650939388272
117800	-0.000646015764004
117900	-0.000581699491092
118000	-0.00058077715254
118100	-0.000554742607957
118200	-0.000551259348559
118300	-0.000533056846996
118400	-0.000500411233105
118500	-0.000528523147676
118600	-0.000569209182121
118700	-0.000535121735464
118800	-0.000548147803027
118900	-0.000495344238853
119000	-0.000524829663862
119100	-0.000547643736352
119200	-0.000529862877513
119300	-0.000569880628664
119400	-0.000537691783916
119500	-0.000521109313804
119600	-0.000521990668893
119700	-0.000516981929821
119800	-0.000514386661099
119900	-0.000498974553792
120000	-0.000459257566664
120100	-0.00046773798501
120200	-0.000440691805321
120300	-0.000407820523688
120400	-0.000394608347173
120500	-0.000390041975101
120600	-0.000386379693198
120700	-0.000353278053021
120800	-0.000301530562911
120900	-0.0003261007196
121000	-0.000333145049584
121100	-0.000330864475637
121200	-0.000331867879535
121300	-0.000371917114589
121400	-0.000370195205927
121500	-0.000372566419749
121600	-0.00038192735197
121700	-0.000361751898106
121800	-0.000330873875202
121900	-0.000350270607051
122000	-0.000370244680324
122100	-0.000352104578211
122200	-0.000368714770864
122300	-0.000365702894518
122400	-0.000360627589866
122500	-0.000380228922445
122600	-0.000406682610111
122700	-0.000364018614503
122800	-0.000337427475567
122900	-0.000322980081364
123000	-0.000319970463411
123100	-0.00030676129163
123200	-0.000311350624997
123300	-0.000287851946469
123400	-0.000232203055102
123500	-0.000214258947365
123600	-0.000212658778314
123700	-0.000224068407435
123800	-0.000246766752825
123900	-0.000275111848262
124000	-0.000304264177417
124100	-0.000320941418209
124200	-0.000298877173911
124300	-0.000288419702331
124400	-0.000318818834403
124500	-0.000300703903612
124600	-0.000309274719099
124700	-0.000325864466718
124800	-0.000345431522434
124900	-0.0003173678783
125000	-0.000348861551998
125100	-0.000347597154274
125200	-0.00036193421725
125300	-0.000361167110932
125400	-0.000343520223284
125500	-0.000383943505974
125600	-0.000420705382163
125700	-0.000412548011135
125800	-0.000451976255959
125900	-0.000487932756154
126000	-0.000509995261903
126100	-0.000515282379062
126200	-0.000496459033278
126300	-0.000497797268407
126400	-0.000463958148732
126500	-0.000471793019761
126600	-0.000474596761451
126700	-0.000512184009469
126800	-0.000529614913247
126900	-0.000506480197003
127000	-0.000504217842517
127100	-0.000512623556253
127200	-0.000517587594338
127300	-0.000549304556165
127400	-0.00052267786499
127500	-0.00048786647843
127600	-0.000484594694356
127700	-0.000488919804227
127800	-0.000497635923316
127900	-0.000465031000781
128000	-0.000486037453124
128100	-0.000480381756439
128200	-0.000508605078002
128300	-0.000524288581449
128400	-0.000523272998442
128500	-0.000482146046692
128600	-0.000482337247278
128700	-0.000451017226107
128800	-0.000444588726708
128900	-0.000421554460822
129000	-0.00039768351938
129100	-0.000386991463981
129200	-0.000375717020123
129300	-0.000372116117555
129400	-0.000344079126738
129500	-0.000383760393822
129600	-0.000368443217592
129700	-0.000403312644564
129800	-0.000388151325115
129900	-0.000390930631254
130000	-0.000402957130769
130100	-0.000375412528824
130200	-0.000392331167435
130300	-0.000357787567153
130400	-0.000354752101227
130500	-0.000380211724138
130600	-0.000405938154671
130700	-0.000376483351186
130800	-0.000383883340979
130900	-0.000366483048129
131000	-0.000370810442748
131100	-0.000386998871091
131200	-0.00040269363567
131300	-0.000403077044935
131400	-0.000368123112633
131500	-0.000392580418251
131600	-0.000366309088146
131700	-0.000411401214882
131800	-0.000404500500759
131900	-0.000417791546626
132000	-0.00043171446212
132100	-0.000442696661619
132200	-0.000456833222389
132300	-0.000483058843536
132400	-0.00048271018882
132500	-0.000520882294338
132600	-0.00054055322021
132700	-0.00051044431801
132800	-0.000555809269578
132900	-0.000529840654627
133000	-0.000540572187969
133100	-0.000562481630352
133200	-0.000588240713212
133300	-0.00062658668417
133400	-0.00066526503748
133500	-0.000648540711609
133600	-0.000651190082334
133700	-0.00066738695587
133800	-0.000678411509715
133900	-0.000671049126213
134000	-0.000699945149253
134100	-0.000707011312452
134200	-0.000700192518628
134300	-0.000711178771407
134400	-0.000729681227678
134500	-0.000736364319702
134600	-0.000713864502228
134700	-0.000712326926503
134800	-0.000696798679524
134900	-0.00071924997776
135000	-0.000747824103703
135100	-0.0007661461584
135200	-0.000764255022188
135300	-0.00075358903178
135400	-0.000747708825701
135500	-0.00075070707011
135600	-0.000734720752211
135700	-0.000723998680913
135800	-0.000734616318114
135900	-0.000747576100072
136000	-0.000747954132351
136100	-0.000749220661277
136200	-0.000794822665197
136300	-0.000814534754217
136400	-0.000793967419353
136500	-0.000796897692305
136600	-0.000781907606147
136700	-0.000789143855156
136800	-0.000787658713449
136900	-0.000786748641342
137000	-0.00077067858394
137100	-0.000774204405542
137200	-0.000789238884839
137300	-0.000774086642387
137400	-0.000782363508004
137500	-0.000731051505453
137600	-0.000746327005812
137700	-0.000773143333331
137800	-0.000775994150941
137900	-0.000733115975342
138000	-0.000786614739128
138100	-0.000769678711076
138200	-0.00071238628075
138300	-0.000717509392622
138400	-0.000715453677743
138500	-0.000683115241874
138600	-0.000711748037515
138700	-0.000730822162939
138800	-0.000713166159939
138900	-0.000711133398125
139000	-0.000705427338126
139100	-0.000700387174692
139200	-0.000706646709767
139300	-0.000712459375446
139400	-0.000696589253943
139500	-0.000714108365589
139600	-0.000707916919768
139700	-0.00070529780959
139800	-0.000707572582258
139900	-0.000686459978554
140000	-0.000688605249999
140100	-0.000685724396858
140200	-0.000663878181168
140300	-0.000698987084816
140400	-0.000682383069799
140500	-0.00067525671886
140600	-0.000692037724038
140700	-0.000701158542998
140800	-0.000667547897725
140900	-0.000655282264015
141000	-0.000668142475175
141100	-0.000705113182138
141200	-0.000703343342774
141300	-0.000725786489736
141400	-0.000731529123053
141500	-0.000731078395758
141600	-0.000703926412427
141700	-0.000722668560336
141800	-0.000738494456979
141900	-0.000747115884423
142000	-0.000709569422533
142100	-0.000726417515831
142200	-0.000748619064695
142300	-0.000757543345043
142400	-0.000779512738761
142500	-0.000790796828067
142600	-0.000804736325382
142700	-0.000816438528378
142800	-0.000855272717083
142900	-0.000859287004895
143000	-0.00085589742657
143100	-0.000819267428368
143200	-0.000790405691337
143300	-0.000795203754358
143400	-0.000808960606691
143500	-0.000805461790937
143600	-0.000833104811974
143700	-0.000836690591506
143800	-0.000837030876214
143900	-0.000844716754687
144000	-0.000856836381941
144100	-0.000851019708532
144200	-0.00084294676144
144300	-0.000826522217599
144400	-0.000834377998612
144500	-0.00083757589619
144600	-0.000852876182569
144700	-0.000858455203866
144800	-0.000861230987565
144900	-0.000867931663212
145000	-0.000888783813789
145100	-0.000899502687797
145200	-0.000908414676304
145300	-0.000882847088777
145400	-0.000862501375511
145500	-0.000849639539514
145600	-0.000862740364006
145700	-0.000865510796152
145800	-0.000845726131682
145900	-0.000863172159008
146000	-0.000857872335612
146100	-0.000846959500337
146200	-0.00083051067031
146300	-0.000821770150371
146400	-0.000824989528684
146500	-0.000805844116037
146600	-0.000812749031373
146700	-0.000809920763458
146800	-0.000815932425064
146900	-0.000805981899247
147000	-0.000834591272105
147100	-0.000808035445272
147200	-0.000832590658963
147300	-0.000825667793614
147400	-0.000841116662139
147500	-0.000854071606775
147600	-0.00084319944444
147700	-0.000839548693293
147800	-0.000853399161024
147900	-0.00084017614604
148000	-0.000869333087833
148100	-0.000849127650232
148200	-0.000871946295542
148300	-0.000862434160481
148400	-0.000894449858486
148500	-0.000896239212116
148600	-0.000913041265136
148700	-0.000912918930728
148800	-0.000895416377683
148900	-0.00088335439892
149000	-0.000890152724827
149100	-0.000888521435273
149200	-0.00093348495978
149300	-0.000950045572667
149400	-0.000936301097718
149500	-0.000941862876248
149600	-0.000929513168443
149700	-0.000957262291243
149800	-0.000958202623492
149900	-0.000944478892589
150000	-0.000965066819995
150100	-0.000991126755491
150200	-0.000996021391472
150300	-0.000990002994006
150400	-0.000972254926856
150500	-0.000930667674413
150600	-0.000936266646741
150700	-0.000918817173186
150800	-0.000940631372674
150900	-0.000957673730943
151000	-0.000977109635757
151100	-0.000988607485104
151200	-0.00100796019179
151300	-0.00101348177792
151400	-0.0010300444848
151500	-0.00103257991419
151600	-0.00102252790237
151700	-0.000986544357279
151800	-0.00093840438076
151900	-0.000931025260035
152000	-0.00092704840789
152100	-0.000923812728464
152200	-0.000937248317998
152300	-0.000939327078131
152400	-0.000967283891072
152500	-0.000988582183603
152600	-0.00100170076671
152700	-0.000998150648325
152800	-0.00101905865837
152900	-0.00104551500981
153000	-0.00103928188888
153100	-0.00105679215545
153200	-0.00107484548955
153300	-0.00110167975864
153400	-0.00108504904824
153500	-0.00106816039088
153600	-0.00104522088541
153700	-0.00104330159401
153800	-0.00107448115734
153900	-0.00107527557504
154000	-0.00104647686363
154100	-0.00107339013627
154200	-0.00109911214656
154300	-0.00112079620868
154400	-0.00113110189119
154500	-0.00112716753398
154600	-0.00110954020698
154700	-0.00108650604395
154800	-0.00109129025839
154900	-0.0010784087153
155000	-0.00108322196129
155100	-0.00105120705351
155200	-0.00106082210696
155300	-0.00107572793947
155400	-0.00110165856499
155500	-0.0010891531254
155600	-0.00109506544344
155700	-0.00111169732177
155800	-0.00106190435815
155900	-0.0010466878127
156000	-0.00103758183333
156100	-0.00104519559257
156200	-0.00107994351472
156300	-0.00107893010236
156400	-0.00108340717391
156500	-0.00108631155271
156600	-0.00110254975734
156700	-0.00108493962986
156800	-0.00104983984694
156900	-0.00104913896749
157000	-0.00105861803821
157100	-0.00106826495862
157200	-0.00107198425572
157300	-0.00107518541004
157400	-0.00103698832274
157500	-0.00103765271746
157600	-0.00105215438451
157700	-0.00103564026632
157800	-0.0010567616223
157900	-0.00104509019632
158000	-0.00101144259493
158100	-0.00101907925363
158200	-0.00102523827433
158300	-0.00102143794693
158400	-0.00103903825126
158500	-0.0010191202082
158600	-0.00100580531525
158700	-0.00102271806553
158800	-0.00102332174433
158900	-0.00104482548772
159000	-0.00107017285534
159100	-0.00105906030798
159200	-0.00105100118718
159300	-0.00106898764595
159400	-0.00107530688833
159500	-0.00109546961128
159600	-0.00109344039473
159700	-0.00108375922354
159800	-0.00108995300375
159900	-0.00109623342714
160000	-0.0010915878
160100	-0.0011077250281
160200	-0.0011015447191
160300	-0.00111893278852
160400	-0.00111142158354
160500	-0.00111210578193
160600	-0.00111750284558
160700	-0.00112792797759
160800	-0.00111031490671
160900	-0.00114547678061
161000	-0.00114310921739
161100	-0.00113653545003
161200	-0.00112022365384
161300	-0.00112683450093
161400	-0.00113453544609
161500	-0.0011374449969
161600	-0.0011197948948
161700	-0.00112194338899
161800	-0.00111422063658
161900	-0.00108613285979
162000	-0.0010874802037
162100	-0.00111050972239
162200	-0.00111744192355
162300	-0.00111798631546
162400	-0.00112364586207
162500	-0.00112450385846
162600	-0.00113102816113
162700	-0.00111594668715
162800	-0.00113945346437
162900	-0.00113779736648
163000	-0.00111717360736
163100	-0.00109942727161
163200	-0.00111501167279
163300	-0.00112021649724
163400	-0.00111373051407
163500	-0.00112779874006
163600	-0.00111698875305
163700	-0.00114485966402
163800	-0.00112119221611
163900	-0.00114927111043
164000	-0.00117009460975
164100	-0.00119659895185
164200	-0.00118671077344
164300	-0.00119823213633
164400	-0.001174260809
164500	-0.00116075439513
164600	-0.00111162781895
164700	-0.00110307895567
164800	-0.0011261740716
164900	-0.00111182351728
165000	-0.00113294486666
165100	-0.00111626488189
165200	-0.00109391002421
165300	-0.00107530393829
165400	-0.0010717535792
165500	-0.00106467225982
165600	-0.00106901617753
165700	-0.00105301037417
165800	-0.00105816694813
165900	-0.00105151245931
166000	-0.00105011678313
166100	-0.00100884993979
166200	-0.00102157094464
166300	-0.00100567301864
166400	-0.00102396935697
166500	-0.00103265926126
166600	-0.00103366859543
166700	-0.00101976661667
166800	-0.00100407930455
166900	-0.00104298727381
167000	-0.00104196602395
167100	-0.00102257678037
167200	-0.00102844950358
167300	-0.00100515329946
167400	-0.000993052013138
167500	-0.00101597798209
167600	-0.00101186761933
167700	-0.00100798100775
167800	-0.0010188147497
167900	-0.00100162275163
168000	-0.000964014023806
168100	-0.000968303599045
168200	-0.000953879209271
168300	-0.000969580534756
168400	-0.000986441864604
168500	-0.00100658268842
168600	-0.000995811310791
168700	-0.000999089946647
168800	-0.000987132020138
168900	-0.000974537886319
169000	-0.00095728328402
169100	-0.00098174682436
169200	-0.000996840691485
169300	-0.000989001742465
169400	-0.00100604498819
169500	-0.00100497571091
169600	-0.00099078788325
169700	-0.000963681025334
169800	-0.00097816249705
169900	-0.000980661024127
170000	-0.000937164299995
170100	-0.000960593791882
170200	-0.000929051298467
170300	-0.000929186541392
170400	-0.000931681073938
170500	-0.000928582334305
170600	-0.000931537432585
170700	-0.000932865893375
170800	-0.000920816832547
170900	-0.00093840040374
171000	-0.000967772736837
171100	-0.000981153191111
171200	-0.000964096436911
171300	-0.000977284979562
171400	-0.000975082689609
171500	-0.000997530303201
171600	-0.00101074094405
171700	-0.00100945970879
171800	-0.00101434577415
171900	-0.00103464669575
172000	-0.00107031398255
172100	-0.00104398883788
172200	-0.00105382324041
172300	-0.00106767006384
172400	-0.00105993439675
172500	-0.00106297410434
172600	-0.00109718123986
172700	-0.00111037307469
172800	-0.00108217093171
172900	-0.00106438548293
173000	-0.00106498696531
173100	-0.00105955383593
173200	-0.00106103273672
173300	-0.00107020624927
173400	-0.00107573104382
173500	-0.0010504752853
173600	-0.00104568528225
173700	-0.00102452382844
173800	-0.00102167515535
173900	-0.00102670624496
174000	-0.00102201529885
174100	-0.000996622366451
174200	-0.00102252716417
174300	-0.00102212565691
174400	-0.00103319782683
174500	-0.00104127210315
174600	-0.00105525971363
174700	-0.00100766463079
174800	-0.000980178541185
174900	-0.00098439889079
175000	-0.000963692662852
175100	-0.000960220930892
175200	-0.000951266095885
175300	-0.000945499988586
175400	-0.000953665330668
175500	-0.000960551629625
175600	-0.00100529239749
175700	-0.00103211673306
175800	-0.00103696050625
175900	-0.00103505524729
176000	-0.00104788847727
176100	-0.00102018663259
176200	-0.00103255800226
176300	-0.00103720933635
176400	-0.00104697757369
176500	-0.00104179404532
176600	-0.00101483806908
176700	-0.00103056282399
176800	-0.00102404562782
176900	-0.000989516823058
177000	-0.000983414203384
177100	-0.000968741044601
177200	-0.000954666749429
177300	-0.00096381452904
177400	-0.000948625806081
177500	-0.000964299735205
177600	-0.000974739014633
177700	-0.000949150613386
177800	-0.000940899353199
177900	-0.000943005615507
178000	-0.000930772151678
178100	-0.000909270252661
178200	-0.000909592901228
178300	-0.000879471845198
178400	-0.000861464680487
178500	-0.00088264466666
178600	-0.000911318376254
178700	-0.000893780604359
178800	-0.000883985973148
178900	-0.000871932280598
179000	-0.000883108569826
179100	-0.000895067386929
179200	-0.000881015574771
179300	-0.000883333547121
179400	-0.000883697742469
179500	-0.000904580830077
179600	-0.000940907249437
179700	-0.000944594924868
179800	-0.000945469805333
179900	-0.000939645008332
180000	-0.00093760541666
180100	-0.000956445874508
180200	-0.000954175166476
180300	-0.00095777778147
180400	-0.000963921474495
180500	-0.000970229567861
180600	-0.000962913449606
180700	-0.000965890669612
180800	-0.000978642599552
180900	-0.000986475931449
181000	-0.000959127314912
181100	-0.00101480604086
181200	-0.00101075586092
181300	-0.00100787121897
181400	-0.00101085533627
181500	-0.00102063239118
181600	-0.00100869743942
181700	-0.000991237204177
181800	-0.00100111899339
181900	-0.00101228173172
182000	-0.00101613102747
182100	-0.000998408143872
182200	-0.000971271920961
182300	-0.000956444624241
182400	-0.000961183283987
182500	-0.000948719786297
182600	-0.000967153072285
182700	-0.00096423320744
182800	-0.000941303610499
182900	-0.000968801191904
183000	-0.000944717715843
183100	-0.000923465357723
183200	-0.000910043225978
183300	-0.000903338837966
183400	-0.00091537975463
183500	-0.000926766495908
183600	-0.000919990822435
183700	-0.000917134844851
183800	-0.000936701936884
183900	-0.000959651669381
184000	-0.000986023559778
184100	-0.000982944280279
184200	-0.000959054462537
184300	-0.000961917954418
184400	-0.000958628063987
184500	-0.000951068558261
184600	-0.000954852594795
184700	-0.000962300687597
184800	-0.000973504772722
184900	-0.000943083131417
185000	-0.000954737983779
185100	-0.000958303625063
185200	-0.000963006031313
185300	-0.000961796632484
185400	-0.00097488483279
185500	-0.000970056787058
185600	-0.000963582742453
185700	-0.000978821141622
185800	-0.00096280369752
185900	-0.000983873550291
186000	-0.000963995559135
186100	-0.000951318726487
186200	-0.000954388791618
186300	-0.000945216516367
186400	-0.000945606598708
186500	-0.00092869228954
186600	-0.000923215155408
186700	-0.000945833026241
186800	-0.000936665406848
186900	-0.000913453659707
187000	-0.000902352133686
187100	-0.00088809607696
187200	-0.000885372136747
187300	-0.000890391809926
187400	-0.000907202673421
187500	-0.000918279573329
187600	-0.00089854396588
187700	-0.000890777794348
187800	-0.000879364776353
187900	-0.000893573262369
188000	-0.000893549707442
188100	-0.00092346955874
188200	-0.000959387980867
188300	-0.000983278879443
188400	-0.000981770031843
188500	-0.000991547920421
188600	-0.000970918085892
188700	-0.000978326608369
188800	-0.000971789968216
188900	-0.000951001011113
189000	-0.000952424603171
189100	-0.000938334949758
189200	-0.000940865972512
189300	-0.000937155335443
189400	-0.000971381890176
189500	-0.000946489810023
189600	-0.000959946323836
189700	-0.000970201744857
189800	-0.000980212370914
189900	-0.000996301822008
190000	-0.000992020399997
190100	-0.00100178508153
190200	-0.00100936907466
190300	-0.00100991915922
190400	-0.00104516773634
190500	-0.00101261479265
190600	-0.00102627253935
190700	-0.00102884100157
190800	-0.0010263709958
190900	-0.00103513642745
191000	-0.00103807065445
191100	-0.00103765264259
191200	-0.00105146267782
191300	-0.00104985841087
191400	-0.00106799274817
191500	-0.00105746723237
191600	-0.00105940422755
191700	-0.00106660291601
191800	-0.0010592585245
191900	-0.00104575471599
192000	-0.00106357723437
192100	-0.00107948797501
192200	-0.0010729616233
192300	-0.00106845054602
192400	-0.00105181350831
192500	-0.00107015460779
192600	-0.0010698067082
192700	-0.00105936724961
192800	-0.00105602345435
192900	-0.00105092316226
193000	-0.00107402412435
193100	-0.00107386133091
193200	-0.00107291940476
193300	-0.00107843014485
193400	-0.00109505045501
193500	-0.00109982869767
193600	-0.00111405770661
193700	-0.00111487831698
193800	-0.00111885551599
193900	-0.00113035024239
194000	-0.00109844626804
194100	-0.00109813357547
194200	-0.00110394445417
194300	-0.00110726815748
194400	-0.00111776149691
194500	-0.00113156071465
194600	-0.00113120263617
194700	-0.00110049418079
194800	-0.00106722390143
194900	-0.00105191043099
195000	-0.00107525085128
195100	-0.00108833723218
195200	-0.00110317150614
195300	-0.00111387938556
195400	-0.00113025181678
195500	-0.00110761546291
195600	-0.00110060129345
195700	-0.001081456791
195800	-0.00107283773748
195900	-0.00104404156712
196000	-0.00103164086734
196100	-0.00102111706272
196200	-0.000994581039751
196300	-0.000990457381554
196400	-0.000968208217918
196500	-0.000970310753176
196600	-0.00098520110376
196700	-0.000977801804774
196800	-0.000977653292679
196900	-0.000992911630265
197000	-0.00101144763451
197100	-0.00101696364789
197200	-0.000991108331639
197300	-0.000993484490619
197400	-0.00102123808004
197500	-0.0009919971443
197600	-0.000987369068821
197700	-0.000997623237224
197800	-0.00103214050556
197900	-0.00103673707933
198000	-0.00104650646464
198100	-0.00107297794548
198200	-0.00106033624621
198300	-0.00106485234997
198400	-0.00105024787298
198500	-0.0010410283476
198600	-0.00103930640483
198700	-0.00104434933064
198800	-0.00102579866197
198900	-0.00101114334841
199000	-0.0010026451206
199100	-0.000986075288795
199200	-0.000973333222886
199300	-0.000987359172097
199400	-0.00100209460882
199500	-0.00100138269674
199600	-0.00102506270541
199700	-0.00105143917376
199800	-0.00105835898898
199900	-0.00104138413706
200000	-0.00104521297999
200100	-0.00104955137431
200200	-0.00105852521978
200300	-0.00107003115826
200400	-0.00107512905189
200500	-0.00105431058354
200600	-0.00103628190927
200700	-0.00105254464374
200800	-0.00104656355079
200900	-0.00106373064211
201000	-0.00106129804477
201100	-0.00104437986076
201200	-0.001060678832
201300	-0.00105367060109
201400	-0.00103115232373
201500	-0.00104583604466
201600	-0.0010223509871
201700	-0.00102741207238
201800	-0.00102920125371
201900	-0.00103547245666
202000	-0.00103945809406
202100	-0.0010388039139
202200	-0.0010321565628
202300	-0.00104854901631
202400	-0.00104478555336
202500	-0.00107451272098
202600	-0.00104492502467
202700	-0.00105751230389
202800	-0.00105657785009
202900	-0.00103545050763
203000	-0.00102795753694
203100	-0.00104196150664
203200	-0.00102447341043
203300	-0.00103954972454
203400	-0.0010334013176
203500	-0.00104945225061
203600	-0.00103180361984
203700	-0.0010064159401
203800	-0.000993495397444
203900	-0.00099461138793
204000	-0.0010068297696
204100	-0.0010157610338
204200	-0.00105146002938
204300	-0.00103056244248
204400	-0.00103564758806
204500	-0.00101940723716
204600	-0.00103125758064
204700	-0.00103611531997
204800	-0.000998723955071
204900	-0.00100155235724
205000	-0.000996884785358
205100	-0.00097262911262
205200	-0.000969306530207
205300	-0.000970205245974
205400	-0.000976723145075
205500	-0.000970188184907
205600	-0.000960330131315
205700	-0.000960338050551
205800	-0.000932752065104
205900	-0.000948210194262
206000	-0.000906214344653
206100	-0.000905771455597
206200	-0.00090671075654
206300	-0.000920794265625
206400	-0.000936680343985
206500	-0.000906543084738
206600	-0.000897385421096
206700	-0.000914575994187
206800	-0.000917665652797
206900	-0.000906098487184
207000	-0.000898442231876
207100	-0.00089545632061
207200	-0.000859372649606
207300	-0.000842152141816
207400	-0.000857896369327
207500	-0.000871997378305
207600	-0.000847960631013
207700	-0.000860854285018
207800	-0.000857518618856
207900	-0.000874212520434
208000	-0.000868321230761
208100	-0.000866017260924
208200	-0.000850425225736
208300	-0.000848674037437
208400	-0.000870366751431
208500	-0.000871209208624
208600	-0.000871659769886
208700	-0.000870802846182
208800	-0.000867306484665
208900	-0.000879493834362
209000	-0.000867481459322
209100	-0.000891326288849
209200	-0.000887912366149
209300	-0.000877240214994
209400	-0.000899214713459
209500	-0.00089813088782
209600	-0.000886034675565
209700	-0.000875607129224
209800	-0.000891581444225
209900	-0.00087842059075
210000	-0.000892915876183
210100	-0.000896639757251
210200	-0.000894215090383
210300	-0.00089086473133
210400	-0.000882597419195
210500	-0.000882507458425
210600	-0.000873951671408
210700	-0.000878380223059
210800	-0.000902023372859
210900	-0.000907853229012
211000	-0.000910370450231
211100	-0.000914116025574
211200	-0.000886615615524
211300	-0.0008817212636
211400	-0.000884350789965
211500	-0.000862367408977
211600	-0.000859797651223
211700	-0.00088237159187
211800	-0.000885120646831
211900	-0.00088665895233
212000	-0.000899719183956
212100	-0.00089230872701
212200	-0.000897111399617
212300	-0.00090469755534
212400	-0.000894690532009
212500	-0.000911915303523
212600	-0.000909647770455
212700	-0.000888565411371
212800	-0.000856226174806
212900	-0.000871431596988
213000	-0.000900662816895
213100	-0.000901477006094
213200	-0.000906511890237
213300	-0.000907881453346
213400	-0.000891904090903
213500	-0.000907067981259
213600	-0.000903878684451
213700	-0.000910486569952
213800	-0.000915473395691
213900	-0.000933478429166
214000	-0.000922148658872
214100	-0.000930429276033
214200	-0.000929701839397
214300	-0.000924482020526
214400	-0.000940583050367
214500	-0.000945655813514
214600	-0.000922874310339
214700	-0.000914012855141
214800	-0.0009132096648
214900	-0.000919775793387
215000	-0.000904533446507
215100	-0.000885450990232
215200	-0.000898826305757
215300	-0.000876111746395
215400	-0.000870732200552
215500	-0.000874506487234
215600	-0.000848947198511
215700	-0.000846806022249
215800	-0.000846048512507
215900	-0.000860230634548
216000	-0.000866216629625
216100	-0.000869280731138
216200	-0.00086953112858
216300	-0.000868169181688
216400	-0.00087480859519
216500	-0.000865365431867
216600	-0.000856000937207
216700	-0.000854022275031
216800	-0.000837701665125
216900	-0.00083737081143
217000	-0.000846887248844
217100	-0.000822672722244
217200	-0.000826595644563
217300	-0.000838841555449
217400	-0.000850454829803
217500	-0.00086078775172
217600	-0.000874390174628
217700	-0.000865635581071
217800	-0.000857207575754
217900	-0.000848686016517
218000	-0.000864090876143
218100	-0.000882279174686
218200	-0.000890433006412
218300	-0.000894173884558
218400	-0.00088649546245
218500	-0.000896419848966
218600	-0.000879683545284
218700	-0.000886561632368
218800	-0.000874462271476
218900	-0.000890809725897
219000	-0.000897603913237
219100	-0.000910923340935
219200	-0.000914182290141
219300	-0.000913653647966
219400	-0.000931187866905
219500	-0.000943557977217
219600	-0.000951123752273
219700	-0.00092917275375
219800	-0.000932875118284
219900	-0.00094706584356
220000	-0.000947601749995
220100	-0.000932368323485
220200	-0.000926585853765
220300	-0.0009378452837
220400	-0.000920974596185
220500	-0.00092958935147
220600	-0.000932820893015
220700	-0.000938236823739
220800	-0.000933220584235
220900	-0.00094323147125
221000	-0.000943475113118
221100	-0.000937202134776
221200	-0.000941210226035
221300	-0.000959063511066
221400	-0.000957610713636
221500	-0.000977158329566
221600	-0.000985736249995
221700	-0.000981954271533
221800	-0.000994394923349
221900	-0.000981799738616
222000	-0.000971708009003
222100	-0.000984865551548
222200	-0.000990612169212
222300	-0.000982602492122
222400	-0.000975977972117
222500	-0.000970383150556
222600	-0.000976968724164
222700	-0.000974156605293
222800	-0.000959600664267
222900	-0.000947435666212
223000	-0.00094168216143
223100	-0.000948868328099
223200	-0.000937206146948
223300	-0.000937099404384
223400	-0.000924640080568
223500	-0.000932371127512
223600	-0.000933150071551
223700	-0.000925382092083
223800	-0.000922783230559
223900	-0.000906026208124
224000	-0.000917719334817
224100	-0.000912714158854
224200	-0.000921829197142
224300	-0.000925473544356
224400	-0.000929783966128
224500	-0.000907623233849
224600	-0.000885339581474
224700	-0.000868270827767
224800	-0.000873857722416
224900	-0.000886363788347
225000	-0.000884332079996
225100	-0.0009018465171
225200	-0.000915049373886
225300	-0.000911621517972
225400	-0.000933201322091
225500	-0.00091990811973
225600	-0.000921540558507
225700	-0.000926173965437
225800	-0.000932718888393
225900	-0.000921943864538
226000	-0.00094582164159
226100	-0.000947633794778
226200	-0.000948759358971
226300	-0.000941833110911
226400	-0.000907629328619
226500	-0.000903515726266
226600	-0.000921994704322
226700	-0.000924099342741
226800	-0.000929431666663
226900	-0.00090877913618
227000	-0.000910209431715
227100	-0.000927565499777
227200	-0.00092441444542
227300	-0.000934811491418
227400	-0.000929327981528
227500	-0.000935539832964
227600	-0.000923021274162
227700	-0.000924916135263
227800	-0.000921926422297
227900	-0.000914773738479
228000	-0.00092348414912
228100	-0.000929648391054
228200	-0.000945375972828
228300	-0.00092758266754
228400	-0.000912455989489
228500	-0.000928128835884
228600	-0.0009373367804
228700	-0.000932003419325
228800	-0.000941663072551
228900	-0.000956423630404
229000	-0.000952613755456
229100	-0.000936861405498
229200	-0.000942597504361
229300	-0.000934720758829
229400	-0.00093043922406
229500	-0.000904513058821
229600	-0.000879082460799
229700	-0.000894764249018
229800	-0.000874503006961
229900	-0.000899875154413
230000	-0.000879743099997
230100	-0.000878813368098
230200	-0.000851133405732
230300	-0.000866383386884
230400	-0.000872352777776
230500	-0.000867027609542
230600	-0.000874124978315
230700	-0.000857737949716
230800	-0.000851674081453
230900	-0.000841285339972
231000	-0.000846552367963
231100	-0.000830410817825
231200	-0.000827408624565
231300	-0.000853849602245
231400	-0.000849395764907
231500	-0.000863108263496
231600	-0.000857706325559
231700	-0.000858652227015
231800	-0.000850443356339
231900	-0.000864338249242
232000	-0.000860580021549
232100	-0.000850788125805
232200	-0.0008589213006
232300	-0.00084090004735
232400	-0.000827266028397
232500	-0.000816315402148
232600	-0.000830691074804
232700	-0.00082823814353
232800	-0.00082961308419
232900	-0.000838260966077
233000	-0.000857758828323
233100	-0.00087063266838
233200	-0.000860751273582
233300	-0.00086097261037
233400	-0.000880107425019
233500	-0.000877027965736
233600	-0.00086588839897
233700	-0.000884428716301
233800	-0.000887393781007
233900	-0.000880023407436
234000	-0.000892354423075
234100	-0.000874400807345
234200	-0.0008737728608
234300	-0.000880193772938
234400	-0.000885028536687
234500	-0.000889519692961
234600	-0.00088888210571
234700	-0.000899615074561
234800	-0.000881051614137
234900	-0.00088390354193
235000	-0.000877683076593
235100	-0.000892592756271
235200	-0.000898317504249
235300	-0.000895244513385
235400	-0.000880451265928
235500	-0.000879483923564
235600	-0.000891317737688
235700	-0.00089736111158
235800	-0.000916471433415
235900	-0.000924099520981
236000	-0.000927078254235
236100	-0.000922635218126
236200	-0.000932274208296
236300	-0.00091726772323
236400	-0.000914527550758
236500	-0.000920075974627
236600	-0.000932599273032
236700	-0.000931259222642
236800	-0.000929891701856
236900	-0.000959207463062
237000	-0.000944308088605
237100	-0.000926474892448
237200	-0.000921180345697
237300	-0.000888786300039
237400	-0.000872461668068
237500	-0.000879079494734
237600	-0.00089272968434
237700	-0.000902265258727
237800	-0.000894686968037
237900	-0.000893518020174
238000	-0.000874768558821
238100	-0.000876287702643
238200	-0.000852767183037
238300	-0.000879553193451
238400	-0.000877034995803
238500	-0.00087677927463
238600	-0.000883009727575
238700	-0.000879016485125
238800	-0.000868242629813
238900	-0.000859430422769
239000	-0.000853962811713
239100	-0.00086043936428
239200	-0.000886608862874
239300	-0.000881802193897
239400	-0.000873474498745
239500	-0.000867357536532
239600	-0.000866859081801
239700	-0.000875590654983
239800	-0.000873980150123
239900	-0.00086258109212
240000	-0.000860384649998
240100	-0.000849020966262
240200	-0.000836627522896
240300	-0.000822939758633
240400	-0.00080809448835
240500	-0.000817580719332
240600	-0.000818157381544
240700	-0.000806457918568
240800	-0.000825284696841
240900	-0.000820176247402
241000	-0.000843868282154
241100	-0.000853161870589
241200	-0.000845169888056
241300	-0.000838619751343
241400	-0.000823411719134
241500	-0.000817747192543
241600	-0.000819225782281
241700	-0.000816689623496
241800	-0.000819899429277
241900	-0.000832684497723
242000	-0.000829965363633
242100	-0.000809496650141
242200	-0.000813041292317
242300	-0.00079933159719
242400	-0.000810758032175
242500	-0.000796285550512
242600	-0.000796364093154
242700	-0.000801070613924
242800	-0.000802306948103
242900	-0.000800487529845
243000	-0.000810902666664
243100	-0.000813100719865
243200	-0.000778559107728
243300	-0.000801428787503
243400	-0.000811670940836
243500	-0.000821228131414
243600	-0.000824368949094
243700	-0.000823978309394
243800	-0.00082188350697
243900	-0.000816835477652
244000	-0.000794833983604
244100	-0.000780683437113
244200	-0.000785066105648
244300	-0.000788022533767
244400	-0.000801176800324
244500	-0.000809937955008
244600	-0.000803139803759
244700	-0.000810361463013
244800	-0.000807592532677
244900	-0.000802402470393
245000	-0.00078982670612
245100	-0.000798955662992
245200	-0.000774879469818
245300	-0.000775529388501
245400	-0.000757260753868
245500	-0.000756739808551
245600	-0.000758773208466
245700	-0.000759269291816
245800	-0.000768203885269
245900	-0.000780352655548
246000	-0.000771200004062
246100	-0.000804538386831
246200	-0.000779601092604
246300	-0.000785800807954
246400	-0.000788829172074
246500	-0.000797455951315
246600	-0.000797090385236
246700	-0.000796584033235
246800	-0.000793774566447
246900	-0.000792727104087
247000	-0.000784914522264
247100	-0.000777016086601
247200	-0.000759792374592
247300	-0.000747304791747
247400	-0.000762710804362
247500	-0.000744705878784
247600	-0.000743126514536
247700	-0.000747855203873
247800	-0.000754914374493
247900	-0.000755558834205
248000	-0.000764708169352
248100	-0.000770634058845
248200	-0.000770247276388
248300	-0.00077036269432
248400	-0.000761437528179
248500	-0.000763817686115
248600	-0.00076281837892
248700	-0.000760632987533
248800	-0.000753532166397
248900	-0.000768785777419
249000	-0.000770864140561
249100	-0.000785837085506
249200	-0.000792673065809
249300	-0.000788017156035
249400	-0.000788544442661
249500	-0.000790584264527
249600	-0.000802467612178
249700	-0.000805079427311
249800	-0.000787857161728
249900	-0.000776016474588
250000	-0.000793944127998
250100	-0.000784821739303
250200	-0.000792903992804
250300	-0.000790977630842
250400	-0.000808858130989
250500	-0.00081331550898
250600	-0.000831749185952
250700	-0.000837753039488
250800	-0.000810216925836
250900	-0.000794245591867
251000	-0.000792465940237
251100	-0.000796585420149
251200	-0.000783944514329
251300	-0.000785553684836
251400	-0.00079090772474
251500	-0.000801572683894
251600	-0.000821236132748
251700	-0.000809906436231
251800	-0.000825675123111
251900	-0.000830021306071
252000	-0.000836809218251
252100	-0.000836518675126
252200	-0.00084870159397
252300	-0.000843280178356
252400	-0.000853486454038
252500	-0.000867489893066
252600	-0.000851838004747
252700	-0.000849217281358
252800	-0.000832445510282
252900	-0.000835189043097
253000	-0.000844126513832
253100	-0.000849461003553
253200	-0.000852164798576
253300	-0.000852239944728
253400	-0.000862774265981
253500	-0.000866491033529
253600	-0.000863144203469
253700	-0.00085617410327
253800	-0.000848545906224
253900	-0.000857345612445
254000	-0.000878246555117
254100	-0.000875682380951
254200	-0.00089274907553
254300	-0.000895145257568
254400	-0.000905056890722
254500	-0.00090947507269
254600	-0.000904108263942
254700	-0.0009136385159
254800	-0.000894573324175
254900	-0.000898587010591
255000	-0.000897789792156
255100	-0.000900013708349
255200	-0.000896710411441
255300	-0.000905270387778
255400	-0.000897407623335
255500	-0.000912164434442
255600	-0.00092430991784
255700	-0.000913785561204
255800	-0.00092058606724
255900	-0.000919254099257
256000	-0.000912920128906
256100	-0.00091139048809
256200	-0.000916313669009
256300	-0.000924365751073
256400	-0.000922622098284
256500	-0.000926112050682
256600	-0.000915049863601
256700	-0.000906494082586
256800	-0.000892532877726
256900	-0.000881435718178
257000	-0.000891191147859
257100	-0.000893831318553
257200	-0.000902118728615
257300	-0.000907936404974
257400	-0.000884098543123
257500	-0.000885685339805
257600	-0.000890085361024
257700	-0.000894773507955
257800	-0.000892893460046
257900	-0.000901989259403
258000	-0.000887410790697
258100	-0.00088673497869
258200	-0.000909308911696
258300	-0.000889553569492
258400	-0.000890284210526
258500	-0.000886989709865
258600	-0.000888530255221
258700	-0.000888755168149
258800	-0.000897337040186
258900	-0.000883208246428
259000	-0.000868033127414
259100	-0.000842606854497
259200	-0.000833414359569
259300	-0.000830726856923
259400	-0.000848825975328
259500	-0.000850829838151
259600	-0.000836571544685
259700	-0.00083269664228
259800	-0.000808972386452
259900	-0.000822842978069
260000	-0.00081635126154
260100	-0.000801373610151
260200	-0.000802289116066
260300	-0.000794968405687
260400	-0.000785047665132
260500	-0.000786024145875
260600	-0.000770598096701
260700	-0.000771891035675
260800	-0.000758799424848
260900	-0.000747915963972
261000	-0.000756824249043
261100	-0.000755181053237
261200	-0.000745176068148
261300	-0.000758618097973
261400	-0.000744661002297
261500	-0.000747167682601
261600	-0.000740317897555
261700	-0.000753395024838
261800	-0.000746436898396
261900	-0.00074143567774
262000	-0.00074516228626
262100	-0.000756449774896
262200	-0.000753277932877
262300	-0.000754021178042
262400	-0.000758099085367
262500	-0.000750767580954
262600	-0.000743195087587
262700	-0.000730032124097
262800	-0.00071682932268
262900	-0.000711230201599
263000	-0.000685889152092
263100	-0.000689190121627
263200	-0.000675055178571
263300	-0.000649814318268
263400	-0.000651423375095
263500	-0.000667016865276
263600	-0.000663011783005
263700	-0.000662192339781
263800	-0.000674220811222
263900	-0.00066537215991
264000	-0.000658640458334
264100	-0.000673954433927
264200	-0.000668750957609
264300	-0.000660004510028
264400	-0.00066620212935
264500	-0.000681759357278
264600	-0.000683369085412
264700	-0.00066743015867
264800	-0.000669484384441
264900	-0.000677081336353
265000	-0.000663874943396
265100	-0.000669858125235
265200	-0.000683899532428
265300	-0.000676926841311
265400	-0.0006925633685
265500	-0.000702192033897
265600	-0.000708225248493
265700	-0.000725646800902
265800	-0.000715368641834
265900	-0.000713348649866
266000	-0.000698900109021
266100	-0.000707696459976
266200	-0.000725478948158
266300	-0.000715424513706
266400	-0.000713975863363
266500	-0.000717846570355
266600	-0.000722852081769
266700	-0.000721339580052
266800	-0.000732734910045
266900	-0.000737186976395
267000	-0.000718198707865
267100	-0.000723535222763
267200	-0.000745856687875
267300	-0.000756816782641
267400	-0.000759445602094
267500	-0.000754971413085
267600	-0.000744614491779
267700	-0.000749258337692
267800	-0.000745466183721
267900	-0.000735593128034
268000	-0.000746064156718
268100	-0.000737277251028
268200	-0.000740438549591
268300	-0.000744396313829
268400	-0.000739494366618
268500	-0.000746310849163
268600	-0.000740880845124
268700	-0.000744304566432
268800	-0.000745868590032
268900	-0.000744508136856
269000	-0.000741802587363
269100	-0.000732943560017
269200	-0.000741499268204
269300	-0.000729676617157
269400	-0.000728740478843
269500	-0.000731200589983
269600	-0.000739414784868
269700	-0.00074570427883
269800	-0.000722298005932
269900	-0.000734100418675
270000	-0.000732347840741
270100	-0.000734997515735
270200	-0.00074301411177
270300	-0.000752089256382
270400	-0.000745262241125
270500	-0.000745219682071
270600	-0.000743962564672
270700	-0.000748435234578
270800	-0.000750445985969
270900	-0.000768923676634
271000	-0.000767243671588
271100	-0.000764342523055
271200	-0.000766359664455
271300	-0.000764952454848
271400	-0.000756440703759
271500	-0.000765994563536
271600	-0.000775391145067
271700	-0.000785153279353
271800	-0.000788559308316
271900	-0.000769744321443
272000	-0.000758348555148
272100	-0.00076396966189
272200	-0.000756384816313
272300	-0.000775360521485
272400	-0.000790241820853
272500	-0.000809286084405
272600	-0.000812780465885
272700	-0.000812294250093
272800	-0.000827529563784
272900	-0.000814127427631
273000	-0.000809753545789
273100	-0.000805676543393
273200	-0.00079884997804
273300	-0.000783763516284
273400	-0.000786265431604
273500	-0.000784294486291
273600	-0.000769315683481
273700	-0.00076962833029
273800	-0.000766904631119
273900	-0.000778994457833
274000	-0.000776361901462
274100	-0.000775745290042
274200	-0.000780763789207
274300	-0.000798594764858
274400	-0.000783359737611
274500	-0.0007946191439
274600	-0.000808012662056
274700	-0.000814944998182
274800	-0.000802373962884
274900	-0.000809270014554
275000	-0.00081845387273
275100	-0.000826922937117
275200	-0.000826025370643
275300	-0.000835862564478
275400	-0.000837203721862
275500	-0.000837081847553
275600	-0.000840078740932
275700	-0.000846275077987
275800	-0.000853456678756
275900	-0.000837363827477
276000	-0.000834973724641
276100	-0.000825071216954
276200	-0.000835121469953
276300	-0.000816646880206
276400	-0.00080326280391
276500	-0.000805917251359
276600	-0.000805560516995
276700	-0.000795879389233
276800	-0.000790328851159
276900	-0.000785927847601
277000	-0.000778609021664
277100	-0.000781469083367
277200	-0.000783800476194
277300	-0.000764362621713
277400	-0.000762545223508
277500	-0.000766104104509
277600	-0.000752881174356
277700	-0.000743065851643
277800	-0.000743348516923
277900	-0.000758663893491
278000	-0.000744664133098
278100	-0.000742415084507
278200	-0.000741789644146
278300	-0.000753281627745
278400	-0.000748000660925
278500	-0.000748755055661
278600	-0.000752280007184
278700	-0.000759245306787
278800	-0.000761076036591
278900	-0.000765835507355
279000	-0.000775099448034
279100	-0.000793995424584
279200	-0.000780416461323
279300	-0.000773345929113
279400	-0.000759043543312
279500	-0.000749103241508
279600	-0.00076126364092
279700	-0.000744476224531
279800	-0.000743402630456
279900	-0.000755607120405
280000	-0.000755165125005
280100	-0.000769219439491
280200	-0.000751245999291
280300	-0.00074691677489
280400	-0.000752527228964
280500	-0.000749999540113
280600	-0.000760260684253
280700	-0.000752081660141
280800	-0.000743490726501
280900	-0.000740820131725
281000	-0.000731772836304
281100	-0.000748230601214
281200	-0.000737558541968
281300	-0.000733034148601
281400	-0.000729522167738
281500	-0.000738062689171
281600	-0.000713728998585
281700	-0.000704459698266
281800	-0.00071972783535
281900	-0.000714165150768
282000	-0.000727077882984
282100	-0.000733802467215
282200	-0.000734742388382
282300	-0.000727924502307
282400	-0.000732707475217
282500	-0.000736945040713
282600	-0.000731785304322
282700	-0.000718045542984
282800	-0.000725731527586
282900	-0.000723341611882
283000	-0.000733334021207
283100	-0.000723136591316
283200	-0.000721368647604
283300	-0.000713327871519
283400	-0.000680263239243
283500	-0.00067803162258
283600	-0.000667095662911
283700	-0.000681745766661
283800	-0.000675510359414
283900	-0.000669802465663
284000	-0.000674526433104
284100	-0.000685753519893
284200	-0.000689767980301
284300	-0.000694191125577
284400	-0.000699906480315
284500	-0.000701560780322
284600	-0.000689256409
284700	-0.000699100193191
284800	-0.000677056913629
284900	-0.000704691354867
285000	-0.000707037905269
285100	-0.000716020743604
285200	-0.000725658632544
285300	-0.00070592743078
285400	-0.000704269025934
285500	-0.000693276612965
285600	-0.000679318932078
285700	-0.000669347406376
285800	-0.000674495626318
285900	-0.000676732864644
286000	-0.000671076622384
286100	-0.000664553680538
286200	-0.000675647239699
286300	-0.000698417338463
286400	-0.000698905907828
286500	-0.000689057294946
286600	-0.00068805845081
286700	-0.000687953275208
286800	-0.000674064013258
286900	-0.000683108424546
287000	-0.00067423263067
287100	-0.000683629028221
287200	-0.000670598245133
287300	-0.00068322225201
287400	-0.000679740556724
287500	-0.000662871909574
287600	-0.000648211981928
287700	-0.000653010246794
287800	-0.000650804520509
287900	-0.000645651299071
288000	-0.00064636801737
288100	-0.000635641343293
288200	-0.000616130326172
288300	-0.000605384099905
288400	-0.000605576158123
288500	-0.000606327625659
288600	-0.000613692318097
288700	-0.000614285462427
288800	-0.000618196076879
288900	-0.000626497532027
289000	-0.000617250083054
289100	-0.000622608256667
289200	-0.000632015065707
289300	-0.000646497366064
289400	-0.00062108847271
289500	-0.000610854455967
289600	-0.000624965279705
289700	-0.000621731936495
289800	-0.000621361297456
289900	-0.000618204001389
290000	-0.000607443803458
290100	-0.00059296300587
290200	-0.000598733942119
290300	-0.000598236737867
290400	-0.000613222634307
290500	-0.000613310013779
290600	-0.000606851207856
290700	-0.000605741489519
290800	-0.000602606489007
290900	-0.000605297136483
291000	-0.00060909748111
291100	-0.000602238900732
291200	-0.00061005956045
291300	-0.000608690339867
291400	-0.000608470452997
291500	-0.00059639798629
291600	-0.000598668223606
291700	-0.000595294425791
291800	-0.000596700027427
291900	-0.000603544087028
292000	-0.000589970352752
292100	-0.000570362923669
292200	-0.000576739435331
292300	-0.000572729172095
292400	-0.000573495642967
292500	-0.000575273295739
292600	-0.000577142549568
292700	-0.00058043946021
292800	-0.000561963514356
292900	-0.000562115131456
293000	-0.000545032610934
293100	-0.000566862333686
293200	-0.00058599631993
293300	-0.000580101772941
293400	-0.000580488537844
293500	-0.000586852647371
293600	-0.000592574298377
293700	-0.000594401852242
293800	-0.000608170762435
293900	-0.000609881748906
294000	-0.000609150965998
294100	-0.000624794359073
294200	-0.000626988395661
294300	-0.000624007757402
294400	-0.000623044133844
294500	-0.000645280699503
294600	-0.000656707508497
294700	-0.000675698059054
294800	-0.000664114335154
294900	-0.000657871278411
295000	-0.000663592328825
295100	-0.000667564412074
295200	-0.000683634654483
295300	-0.000680292807326
295400	-0.000674271919442
295500	-0.000670125705595
295600	-0.000659607933029
295700	-0.000664628941506
295800	-0.000655162018267
295900	-0.000641510040566
296000	-0.000645641885147
296100	-0.000633894670731
296200	-0.000616476711693
296300	-0.000606269244021
296400	-0.000619264224033
296500	-0.000638071629016
296600	-0.000635799356046
296700	-0.00061233561174
296800	-0.000603677240578
296900	-0.000603349417324
297000	-0.000603319414153
297100	-0.000631033806811
297200	-0.000633924656809
297300	-0.000621009202837
297400	-0.000631683090126
297500	-0.000631518759675
297600	-0.00063137325606
297700	-0.00063084882769
297800	-0.000621372985237
297900	-0.000636605518642
298000	-0.000654749271824
298100	-0.000641007732317
298200	-0.000660703879958
298300	-0.000660682232664
298400	-0.000661487935668
298500	-0.000670822700179
298600	-0.0006875671333
298700	-0.000677662527631
298800	-0.000686489538164
298900	-0.000688450458358
299000	-0.000702947418072
299100	-0.000699974286203
299200	-0.000697836296802
299300	-0.000694508583372
299400	-0.000697477742162
299500	-0.000696685212031
299600	-0.000719163107487
299700	-0.000719920550561
299800	-0.000717459779865
299900	-0.000726356745593
300000	-0.000727851840011
300100	-0.000713240053327
300200	-0.000733619057306
300300	-0.000744939690321
300400	-0.000745520086563
300500	-0.000747991773722
300600	-0.000746703033944
300700	-0.000737741483217
300800	-0.000756729926873
300900	-0.000737567946172
301000	-0.000722914727585
301100	-0.000737128811037
301200	-0.000730670823383
301300	-0.000724396916704
301400	-0.000720538613149
301500	-0.000709980713112
301600	-0.00071870691314
301700	-0.000714683927753
301800	-0.000720001265749
301900	-0.000723244133829
302000	-0.000719882615904
302100	-0.000738165137382
302200	-0.000747583196569
302300	-0.000761806936828
302400	-0.000770090886253
302500	-0.00078556901158
302600	-0.000781086536691
302700	-0.00077916050546
302800	-0.000784533203444
302900	-0.00078339211952
303000	-0.00078187341255
303100	-0.000766924137257
303200	-0.000769065098953
303300	-0.000769048130572
303400	-0.000764926549119
303500	-0.000762171080733
303600	-0.000760601139666
303700	-0.000764207612785
303800	-0.000774316372623
303900	-0.000791478009222
304000	-0.000777488835534
304100	-0.000792883567913
304200	-0.000797637514801
304300	-0.000798376585615
304400	-0.000795379701059
304500	-0.000813098167496
304600	-0.000839186543015
304700	-0.000824305930431
304800	-0.000823198822186
304900	-0.000823152072819
305000	-0.00081802514755
305100	-0.000831302189455
305200	-0.000825087414818
305300	-0.000830454693752
305400	-0.000828708447945
305500	-0.000826709178404
305600	-0.000837678023568
305700	-0.000830641452412
305800	-0.000840257678228
305900	-0.00084157842106
306000	-0.000842087323537
306100	-0.00082575612219
306200	-0.000812821603534
306300	-0.000811079813915
306400	-0.000806114095961
306500	-0.000799241435571
306600	-0.000815289915207
306700	-0.000813240955339
306800	-0.00081684850392
306900	-0.000824054864785
307000	-0.00083496054724
307100	-0.000833448179755
307200	-0.00082481885743
307300	-0.000830946531086
307400	-0.000830187010419
307500	-0.000818442686188
307600	-0.000822690910283
307700	-0.00081507478714
307800	-0.000813016773889
307900	-0.000808815365388
308000	-0.000807050905854
308100	-0.000808787299588
308200	-0.000801379185603
308300	-0.000822919545907
308400	-0.000830912175756
308500	-0.000830958262571
308600	-0.000840460440711
308700	-0.000816637065122
308800	-0.000803716084855
308900	-0.000805267860159
309000	-0.000789751572825
309100	-0.000793793426085
309200	-0.000804915979958
309300	-0.000804275596518
309400	-0.000807885261807
309500	-0.000819195101787
309600	-0.000800100419907
309700	-0.000809630684544
309800	-0.000804315593942
309900	-0.000805085053253
310000	-0.000788850703235
310100	-0.00078761122542
310200	-0.000778061860099
310300	-0.000778195136973
310400	-0.000764339661736
310500	-0.000766807594212
310600	-0.000772320856416
310700	-0.000760358754435
310800	-0.000759193484566
310900	-0.000768346957231
311000	-0.000750503848884
311100	-0.000753487544208
311200	-0.000758152226873
311300	-0.00076726257309
311400	-0.000775284126535
311500	-0.000761276266462
311600	-0.000761731749047
311700	-0.000744596948999
311800	-0.000744329592698
311900	-0.000744540840023
312000	-0.000752496163471
312100	-0.000736899458516
312200	-0.000738008702764
312300	-0.000740190224153
312400	-0.000745287733684
312500	-0.000751725411209
312600	-0.000753722907879
312700	-0.000749443361059
312800	-0.000746383586967
312900	-0.000747951169713
313000	-0.000748926939307
313100	-0.000733327310773
313200	-0.000740851206906
313300	-0.000732747188008
313400	-0.000717386710284
313500	-0.000715939049451
313600	-0.000715819795928
313700	-0.000719822445021
313800	-0.00072019560549
313900	-0.000731653157065
314000	-0.0007331947102
314100	-0.000733170098703
314200	-0.000733058574165
314300	-0.000731084381173
314400	-0.000730289026727
314500	-0.000730061484905
314600	-0.000733052183734
314700	-0.000727251350501
314800	-0.000737797770021
314900	-0.000728101095594
315000	-0.00073080842858
315100	-0.000733257413528
315200	-0.000748266170693
315300	-0.000738338112917
315400	-0.000745552038689
315500	-0.000741864570531
315600	-0.000733701397347
315700	-0.000739333443151
315800	-0.000724237070939
315900	-0.000738375897444
316000	-0.000751676740515
316100	-0.000753849604563
316200	-0.000775806483246
316300	-0.000769318292768
316400	-0.000766686321121
316500	-0.000754184426548
316600	-0.000748419264063
316700	-0.000756247202407
316800	-0.000749743241801
316900	-0.000763823979181
317000	-0.000770243813888
317100	-0.000779706341855
317200	-0.000783218694837
317300	-0.000790180148132
317400	-0.000783789946447
317500	-0.00078210021418
317600	-0.000774812380359
317700	-0.000763396688706
317800	-0.000774042948401
317900	-0.00077627803398
318000	-0.000772836094346
318100	-0.000773611663005
318200	-0.000781576621628
318300	-0.00078184497016
318400	-0.000787415665836
318500	-0.000784153450556
318600	-0.000789760357822
318700	-0.00078282067776
318800	-0.000791919491851
318900	-0.000788061094393
319000	-0.000786949598752
319100	-0.000789054497029
319200	-0.000790191459906
319300	-0.000790289217043
319400	-0.000789753246719
319500	-0.000786001111117
319600	-0.000784914014399
319700	-0.000790853221777
319800	-0.000778549571614
319900	-0.000788177342926
320000	-0.000765511656257
320100	-0.000763601918157
320200	-0.000763035071837
320300	-0.000764064555111
320400	-0.000758765589894
320500	-0.000759608770678
320600	-0.000747731416101
320700	-0.000753841250396
320800	-0.00077421873442
320900	-0.000766998145846
321000	-0.000776488423682
321100	-0.000773173575216
321200	-0.000785869361774
321300	-0.000792707136639
321400	-0.000800274125706
321500	-0.000770283514781
321600	-0.000779892412942
321700	-0.000775537861368
321800	-0.000772879089503
321900	-0.00075899408202
322000	-0.00076394801864
322100	-0.000754840149028
322200	-0.000751450018628
322300	-0.000749119106428
322400	-0.000746717298393
322500	-0.000736148275975
322600	-0.000738214677625
322700	-0.000746663005894
322800	-0.00073987678749
322900	-0.000731891625896
323000	-0.000738327482978
323100	-0.000744004976793
323200	-0.00074216241956
323300	-0.000732696693479
323400	-0.00072339675016
323500	-0.000735046046374
323600	-0.000746506749079
323700	-0.000733031909181
323800	-0.000737716760351
323900	-0.000728663948755
324000	-0.000738578543215
324100	-0.000729602104294
324200	-0.000730029281313
324300	-0.000736993666363
324400	-0.000742781584468
324500	-0.000738968865952
324600	-0.000761191860757
324700	-0.000760592876506
324800	-0.000751747472296
324900	-0.000753427793172
325000	-0.000756860953852
325100	-0.000761911470322
325200	-0.00075130395757
325300	-0.000749257276365
325400	-0.000739505353416
325500	-0.000728225732725
325600	-0.000732198273962
325700	-0.000703963110231
325800	-0.000710643459184
325900	-0.000703828490341
326000	-0.000708398042951
326100	-0.000699795467654
326200	-0.000705637826493
326300	-0.000704002758204
326400	-0.000699105079663
326500	-0.000685670085764
326600	-0.00069697035518
326700	-0.000688768784823
326800	-0.000698754947985
326900	-0.000709510679112
327000	-0.000714380183492
327100	-0.000719551748706
327200	-0.000729529251228
327300	-0.000724330782163
327400	-0.00075468481369
327500	-0.000754115071762
327600	-0.000748594630653
327700	-0.000756537183406
327800	-0.000768759679689
327900	-0.000772753159506
328000	-0.000775586506104
328100	-0.000785054206041
328200	-0.000780524722737
328300	-0.00076611861408
328400	-0.000766541546901
328500	-0.000766444922382
328600	-0.000762733444925
328700	-0.000764244021912
328800	-0.000766409318742
328900	-0.000777687558536
329000	-0.000782859541041
329100	-0.000770739811615
329200	-0.000757639167687
329300	-0.000751601697548
329400	-0.000741663397094
329500	-0.000747856418825
329600	-0.000727504484231
329700	-0.000735728780718
329800	-0.000743323396006
329900	-0.000740858290399
330000	-0.000733098669706
330100	-0.000725179642541
330200	-0.000728537556035
330300	-0.000723372806548
330400	-0.00071829489105
330500	-0.000715351167936
330600	-0.000729906315798
330700	-0.000727037614161
330800	-0.000725912554423
330900	-0.000727818189794
331000	-0.000717185166171
331100	-0.000731842733321
331200	-0.000712859800732
331300	-0.000700559188055
331400	-0.000702016786368
331500	-0.000681287381607
331600	-0.000657281221358
331700	-0.000662100934587
331800	-0.000666383037982
331900	-0.000678653296181
332000	-0.000671211771092
332100	-0.000670413149661
332200	-0.000675521246245
332300	-0.000689807020772
332400	-0.000695148838756
332500	-0.000685488535346
332600	-0.000690971954306
332700	-0.000693418770671
332800	-0.000691606613589
332900	-0.000709300063089
333000	-0.000707325549556
333100	-0.00070164810568
333200	-0.000691737370955
333300	-0.000693260396046
333400	-0.000698936193767
333500	-0.000701970284864
333600	-0.00071753577039
333700	-0.000731568585562
333800	-0.000736501506896
333900	-0.000734424669069
334000	-0.000729363347311
334100	-0.000725813094888
334200	-0.000729093384207
334300	-0.000725503015262
334400	-0.000728484623211
334500	-0.000743566281022
334600	-0.000751742462647
334700	-0.000770541051694
334800	-0.000780242864402
334900	-0.000783909181851
335000	-0.000787513734334
335100	-0.00077948007461
335200	-0.000805124245232
335300	-0.00080501720251
335400	-0.000812662140733
335500	-0.000797076274223
335600	-0.0007932666478
335700	-0.000782317539476
335800	-0.000779079592025
335900	-0.000777959452224
336000	-0.000781426925602
336100	-0.000782550743833
336200	-0.000795850565146
336300	-0.000801753300631
336400	-0.000810311224739
336500	-0.000808478701344
336600	-0.000801050466436
336700	-0.000795827543814
336800	-0.000781210053451
336900	-0.000777854203034
337000	-0.000776886658761
337100	-0.000764620507274
337200	-0.000763198650659
337300	-0.000761323356069
337400	-0.000771650423836
337500	-0.000774532687414
337600	-0.000771062230458
337700	-0.00076119598757
337800	-0.000763324635886
337900	-0.000764834599
338000	-0.000763498849119
338100	-0.000751293936712
338200	-0.000747498675346
338300	-0.000750437620461
338400	-0.000743279784285
338500	-0.000732649521424
338600	-0.000731741231548
338700	-0.000743561647482
338800	-0.000741668642273
338900	-0.000751494228392
339000	-0.00076116671682
339100	-0.000754936691248
339200	-0.00074822208727
339300	-0.000744255753027
339400	-0.000748195023577
339500	-0.000734798002952
339600	-0.000733474243234
339700	-0.00073011156315
339800	-0.000745342151272
339900	-0.000742023671674
340000	-0.000739448567653
340100	-0.000738719300211
340200	-0.000749982380958
340300	-0.000754745997655
340400	-0.000758885666868
340500	-0.000762311424381
340600	-0.000772684048743
340700	-0.000777338811277
340800	-0.000778617183105
340900	-0.00077512191259
341000	-0.00077614754546
341100	-0.000780281609504
341200	-0.000783965257918
341300	-0.000784248857315
341400	-0.000790764077334
341500	-0.000772168076139
341600	-0.000784286873541
341700	-0.000798084556633
341800	-0.000786701161503
341900	-0.00078300427026
342000	-0.000782625207607
342100	-0.000782714390534
342200	-0.000780343436592
342300	-0.000785823695594
342400	-0.00080256694802
342500	-0.000812885205845
342600	-0.000806677200822
342700	-0.00080495519697
342800	-0.000794117044929
342900	-0.000784795998838
343000	-0.000783997166185
343100	-0.000783571413587
343200	-0.000783662368886
343300	-0.00077123089718
343400	-0.000780132096686
343500	-0.000786693411941
343600	-0.000773333678701
343700	-0.000780006645336
343800	-0.000785589866207
343900	-0.000792940340221
344000	-0.000790136619192
344100	-0.000790609845981
344200	-0.000775836284144
344300	-0.000766895602679
344400	-0.000781997537754
344500	-0.000785404290282
344600	-0.000780873624499
344700	-0.000788797473172
344800	-0.000785932705923
344900	-0.000786455062344
345000	-0.000787166640587
345100	-0.000789109892791
345200	-0.0007824651912
345300	-0.00078399444252
345400	-0.000794801247835
345500	-0.000795888807532
345600	-0.000785646009845
345700	-0.000773644929136
345800	-0.000775044893009
345900	-0.000755928589195
346000	-0.000768053251453
346100	-0.00078371064433
346200	-0.000780805595039
346300	-0.000781531989612
346400	-0.000782198204395
346500	-0.000780190606068
346600	-0.000778956762846
346700	-0.000774425511977
346800	-0.000763406401391
346900	-0.00076385897954
347000	-0.000763881731995
347100	-0.000766933526368
347200	-0.000765096961412
347300	-0.000761604088691
347400	-0.00075824169258
347500	-0.000762552273388
347600	-0.000763135083436
347700	-0.000766820704638
347800	-0.000755821316856
347900	-0.000761060646745
348000	-0.000753965002881
348100	-0.000756534412532
348200	-0.000753129115457
348300	-0.000739002558146
348400	-0.000741798048227
348500	-0.000724895345774
348600	-0.000726624432021
348700	-0.000712367740185
348800	-0.000719728087737
348900	-0.000725544528525
349000	-0.000718584885393
349100	-0.000719333763971
349200	-0.000720029587635
349300	-0.000697570269116
349400	-0.000696360964517
349500	-0.000702341713883
349600	-0.000702229076094
349700	-0.000697056891628
349800	-0.000708890588915
349900	-0.000720848642476
