100	0.0466032034762
200	0.0340046724153
300	0.0195851398864
400	0.016404963329
500	0.0135909565805
600	0.0162383571654
700	0.0232647503843
800	0.0183444160764
900	0.0158169828159
1000	0.0181583142008
1100	0.0156948617024
1200	0.0161383340348
1300	0.0201490293692
1400	0.0195212673859
1500	0.0198704609594
1600	0.0204967994269
1700	0.02098243997
1800	0.020270201487
1900	0.0217901552635
2000	0.0212811964436
2100	0.0204469813636
2200	0.0195211001465
2300	0.0178038997271
2400	0.0186701479426
2500	0.0178349893309
2600	0.0173144071846
2700	0.0157238884015
2800	0.0149682563767
2900	0.0124073190659
3000	0.0110083190428
3100	0.01083328321
3200	0.0100882343732
3300	0.0109594146515
3400	0.0109970876411
3500	0.0105267798085
3600	0.0107865133291
3700	0.00950066939548
3800	0.00839614473453
3900	0.00697883013651
4000	0.00625690367026
4100	0.00656646190207
4200	0.00652972193932
4300	0.00756863538782
4400	0.00754832859658
4500	0.00785329861682
4600	0.00688561602777
4700	0.00703214996663
4800	0.00643529028526
4900	0.00581786780525
5000	0.00482812091511
5100	0.00401421520512
5200	0.00361978470542
5300	0.00331366916592
5400	0.00375216544603
5500	0.00453991915281
5600	0.00479610532724
5700	0.0043998771056
5800	0.0050888294773
5900	0.00468126376766
6000	0.00474801764452
6100	0.00499409740829
6200	0.00487116031287
6300	0.00458275971172
6400	0.00478555078036
6500	0.00445464535803
6600	0.0044336407328
6700	0.00465682519153
6800	0.00472198167915
6900	0.00429482729809
7000	0.00412903020943
7100	0.00453496094363
7200	0.0047827960827
7300	0.00381485832287
7400	0.00418191477123
7500	0.003602866549
7600	0.00345871013675
7700	0.00353038202708
7800	0.0037025282055
7900	0.00343635983142
8000	0.00301286060341
8100	0.00390183320022
8200	0.00354392677259
8300	0.00316396594222
8400	0.00323762350002
8500	0.00302304401241
8600	0.00301447029646
8700	0.00283743037913
8800	0.00273365092724
8900	0.00294969563084
9000	0.00288989347405
9100	0.00282678122687
9200	0.00256713886694
9300	0.00224636893393
9400	0.002148966951
9500	0.00261737575586
9600	0.002614093413
9700	0.00261494799788
9800	0.00270150678439
9900	0.00291082833922
10000	0.00299856387821
10100	0.00286992462314
10200	0.00348473560861
10300	0.00372054101107
10400	0.00386254571481
10500	0.00350602938559
10600	0.00345524943421
10700	0.0035910957291
10800	0.00391961282322
10900	0.00430368395859
11000	0.0036500026617
11100	0.00375084664918
11200	0.00382353085609
11300	0.00428909959379
11400	0.0040492964624
11500	0.00429018484776
11600	0.0044059965514
11700	0.00442485701831
11800	0.00425899246325
11900	0.00395989977137
12000	0.00414516365452
12100	0.00422734917966
12200	0.0042311743343
12300	0.00429196267593
12400	0.00427326560587
12500	0.00433955720184
12600	0.00392950443868
12700	0.00410379185815
12800	0.00416590162058
12900	0.00388699562004
13000	0.00420900059318
13100	0.00425916076496
13200	0.00407263495666
13300	0.00375579404819
13400	0.0037954257209
13500	0.00370826251387
13600	0.0032559735345
13700	0.00338649195716
13800	0.00343038312546
13900	0.00321481645385
14000	0.00322762572976
14100	0.00332972547725
14200	0.00330198708259
14300	0.00342619685663
14400	0.00343163358158
14500	0.00326985618128
14600	0.00272849597365
14700	0.0023202550267
14800	0.00228703604445
14900	0.00223578772533
15000	0.00250268279981
15100	0.00216358788839
15200	0.00195670440383
15300	0.00175340207457
15400	0.00184837490899
15500	0.00179734364954
15600	0.00158155098968
15700	0.00186995330615
15800	0.00235703180448
15900	0.00235048430074
16000	0.0027314687905
16100	0.00286100555269
16200	0.00293096977772
16300	0.0029054167512
16400	0.00266778939192
16500	0.00279180742546
16600	0.0027019057588
16700	0.00259056999
16800	0.00248489886042
16900	0.00232403426282
17000	0.00264619084518
17100	0.00256850720128
17200	0.00225999963237
17300	0.00236077321844
17400	0.00302042012789
17500	0.00318859779102
17600	0.00343636794965
17700	0.00344549886047
17800	0.0032826445763
17900	0.00324804058748
18000	0.00326074422563
18100	0.00348508841244
18200	0.00317291416725
18300	0.00272937099532
18400	0.00252012806444
18500	0.00244764663158
18600	0.0027370112894
18700	0.00267438691583
18800	0.0025826608151
18900	0.00234220625627
19000	0.00228262949951
19100	0.00185837539547
19200	0.00178190909703
19300	0.00191807816666
19400	0.00188621907028
19500	0.00181029458061
19600	0.00179022431396
19700	0.0016592938392
19800	0.00169713430068
19900	0.00161912080111
20000	0.00173948203075
20100	0.0017210212402
20200	0.00178487381745
20300	0.00176653863045
20400	0.00147867650292
20500	0.00145167745144
20600	0.00157597750961
20700	0.00135484177929
20800	0.00145166712081
20900	0.00118496169789
21000	0.00134234453636
21100	0.00114851000256
21200	0.00128152749292
21300	0.00129449368753
21400	0.00126404185603
21500	0.001369623649
21600	0.00162693769873
21700	0.00158991638848
21800	0.00161138277867
21900	0.00170615138715
22000	0.00167763563445
22100	0.00152705222427
22200	0.00149836194014
22300	0.00137626188653
22400	0.00135935873772
22500	0.00161897943581
22600	0.00175705999384
22700	0.00179208262547
22800	0.00172870780942
22900	0.00168399055796
23000	0.00161950090149
23100	0.00162383950935
23200	0.00155632822519
23300	0.00152331871247
23400	0.00149166254623
23500	0.00143072799886
23600	0.00173644298317
23700	0.0017857900431
23800	0.00166122161216
23900	0.00154117263742
24000	0.00153133844818
24100	0.00150812808048
24200	0.00147455194514
24300	0.00137222652011
24400	0.00143946370686
24500	0.0012789292597
24600	0.00110508067338
24700	0.00113979479896
24800	0.00137770013282
24900	0.00129057801101
25000	0.00112718744878
25100	0.00112296525373
25200	0.00113655378167
25300	0.00101130562933
25400	0.000882737592481
25500	0.000756955511674
25600	0.000820690842605
25700	0.000662531345518
25800	0.000689965006623
25900	0.00083471272276
26000	0.000867694689034
26100	0.000830180046759
26200	0.00102179094222
26300	0.00105231792147
26400	0.00122096782914
26500	0.00127443523097
26600	0.00131655231503
26700	0.00134305821308
26800	0.00106149378763
26900	0.00110957902354
27000	0.00140784110714
27100	0.00127328497424
27200	0.00125461018586
27300	0.00115754883897
27400	0.00114613832204
27500	0.000986059348464
27600	0.00100376898634
27700	0.00100423427459
27800	0.00105281218438
27900	0.00107777031027
28000	0.00135467947832
28100	0.00148878292181
28200	0.00162605934824
28300	0.00156385232743
28400	0.00171112074216
28500	0.00177061867613
28600	0.00176908643567
28700	0.00173624112845
28800	0.00191006530914
28900	0.00193941651376
29000	0.00211912557758
29100	0.00226453691155
29200	0.00221098294691
29300	0.00199564881038
29400	0.00211881874831
29500	0.00197410464367
29600	0.00193052234574
29700	0.00197880493045
29800	0.00185807643429
29900	0.00171914550825
30000	0.00167501491532
30100	0.00157961900782
30200	0.00172825751845
30300	0.00172456185746
30400	0.0016859311905
30500	0.00177630691808
30600	0.00175233692166
30700	0.00169597708499
30800	0.00170172800314
30900	0.00164828584257
31000	0.00153084727685
31100	0.00147918443954
31200	0.00158042776343
31300	0.00166632468104
31400	0.00149872761978
31500	0.00148958355573
31600	0.00146354066739
31700	0.00144812777387
31800	0.00139957426872
31900	0.00144037341952
32000	0.0014842096257
32100	0.00146538225157
32200	0.00141141530544
32300	0.00168945823744
32400	0.00147879074058
32500	0.00137849844635
32600	0.00131382603902
32700	0.00126751555881
32800	0.00142689295638
32900	0.00134541127166
33000	0.00129015842755
33100	0.00132912918726
33200	0.00138264981482
33300	0.00142633197006
33400	0.00154602181074
33500	0.00153382106401
33600	0.00138634777697
33700	0.00135199936967
33800	0.00121393496046
33900	0.00103811726336
34000	0.00102470959162
34100	0.00108917659566
34200	0.00120701376095
34300	0.00124637408666
34400	0.00134396464584
34500	0.00121874535968
34600	0.00125666193482
34700	0.0013646529121
34800	0.0013450546001
34900	0.00132505994175
35000	0.00148525039242
35100	0.00142123618465
35200	0.00147147511042
35300	0.00150878756281
35400	0.00161449987602
35500	0.00160382276444
35600	0.00176844206394
35700	0.00173709263404
35800	0.00176307705943
35900	0.00169653065829
36000	0.0017791711353
36100	0.0017581665086
36200	0.00182618964014
36300	0.00178240201576
36400	0.00168524388279
36500	0.00170548598672
36600	0.00190980594474
36700	0.00184333507452
36800	0.00175222687429
36900	0.00184733374019
37000	0.00186147637873
37100	0.00174997102213
37200	0.0016429348582
37300	0.00182933282639
37400	0.00176329496981
37500	0.00190011273145
37600	0.00197375986748
37700	0.00185936022193
37800	0.0018408507525
37900	0.00177070586958
38000	0.0016859110768
38100	0.00180106199067
38200	0.00175737552715
38300	0.00175279486736
38400	0.00181039614468
38500	0.00185685179638
38600	0.00185332742956
38700	0.00185336835067
38800	0.00185870353931
38900	0.00198041602146
39000	0.0020713969329
39100	0.00195213414216
39200	0.00204504237292
39300	0.00207106936007
39400	0.0020056105782
39500	0.00200457287211
39600	0.00198793236914
39700	0.0020879457303
39800	0.00202729179517
39900	0.00206547679864
40000	0.00199351263286
40100	0.00204759840559
40200	0.00200472264502
40300	0.00192347157252
40400	0.00196601758651
40500	0.0019856253042
40600	0.0021007552663
40700	0.00205953006463
40800	0.00211947748283
40900	0.00213266216232
41000	0.00209433766983
41100	0.00207594162734
41200	0.00215846360615
41300	0.00220046620722
41400	0.00224522309953
41500	0.0022561681406
41600	0.00217828064448
41700	0.0021432666299
41800	0.00209501145161
41900	0.00196210844736
42000	0.00186136332083
42100	0.00184089545737
42200	0.00184744284335
42300	0.00185004353512
42400	0.00170289696957
42500	0.00158763527797
42600	0.00151555829373
42700	0.0015057464807
42800	0.00146616456176
42900	0.00149079799455
43000	0.00157118447845
43100	0.00156944893695
43200	0.00152925965449
43300	0.00155944525881
43400	0.00161060250056
43500	0.00153793438952
43600	0.00149018602155
43700	0.00146283112719
43800	0.00154283458403
43900	0.00156358081597
44000	0.00142934686529
44100	0.00137294761617
44200	0.00127099280438
44300	0.00125701372932
44400	0.00121871322137
44500	0.00121663938208
44600	0.0012668038612
44700	0.00132662708987
44800	0.00135610322081
44900	0.00141118364891
45000	0.00148882918373
45100	0.00152568651374
45200	0.00147574995497
45300	0.00144311685918
45400	0.00149614302291
45500	0.001464383618
45600	0.00139718403143
45700	0.00131022750262
45800	0.00129832212914
45900	0.00129447408733
46000	0.00117337188536
46100	0.00119498413547
46200	0.00112968234675
46300	0.0010286496331
46400	0.00107324025649
46500	0.00112443296048
46600	0.00111489639194
46700	0.00107042714359
46800	0.00106185124753
46900	0.00104538071803
47000	0.00097854527614
47100	0.000851048772478
47200	0.000735163782973
47300	0.000745813098275
47400	0.000733099675331
47500	0.000695247212993
47600	0.000774147997025
47700	0.000760518499008
47800	0.000762901501266
47900	0.000747176600361
48000	0.000665139743472
48100	0.000675896943927
48200	0.000683113986336
48300	0.000616912069022
48400	0.000580494971853
48500	0.000518769840821
48600	0.000539405297828
48700	0.000503223213064
48800	0.000527698179276
48900	0.000589735820414
49000	0.000433850693098
49100	0.000569490953783
49200	0.000682210744765
49300	0.000626465079356
49400	0.000706685334996
49500	0.000652861897997
49600	0.000615741062236
49700	0.000647928357982
49800	0.000597663474835
49900	0.000671454223095
50000	0.000634994947256
50100	0.000589063120661
50200	0.00060870861258
50300	0.000530560116707
50400	0.000641351223025
50500	0.000593632420112
50600	0.000551459299212
50700	0.000550434067874
50800	0.000608234471469
50900	0.000526800746742
51000	0.000440643600649
51100	0.000285412132543
51200	0.00032802179052
51300	0.000169301142914
51400	0.000175709206324
51500	0.000121169526712
51600	0.000132311294378
51700	0.000173904806629
51800	6.44074899689e-05
51900	0.00010937605109
52000	0.000225799022919
52100	0.000283156933479
52200	0.000291899479104
52300	0.000369269179826
52400	0.000328590429752
52500	0.00040834825443
52600	0.000476620441255
52700	0.000460601758896
52800	0.000438522770399
52900	0.000307824698426
53000	0.000338163992074
53100	0.000340070769374
53200	0.000429983438476
53300	0.000513436694075
53400	0.000561351394115
53500	0.000590451746584
53600	0.000654005161049
53700	0.00060894943369
53800	0.000657112669056
53900	0.000746033230057
54000	0.000715476756188
54100	0.000640166982929
54200	0.000533859386518
54300	0.000616099275861
54400	0.00056291243541
54500	0.000570265204489
54600	0.000496357019644
54700	0.000462589507455
54800	0.000431761611277
54900	0.000399613710594
55000	0.000386844876406
55100	0.00039353678493
55200	0.000510501584855
55300	0.000437310616305
55400	0.00035737069614
55500	0.000396867615373
55600	0.000429892879035
55700	0.000443512877529
55800	0.000469192209664
55900	0.000440322737099
56000	0.000438794277246
56100	0.000467077365008
56200	0.000431023129013
56300	0.000485582322914
56400	0.000451855075231
56500	0.000394225417278
56600	0.000380241166797
56700	0.000414378371875
56800	0.000358233849737
56900	0.00033831705303
57000	0.000311707338994
57100	0.000264655675113
57200	0.000189186578603
57300	0.000133217762547
57400	0.000162325909229
57500	0.000255243398579
57600	0.000198506861786
57700	0.000152766671934
57800	0.000223800361135
57900	0.000209217869084
58000	0.000218924170961
58100	0.000264792540007
58200	0.000234785087917
58300	0.00019501510509
58400	0.000248768512285
58500	0.000283557316253
58600	0.000195670416528
58700	0.000118463390697
58800	3.69418687245e-05
58900	9.63762594642e-05
59000	7.72038846448e-05
59100	6.54509421734e-05
59200	8.62280002993e-05
59300	9.3709149146e-05
59400	8.84689983929e-05
59500	0.000164114229731
59600	0.000207275306368
59700	0.000353698661153
59800	0.000495812812575
59900	0.000524247680367
60000	0.000580475025065
60100	0.000655901738573
60200	0.000580382594222
60300	0.00045125990514
60400	0.000384607123988
60500	0.000394386051423
60600	0.000408426379855
60700	0.000472844456054
60800	0.000459419234553
60900	0.000417700776577
61000	0.000538976303922
61100	0.000615573281213
61200	0.000715652281492
61300	0.000630299705962
61400	0.000686118701245
61500	0.000732063230085
61600	0.000787642545529
61700	0.000725536441668
61800	0.000709976733442
61900	0.000673809752505
62000	0.00057232612522
62100	0.000544557043605
62200	0.00048080733701
62300	0.000415662650455
62400	0.000381325872798
62500	0.000347621036178
62600	0.000252952797036
62700	0.000226731027347
62800	0.000290084324112
62900	0.000304238138351
63000	0.00028162561702
63100	0.000315270373697
63200	0.000383419942658
63300	0.000404481979813
63400	0.000386832473587
63500	0.000353742168631
63600	0.00026720763784
63700	0.000233716511348
63800	0.000228298861052
63900	0.00019897195183
64000	0.000243791420108
64100	0.000206948941678
64200	0.000282022762034
64300	0.000316832016229
64400	0.000386870172619
64500	0.000354253651807
64600	0.000233600012822
64700	0.000234867990894
64800	0.000261630926497
64900	0.000225812896568
65000	0.000235242895236
65100	0.000233671175048
65200	0.000287273153368
65300	0.000318018107924
65400	0.000313518871725
65500	0.000313175509376
65600	0.000414297613272
65700	0.000429952814783
65800	0.000483875016615
65900	0.000489819316211
66000	0.000551607733446
66100	0.000587508259364
66200	0.000645714854386
66300	0.000656894462036
66400	0.000625173844902
66500	0.000620336961959
66600	0.000665412544603
66700	0.000591282037028
66800	0.000585296873164
66900	0.000601818794055
67000	0.000599776525224
67100	0.000577815121358
67200	0.000579593644354
67300	0.000511607706276
67400	0.000536245973426
67500	0.000509338555794
67600	0.00054781420206
67700	0.000480084721659
67800	0.000388179400192
67900	0.000417351339758
68000	0.000412807781565
68100	0.000393071900173
68200	0.000404909316786
68300	0.00043222624061
68400	0.000464879068506
68500	0.000402234064095
68600	0.000353566473368
68700	0.000295540147503
68800	0.000263174865455
68900	0.000145805193282
69000	5.78818147577e-05
69100	-4.49402843407e-05
69200	-2.9228895667e-05
69300	3.76167470614e-05
69400	4.63673880039e-05
69500	5.87318143785e-06
69600	6.36024547593e-05
69700	8.60972573283e-05
69800	5.30162028982e-05
69900	0.000106132662626
70000	0.000111783608714
70100	8.91206517484e-05
70200	8.36455245545e-05
70300	8.77425247456e-05
70400	9.16319325649e-05
70500	5.08896369312e-05
70600	4.13131273619e-05
70700	3.38168903048e-05
70800	2.64621289386e-05
70900	-9.50677353756e-06
71000	-8.23527376364e-05
71100	-2.23382227602e-05
71200	-5.46397240385e-05
71300	1.22559351451e-06
71400	4.13131017934e-05
71500	1.70404972147e-05
71600	-9.44461880992e-06
71700	-9.29279555917e-07
71800	3.09186501833e-05
71900	-1.29613719675e-05
72000	-3.92549873305e-05
72100	2.10216427623e-05
72200	4.0935935679e-05
72300	-1.25974880678e-05
72400	-1.39581486527e-05
72500	-3.97671951009e-05
72600	-2.71558049518e-05
72700	-4.54397458643e-05
72800	-2.01893735288e-05
72900	-3.25832033752e-05
73000	-5.10302320542e-05
73100	-4.31947170895e-05
73200	-1.90774217887e-05
73300	6.91260081213e-05
73400	9.55666341666e-05
73500	0.000102838691841
73600	0.000171664151694
73700	0.000150559893181
73800	0.000138508626571
73900	0.000183666362523
74000	0.000141632509256
74100	9.93947678575e-05
74200	8.22102094981e-05
74300	7.88594207525e-05
74400	0.000120098640724
74500	0.000122990952124
74600	0.000128022936551
74700	7.20441060094e-05
74800	3.40498861739e-05
74900	4.26549046909e-05
75000	6.74798920723e-05
75100	7.95836415738e-05
75200	0.000128258570352
75300	0.000120030079032
75400	0.000173884962793
75500	0.000193111961647
75600	0.000148470774095
75700	0.000150759210456
75800	0.000117713277542
75900	0.000147844560028
76000	0.000134468913524
76100	0.000130579433499
76200	0.000134168171141
76300	8.38064937223e-05
76400	0.000101429247832
76500	0.000118195538473
76600	7.80790663685e-05
76700	0.000103064153218
76800	0.000100323680127
76900	0.000117172414996
77000	0.0001462851354
77100	0.000144086243503
77200	0.000161176198624
77300	0.000132253478753
77400	0.000115345759426
77500	0.000150558384695
77600	0.000226457177715
77700	0.000212107753324
77800	0.000211352560026
77900	0.000201117860368
78000	0.000180335972687
78100	0.000213879613762
78200	0.000160360306574
78300	0.00017428985996
78400	0.000144297974211
78500	9.32567088754e-05
78600	4.50621884701e-05
78700	-3.29730669411e-05
78800	-1.00924827536e-05
78900	9.36769253224e-07
79000	-8.86890630525e-06
79100	3.38202953079e-05
79200	2.21250317555e-05
79300	3.75804030411e-06
79400	5.89167591433e-05
79500	4.88380166541e-05
79600	0.000117484539159
79700	0.000173728366694
79800	0.00012481541625
79900	0.000156654529773
80000	0.000110737491862
80100	0.000122025159988
80200	0.00014112340774
80300	7.54137929799e-05
80400	8.82117421034e-05
80500	3.65900956578e-05
80600	4.57387035618e-05
80700	7.51841675288e-05
80800	0.000105514443773
80900	0.000103749776312
81000	0.000129137710853
81100	0.0001805852823
81200	0.000163409435908
81300	0.000160683208299
81400	0.000103171495617
81500	0.000117810708759
81600	0.000127513959911
81700	8.85335170717e-05
81800	6.55793133778e-05
81900	9.26161267229e-05
82000	0.000117982517261
82100	0.000135458599912
82200	0.000200180849195
82300	0.000217799799913
82400	0.000237426889956
82500	0.00026809760667
82600	0.000244703995974
82700	0.000197279078428
82800	0.00017687712623
82900	0.000166696913643
83000	0.000141896455768
83100	0.000161044150595
83200	0.000160502918242
83300	0.000144995935869
83400	0.000104762178685
83500	0.000128906479431
83600	0.000105349779254
83700	7.64298250929e-05
83800	8.11925717856e-05
83900	0.000123754930477
84000	0.000126694244891
84100	0.000166785764611
84200	0.000154146873594
84300	0.000119260863161
84400	0.000115804688441
84500	0.000156923536012
84600	0.00023624945921
84700	0.000289041321731
84800	0.000278453949141
84900	0.00026733145489
85000	0.000289851009667
85100	0.000296313874517
85200	0.000295960180642
85300	0.000267192715226
85400	0.000249512006269
85500	0.000278211767639
85600	0.000298765551292
85700	0.000272602526843
85800	0.000307732589676
85900	0.000346964198622
86000	0.000301159321927
86100	0.00033792491849
86200	0.000386201611662
86300	0.00031827265378
86400	0.000294460421706
86500	0.00025127943925
86600	0.000212235517873
86700	0.00018463607155
86800	0.000216808086103
86900	0.000245927409187
87000	0.000269156187247
87100	0.000293993683429
87200	0.000313734192133
87300	0.000326462116227
87400	0.000309302238615
87500	0.000256597143395
87600	0.000230353142935
87700	0.000252647997402
87800	0.000272717169005
87900	0.000309772697103
88000	0.000301248204536
88100	0.000348652352628
88200	0.000353241309735
88300	0.000352549368881
88400	0.000330719867786
88500	0.00029102944211
88600	0.000287343705954
88700	0.000332416756308
88800	0.000360170200795
88900	0.000315732098813
89000	0.00025135297845
89100	0.00024602268833
89200	0.000274070320318
89300	0.000260741329648
89400	0.000197804411776
89500	0.000254087797661
89600	0.000225363230255
89700	0.000190042496049
89800	0.00021871287303
89900	0.000225813877242
90000	0.000271228629478
90100	0.000217035161744
90200	0.000193040242997
90300	0.000220411591492
90400	0.000208992197597
90500	0.000235509282765
90600	0.000241649194739
90700	0.000264364725255
90800	0.000241188266833
90900	0.000230017268427
91000	0.000249593708508
91100	0.000210700053113
91200	0.000208358017613
91300	0.000179463357181
91400	0.000196966423727
91500	0.000224331309686
91600	0.000249895826013
91700	0.00022926249731
91800	0.000253020464684
91900	0.000262262011588
92000	0.00029215404532
92100	0.000309621475528
92200	0.000335339532946
92300	0.000332591516108
92400	0.000302884738224
92500	0.000345536618577
92600	0.000402842139846
92700	0.000381132050117
92800	0.000338472328728
92900	0.000369526125385
93000	0.00040026960856
93100	0.000454112501618
93200	0.000450844842047
93300	0.0004136929341
93400	0.000402553351921
93500	0.000394928741884
93600	0.000405347605408
93700	0.000456154676675
93800	0.000432538441918
93900	0.000392984585065
94000	0.000391651472787
94100	0.000398156913168
94200	0.000382112417596
94300	0.000444387195338
94400	0.000473679294793
94500	0.000465931134865
94600	0.000439800792297
94700	0.000446307464484
94800	0.000501618308641
94900	0.000552258968907
95000	0.000572581637251
95100	0.000599555993016
95200	0.000589805786565
95300	0.000576073584865
95400	0.000571111024598
95500	0.000570972447911
95600	0.000546398088754
95700	0.00054193777684
95800	0.000534524855238
95900	0.000501558141968
96000	0.000465529332325
96100	0.00045336562183
96200	0.000386420281998
96300	0.000367047746716
96400	0.000354654198623
96500	0.000372338339069
96600	0.000372697128177
96700	0.000390146997731
96800	0.000367429074185
96900	0.00032489939212
97000	0.000327394019303
97100	0.000332715706087
97200	0.000377484331333
97300	0.000382121083054
97400	0.000318782736989
97500	0.000288925383497
97600	0.00028304542344
97700	0.000238382426103
97800	0.000203623880478
97900	0.000200079137931
98000	0.000135218747447
98100	0.000108558008588
98200	0.000149009058576
98300	0.00014154165307
98400	0.00018857101791
98500	0.00019144979543
98600	0.000145151412906
98700	0.00021681113486
98800	0.000179628372154
98900	0.000152277997864
99000	0.000113976091949
99100	0.000129237320325
99200	0.000111455727891
99300	0.000139285051781
99400	0.000105942499786
99500	0.000146940671639
99600	0.000134096891436
99700	9.45100626253e-05
99800	0.000113735869753
99900	6.99970427538e-05
100000	4.0607505698e-05
100100	4.63541554538e-05
100200	-1.69283985124e-06
100300	-1.05926731487e-05
100400	4.55506198155e-06
100500	2.47431317312e-05
100600	6.06835162275e-05
100700	8.4222726121e-05
100800	7.4489771861e-05
100900	1.55431447488e-05
101000	-3.16687676269e-05
101100	-0.000111789705355
101200	-0.000115107227
101300	-0.000130027259948
101400	-0.000107548501482
101500	-8.30263380903e-05
101600	-0.000113605216757
101700	-0.000132881317509
101800	-0.00015822995202
101900	-0.000149730536513
102000	-0.00014491751619
102100	-0.000141583644911
102200	-0.000137529515173
102300	-0.000158376381338
102400	-0.000139846641615
102500	-0.000138660884907
102600	-9.54214511197e-05
102700	-0.000105800220593
102800	-0.000189896331194
102900	-0.000213574324655
103000	-0.000205196678478
103100	-0.000153616292732
103200	-0.000172996903821
103300	-0.000164637792582
103400	-0.000165525004231
103500	-0.000155696057767
103600	-0.000133732652806
103700	-0.000129842403737
103800	-0.00015593196396
103900	-0.000198491086878
104000	-0.000184011540719
104100	-0.00016056419092
104200	-0.000195172939567
104300	-0.000165558362011
104400	-0.00016247078774
104500	-0.000211916973461
104600	-0.000231977285451
104700	-0.000208603706862
104800	-0.000197620483441
104900	-0.000187366763825
105000	-0.000209644336365
105100	-0.00019359037249
105200	-0.00015020705141
105300	-0.000145425524941
105400	-0.000101237469467
105500	-0.000108754453259
105600	-0.000165985486858
105700	-0.000186596437367
105800	-0.000216883391715
105900	-0.000216663928098
106000	-0.000251938356447
106100	-0.000270834526358
106200	-0.00032350259508
106300	-0.000340069897883
106400	-0.000344309175364
106500	-0.000346154646834
106600	-0.000383747495045
106700	-0.000409112819983
106800	-0.000377525164472
106900	-0.000412350857019
107000	-0.000390338150263
107100	-0.000396820193378
107200	-0.000441886982417
107300	-0.000407785732377
107400	-0.000393411170047
107500	-0.000366494219944
107600	-0.000343909189831
107700	-0.000325261851759
107800	-0.000327754194519
107900	-0.000359960284344
108000	-0.000378700343683
108100	-0.000413698137978
108200	-0.000439214667458
108300	-0.000439846926957
108400	-0.000438516683558
108500	-0.000437687865899
108600	-0.000432162655438
108700	-0.000409307723079
108800	-0.000429470941393
108900	-0.000407951314993
109000	-0.000411221300055
109100	-0.000405563388317
109200	-0.000390952361817
109300	-0.000330554720899
109400	-0.000324934753221
109500	-0.000365559852584
109600	-0.000383451331925
109700	-0.000355715743172
109800	-0.000325093206736
109900	-0.000387065135572
110000	-0.00042617011219
110100	-0.000451806282757
110200	-0.000444588387253
110300	-0.000447192645094
110400	-0.000492668493395
110500	-0.000495220040733
110600	-0.000484637570737
110700	-0.000471587228856
110800	-0.000506664874368
110900	-0.000488850835747
111000	-0.000487618868999
111100	-0.000473411397149
111200	-0.000459791768673
111300	-0.000417391718053
111400	-0.000430948178925
111500	-0.000421188458347
111600	-0.000462440190788
111700	-0.000490636167643
111800	-0.000528369293464
111900	-0.000500340555012
112000	-0.00050273771634
112100	-0.000518913876206
112200	-0.000498028948984
112300	-0.000497255448111
112400	-0.000536938003869
112500	-0.000564262746526
112600	-0.000577366868182
112700	-0.000581952745154
112800	-0.000589321105806
112900	-0.000597627946384
113000	-0.00060250137493
113100	-0.000573098343662
113200	-0.000539746921065
113300	-0.000597183255403
113400	-0.00061023121776
113500	-0.000663008569943
113600	-0.00066625583036
113700	-0.00071322553774
113800	-0.000680721939575
113900	-0.000685607522353
114000	-0.00068818255541
114100	-0.000685336618897
114200	-0.00067362711533
114300	-0.000701358635993
114400	-0.000735335172434
114500	-0.000729662300541
114600	-0.000742982398184
114700	-0.000700848820591
114800	-0.000698419470374
114900	-0.00070031138226
115000	-0.000703640774356
115100	-0.000630031497166
115200	-0.000626289758586
115300	-0.000633443978739
115400	-0.000613453713172
115500	-0.000633883485237
115600	-0.000626043824639
115700	-0.000658917647348
115800	-0.000668618446406
115900	-0.000631284516709
116000	-0.000625932759382
116100	-0.000575315293875
116200	-0.000554660634121
116300	-0.000602686425281
116400	-0.000610359149895
116500	-0.000598270126373
116600	-0.000619846846648
116700	-0.000562750896509
116800	-0.000591727161938
116900	-0.000617279826229
117000	-0.000639868009035
117100	-0.000627281563517
117200	-0.000641544344888
117300	-0.000635720244459
117400	-0.000630170611239
117500	-0.000611729893201
117600	-0.000600874734071
117700	-0.000580805754231
117800	-0.000580397577081
117900	-0.000517682747657
118000	-0.000520290472511
118100	-0.000497749196871
118200	-0.000487661895523
118300	-0.000466888214156
118400	-0.000432634239048
118500	-0.000457860948004
118600	-0.000509291595465
118700	-0.000469607994978
118800	-0.000486217360952
118900	-0.000430568259185
119000	-0.000447527054936
119100	-0.000471975957438
119200	-0.00045225893946
119300	-0.000487532829305
119400	-0.000458308079974
119500	-0.0004557311723
119600	-0.000448794326426
119700	-0.00043499173346
119800	-0.000434629695491
119900	-0.000416827347374
120000	-0.000376226016534
120100	-0.000393440433144
120200	-0.000373248853522
120300	-0.000338869757623
120400	-0.000325239380754
120500	-0.000318778456361
120600	-0.000317528351198
120700	-0.000286113332551
120800	-0.000234078651631
120900	-0.00025729308549
121000	-0.000261024613196
121100	-0.000270374001595
121200	-0.000278112934631
121300	-0.000317374178958
121400	-0.000313719128131
121500	-0.000310067654704
121600	-0.000323273191042
121700	-0.000310763956815
121800	-0.000277660399561
121900	-0.000302463025475
122000	-0.000331711036644
122100	-0.000321554380534
122200	-0.000339373748046
122300	-0.000328050319959
122400	-0.000329520586806
122500	-0.000355325797044
122600	-0.000383381916285
122700	-0.000333858978616
122800	-0.000301464882989
122900	-0.000289991734457
123000	-0.000279422239696
123100	-0.00027481244395
123200	-0.000280008811642
123300	-0.000262941633288
123400	-0.000213007843291
123500	-0.000206489642172
123600	-0.000201097414731
123700	-0.000222713514697
123800	-0.000241696495226
123900	-0.000270614992735
124000	-0.000295207803626
124100	-0.000316209382306
124200	-0.000288495095936
124300	-0.000280291254682
124400	-0.000315706098483
124500	-0.000297709166316
124600	-0.000308667074994
124700	-0.000327179901688
124800	-0.000340040131894
124900	-0.000314521784753
125000	-0.000337449598463
125100	-0.000336083782572
125200	-0.000358843798601
125300	-0.000351835564093
125400	-0.00032056339227
125500	-0.000373515526203
125600	-0.000395581831691
125700	-0.00038433543877
125800	-0.000423279527843
125900	-0.000455925407285
126000	-0.000481182668342
126100	-0.000486242210224
126200	-0.000471682939321
126300	-0.00046787508917
126400	-0.000421446349638
126500	-0.000432132612236
126600	-0.000430308780437
126700	-0.000468298919904
126800	-0.00048961039962
126900	-0.000474307755676
127000	-0.000470357775603
127100	-0.000487782108806
127200	-0.000489074845234
127300	-0.000524824484256
127400	-0.0004964314523
127500	-0.000468212108897
127600	-0.00046594846564
127700	-0.000473567933525
127800	-0.000483620723345
127900	-0.000450934580524
128000	-0.000474169607787
128100	-0.000465707621807
128200	-0.000497795657982
128300	-0.000509751554155
128400	-0.000511216585201
128500	-0.000472853223621
128600	-0.000468415649619
128700	-0.000438390340952
128800	-0.00042014011496
128900	-0.000402845533724
129000	-0.000379102127669
129100	-0.000357198289917
129200	-0.000351649597577
129300	-0.000345585683922
129400	-0.000310885988614
129500	-0.000334524240002
129600	-0.000316604433039
129700	-0.000351739260716
129800	-0.000347142540089
129900	-0.000350049575079
130000	-0.000360553592339
130100	-0.000335904977239
130200	-0.000357309612974
130300	-0.000315974819733
130400	-0.000310521122594
130500	-0.000336034159156
130600	-0.000360883786194
130700	-0.000325879147025
130800	-0.000329804441442
130900	-0.000316583321833
131000	-0.000314489234303
131100	-0.000330029625929
131200	-0.000347773811594
131300	-0.000348284750246
131400	-0.000311285043104
131500	-0.000336927330366
131600	-0.000321622273525
131700	-0.000365394907108
131800	-0.00035414866208
131900	-0.00036719986914
132000	-0.00038810103735
132100	-0.000407374111738
132200	-0.000438054814301
132300	-0.000460791564872
132400	-0.000452677132095
132500	-0.000497329962774
132600	-0.000520105685316
132700	-0.00048253882457
132800	-0.000525572634746
132900	-0.000496530086838
133000	-0.000500344150436
133100	-0.000521371664863
133200	-0.000547632463043
133300	-0.000577590904154
133400	-0.000616817440685
133500	-0.000596422157102
133600	-0.000601647868765
133700	-0.000622850974363
133800	-0.00063049565851
133900	-0.000630960683167
134000	-0.00066189565343
134100	-0.000666334792142
134200	-0.000660147938084
134300	-0.000684682354149
134400	-0.000703459314732
134500	-0.000718670460715
134600	-0.000694290206803
134700	-0.000686363974439
134800	-0.000672480141581
134900	-0.000690246594782
135000	-0.000717257363529
135100	-0.000738362969646
135200	-0.000737915429351
135300	-0.000728947324655
135400	-0.000728050429918
135500	-0.000735438406257
135600	-0.000719809231376
135700	-0.000705888971507
135800	-0.000711457914631
135900	-0.000724533758862
136000	-0.000727723241479
136100	-0.00072953506113
136200	-0.000765986586971
136300	-0.000793102323376
136400	-0.000768221639684
136500	-0.000768815149607
136600	-0.000754801433472
136700	-0.000762024496906
136800	-0.000760133488907
136900	-0.000758399735308
137000	-0.000741905890775
137100	-0.000753010650626
137200	-0.000769591152656
137300	-0.000761099445346
137400	-0.000773776782052
137500	-0.000715780183772
137600	-0.000731726461087
137700	-0.000759816522404
137800	-0.000768197230068
137900	-0.000727282247127
138000	-0.000781956255388
138100	-0.000775082187793
138200	-0.000722257834852
138300	-0.000728606795432
138400	-0.000730088073637
138500	-0.000692478827574
138600	-0.000724924949126
138700	-0.000748993382522
138800	-0.000739146715021
138900	-0.000733949459255
139000	-0.000725289973861
139100	-0.000721598822954
139200	-0.000725654726363
139300	-0.000736201121314
139400	-0.000717311806383
139500	-0.000731014127129
139600	-0.000719157494308
139700	-0.000712478903243
139800	-0.00071082509795
139900	-0.000697434380342
140000	-0.000688701731318
140100	-0.000684998441851
140200	-0.000674729827125
140300	-0.000709667466366
140400	-0.000699583532704
140500	-0.000689035502687
140600	-0.000703808515752
140700	-0.0007136628957
140800	-0.000686756899338
140900	-0.000674832139366
141000	-0.000696584748697
141100	-0.000732860656051
141200	-0.000741040682191
141300	-0.00076327514624
141400	-0.000762909095795
141500	-0.000761110812967
141600	-0.000731154717997
141700	-0.000751367245752
141800	-0.00077533702342
141900	-0.0007852338859
142000	-0.000749996188008
142100	-0.000775087055711
142200	-0.000801090800451
142300	-0.000804787942473
142400	-0.000816954734029
142500	-0.000832489673137
142600	-0.000851003163897
142700	-0.000863447737009
142800	-0.00090357163186
142900	-0.000899827219696
143000	-0.000886284562444
143100	-0.000850714782303
143200	-0.00082225867822
143300	-0.000838207890438
143400	-0.000857143440502
143500	-0.00085506463959
143600	-0.000885485141988
143700	-0.000888069678301
143800	-0.00089230541208
143900	-0.00089562918836
144000	-0.000913920480585
144100	-0.000910468009597
144200	-0.000904250131737
144300	-0.000889677706119
144400	-0.000903988703002
144500	-0.000904426415472
144600	-0.000914416906954
144700	-0.000921274349806
144800	-0.000923873081384
144900	-0.000940984674335
145000	-0.000961804991965
145100	-0.000975347623915
145200	-0.000992473450125
145300	-0.000970321210407
145400	-0.000945074733044
145500	-0.000932176152863
145600	-0.000947086261281
145700	-0.00094166018124
145800	-0.000928611354189
145900	-0.000947008368581
146000	-0.000932978500411
146100	-0.000915776805241
146200	-0.000900969686736
146300	-0.000899219351092
146400	-0.000898052821416
146500	-0.000872910976954
146600	-0.000873745042835
146700	-0.000870114174881
146800	-0.000878084102088
146900	-0.00086129066457
147000	-0.000887581122016
147100	-0.000865886096656
147200	-0.000887426349382
147300	-0.000877450054622
147400	-0.000887253436249
147500	-0.000899481170132
147600	-0.000888836030049
147700	-0.000889795730117
147800	-0.000896568171901
147900	-0.000877163549381
148000	-0.000911996709357
148100	-0.000888961147204
148200	-0.000906895384733
148300	-0.000896063058864
148400	-0.000932284110966
148500	-0.000922839010201
148600	-0.000937581123822
148700	-0.000936923449463
148800	-0.000921972602298
148900	-0.000904330857108
149000	-0.000911080107968
149100	-0.000905403639539
149200	-0.000957525224582
149300	-0.000965825579404
149400	-0.000952926605511
149500	-0.000955387895885
149600	-0.000938526826689
149700	-0.00095850403595
149800	-0.000955420680011
149900	-0.000943250663126
150000	-0.0009606274229
150100	-0.000986531776563
150200	-0.000993298337679
150300	-0.000980446084627
150400	-0.000962869507141
150500	-0.00091490928626
150600	-0.000915033123428
150700	-0.000900700607396
150800	-0.000918486521049
150900	-0.000929370428278
151000	-0.000950195522802
151100	-0.000961505638349
151200	-0.000989055268596
151300	-0.000999416944881
151400	-0.00102283655237
151500	-0.00102572208753
151600	-0.00100599091967
151700	-0.000971815811292
151800	-0.00092450016992
151900	-0.000916541054149
152000	-0.000908848655887
152100	-0.0008987192076
152200	-0.000913935223002
152300	-0.000912323976881
152400	-0.000940366298566
152500	-0.000962392276849
152600	-0.000970069804095
152700	-0.000972694288529
152800	-0.000992820074162
152900	-0.00101840532985
153000	-0.00101734537089
153100	-0.00103935704593
153200	-0.00105600916198
153300	-0.00109178546373
153400	-0.00108008405705
153500	-0.00106148442458
153600	-0.00104128358749
153700	-0.00103936062992
153800	-0.0010761323772
153900	-0.00107966856555
154000	-0.00104997133562
154100	-0.00107754880666
154200	-0.00109914087989
154300	-0.00112017812041
154400	-0.00113325446905
154500	-0.00112166708087
154600	-0.00110043984615
154700	-0.00106931666935
154800	-0.00107298184314
154900	-0.00106222358866
155000	-0.00106699455446
155100	-0.00103510195716
155200	-0.00104576510515
155300	-0.00106242853048
155400	-0.00109376107092
155500	-0.0010788351404
155600	-0.0010818215293
155700	-0.00109570030294
155800	-0.0010412549385
155900	-0.00103650676063
156000	-0.00102990541355
156100	-0.00104460155403
156200	-0.00107520355668
156300	-0.00107667589289
156400	-0.00108474848269
156500	-0.00108874586522
156600	-0.0011077503631
156700	-0.00109238767677
156800	-0.00106267949915
156900	-0.00106238081617
157000	-0.00107684705523
157100	-0.0010912589203
157200	-0.0010924384014
157300	-0.00109588856985
157400	-0.00105836923895
157500	-0.00106051213467
157600	-0.0010643329278
157700	-0.0010505335805
157800	-0.00107222292135
157900	-0.00106253533653
158000	-0.00102258705271
158100	-0.00102321625773
158200	-0.0010222554622
158300	-0.00102550488606
158400	-0.00104923459589
158500	-0.00102870141475
158600	-0.00102470835036
158700	-0.00104273695042
158800	-0.00103968205818
158900	-0.00105197375107
159000	-0.00107113430321
159100	-0.00105508563106
159200	-0.00104949620469
159300	-0.00107024396664
159400	-0.0010851966647
159500	-0.00110272914513
159600	-0.00108858862049
159700	-0.00108357432597
159800	-0.00108785378618
159900	-0.0011015449325
160000	-0.00108873689979
160100	-0.00110556765965
160200	-0.00109550489704
160300	-0.00111898806515
160400	-0.00110893734653
160500	-0.00110372197032
160600	-0.00111717270585
160700	-0.00113178608108
160800	-0.00111989499552
160900	-0.00116000549008
161000	-0.00116251229781
161100	-0.00115850060166
161200	-0.00115074554802
161300	-0.00115487674908
161400	-0.0011636416988
161500	-0.00117394627392
161600	-0.0011576295524
161700	-0.00116529364515
161800	-0.00115655271446
161900	-0.00113151998939
162000	-0.0011343061847
162100	-0.00115961129416
162200	-0.00116255017906
162300	-0.00116395876959
162400	-0.00116366053931
162500	-0.00116113514103
162600	-0.00116778775916
162700	-0.00115877774305
162800	-0.00117901838401
162900	-0.00117645170228
163000	-0.00115532572806
163100	-0.00113280563555
163200	-0.00114645177488
163300	-0.00114971961868
163400	-0.00114149791296
163500	-0.00114696882459
163600	-0.00114315189297
163700	-0.00116309331964
163800	-0.00114064773711
163900	-0.0011657732268
164000	-0.00119561034348
164100	-0.00121655600064
164200	-0.0012104767488
164300	-0.00121816520964
164400	-0.00119792473046
164500	-0.00118470201105
164600	-0.0011375650712
164700	-0.00113139231142
164800	-0.00115644597487
164900	-0.00114501821519
165000	-0.00116155077747
165100	-0.00113874452286
165200	-0.0011189140483
165300	-0.00109915091808
165400	-0.00109235907921
165500	-0.00108423762521
165600	-0.00109201256677
165700	-0.00107559635635
165800	-0.00108860674728
165900	-0.00107627488235
166000	-0.00108107189144
166100	-0.0010456760542
166200	-0.0010608763005
166300	-0.0010431624966
166400	-0.00106176446927
166500	-0.00107357404476
166600	-0.00108248155841
166700	-0.00106985776388
166800	-0.00105239994839
166900	-0.00109421166293
167000	-0.00109265202495
167100	-0.00108242307435
167200	-0.00108773535755
167300	-0.00106771599903
167400	-0.00105652544987
167500	-0.00108360728533
167600	-0.00108182409391
167700	-0.00108302740774
167800	-0.00109171710024
167900	-0.00107863669805
168000	-0.00103352648709
168100	-0.00103060152165
168200	-0.00102315757531
168300	-0.00104076422472
168400	-0.0010530838163
168500	-0.00107715180063
168600	-0.00106733646954
168700	-0.00106818529455
168800	-0.00105738007034
168900	-0.00104035050229
169000	-0.00102180545758
169100	-0.00105127091291
169200	-0.00107208601828
169300	-0.0010657758774
169400	-0.001084599519
169500	-0.0010764566096
169600	-0.00106557741727
169700	-0.0010302780347
169800	-0.00104042278834
169900	-0.00103989847222
170000	-0.000998678293587
170100	-0.00102230598089
170200	-0.000982477165528
170300	-0.000978705354294
170400	-0.000983333144275
170500	-0.000976876032388
170600	-0.000980042331878
170700	-0.000988659193464
170800	-0.000973846276407
170900	-0.000991764606503
171000	-0.00101849629834
171100	-0.00103833507888
171200	-0.0010232990155
171300	-0.0010396088573
171400	-0.00103518343497
171500	-0.00105675677386
171600	-0.00107330588032
171700	-0.00107262257301
171800	-0.0010728435655
171900	-0.00109227922225
172000	-0.00112988077448
172100	-0.00110560392202
172200	-0.00111247820647
172300	-0.00113045058447
172400	-0.00112680526703
172500	-0.00112501840266
172600	-0.00115379775419
172700	-0.0011725198353
172800	-0.00114655711076
172900	-0.00112598077968
173000	-0.00112789929165
173100	-0.00112476306368
173200	-0.00113179656281
173300	-0.0011388794641
173400	-0.00114406260373
173500	-0.00112336753497
173600	-0.00111340041714
173700	-0.00109019440893
173800	-0.00109530570573
173900	-0.0010955062609
174000	-0.00109211067051
174100	-0.00106264914601
174200	-0.00108671799971
174300	-0.00108487938487
174400	-0.00109493428749
174500	-0.00110643354122
174600	-0.00111574196335
174700	-0.00106766617461
174800	-0.00103819410171
174900	-0.00104418354873
175000	-0.00103379289105
175100	-0.00102920318828
175200	-0.00101715393514
175300	-0.00100722392305
175400	-0.00101327146387
175500	-0.00101274677804
175600	-0.00104760500816
175700	-0.00107842215671
175800	-0.00107977502905
175900	-0.00107327172496
176000	-0.00108588180341
176100	-0.00105764438554
176200	-0.00106540630555
176300	-0.00107089873945
176400	-0.00107830689481
176500	-0.0010701567848
176600	-0.00104761097134
176700	-0.00106839568418
176800	-0.00106457890541
176900	-0.00103064955853
177000	-0.00102210021511
177100	-0.00100594210781
177200	-0.000995530101204
177300	-0.00101024554649
177400	-0.000997879712301
177500	-0.00101424114158
177600	-0.00102675059291
177700	-0.00100061684865
177800	-0.000992153391316
177900	-0.000994708366072
178000	-0.000991785598132
178100	-0.000967420120495
178200	-0.000971069568574
178300	-0.000945668624442
178400	-0.000930395890092
178500	-0.000947414919944
178600	-0.000978163843189
178700	-0.000956718455804
178800	-0.000950656616256
178900	-0.000934823425849
179000	-0.000944427802239
179100	-0.000961812441937
179200	-0.000947708056062
179300	-0.000946370999281
179400	-0.000946066642521
179500	-0.000967684426084
179600	-0.00100141194311
179700	-0.00100779732014
179800	-0.00100986194952
179900	-0.000996226526208
180000	-0.000994290540256
180100	-0.00102114634676
180200	-0.00102114983181
180300	-0.00102696114395
180400	-0.00103282093585
180500	-0.00104056903497
180600	-0.00103509570052
180700	-0.00102828589965
180800	-0.00104344083388
180900	-0.00104829252356
181000	-0.00102628575153
181100	-0.00108789846394
181200	-0.00108380107619
181300	-0.00107647869673
181400	-0.00108466691911
181500	-0.00109337900906
181600	-0.00108375018462
181700	-0.00106205308766
181800	-0.00107375420932
181900	-0.00108956373885
182000	-0.00109968756561
182100	-0.0010748310893
182200	-0.00104699119617
182300	-0.00103427682591
182400	-0.00103910937982
182500	-0.00102648614386
182600	-0.00104336708386
182700	-0.00103587603697
182800	-0.00101394817142
182900	-0.00103743679732
183000	-0.00101350170847
183100	-0.000993527340337
183200	-0.000978485800929
183300	-0.000967270448246
183400	-0.000977502819623
183500	-0.000991953511776
183600	-0.00098405465705
183700	-0.000980758947369
183800	-0.000995155737136
183900	-0.00101776158729
184000	-0.00104387420074
184100	-0.00104109597126
184200	-0.00102253870574
184300	-0.00102902432116
184400	-0.00102505358884
184500	-0.00101759017779
184600	-0.00101909782583
184700	-0.00102657585468
184800	-0.00104142345928
184900	-0.00100953166795
185000	-0.00102215419341
185100	-0.00102830889503
185200	-0.00103821101042
185300	-0.00104460146852
185400	-0.00105806008719
185500	-0.00105193193837
185600	-0.0010465076108
185700	-0.00106417162553
185800	-0.00105151662132
185900	-0.00106991633753
186000	-0.00105378371756
186100	-0.00104307564279
186200	-0.00104402858208
186300	-0.00103494719607
186400	-0.0010396023905
186500	-0.00102206342807
186600	-0.00102190533585
186700	-0.00104071035544
186800	-0.00103650970606
186900	-0.00101414230872
187000	-0.00099843733512
187100	-0.000983437710834
187200	-0.000984060484344
187300	-0.000984520069494
187400	-0.00100202225355
187500	-0.00101831238715
187600	-0.00100072340647
187700	-0.000993930664826
187800	-0.000975993818532
187900	-0.000993049412022
188000	-0.000996682266518
188100	-0.00102243859083
188200	-0.00105620646039
188300	-0.00107552248795
188400	-0.00107436387722
188500	-0.00108324639043
188600	-0.00106413310389
188700	-0.00106938033454
188800	-0.0010670880548
188900	-0.00104632166915
189000	-0.00105017229042
189100	-0.00103111458978
189200	-0.00103120952264
189300	-0.00102757106453
189400	-0.00106488474253
189500	-0.00104309142356
189600	-0.00105475563874
189700	-0.00106525719864
189800	-0.00106742788678
189900	-0.00108169142099
190000	-0.00108077205942
190100	-0.00109266053309
190200	-0.00110268478816
190300	-0.00109964618356
190400	-0.0011310061086
190500	-0.00109894965532
190600	-0.0011137428326
190700	-0.00110976941317
190800	-0.0010967494686
190900	-0.001106360642
191000	-0.00110663348892
191100	-0.00110693060485
191200	-0.00112525024136
191300	-0.00111583394174
191400	-0.00114241914356
191500	-0.00113216990077
191600	-0.00113881311262
191700	-0.00114946092693
191800	-0.00114534135231
191900	-0.00113305470135
192000	-0.00115132442786
192100	-0.00116648125932
192200	-0.00116174773172
192300	-0.00115963730291
192400	-0.00114083376207
192500	-0.00115629608326
192600	-0.00115710007602
192700	-0.00114891172478
192800	-0.00114371926344
192900	-0.00114229124243
193000	-0.00116653536912
193100	-0.00116955882172
193200	-0.00116724552164
193300	-0.00117443923119
193400	-0.00119053119661
193500	-0.00119197355054
193600	-0.00120542438809
193700	-0.00119906284579
193800	-0.00119785340945
193900	-0.00121597252822
194000	-0.00118932889544
194100	-0.00119498796829
194200	-0.00120170412072
194300	-0.00120755773992
194400	-0.001218911603
194500	-0.00122650642904
194600	-0.00122549422204
194700	-0.00119235873656
194800	-0.0011492069403
194900	-0.00112936712736
195000	-0.00115928809366
195100	-0.00116835629297
195200	-0.00118610995198
195300	-0.00119788364861
195400	-0.00120838294128
195500	-0.00119362247017
195600	-0.00118907481378
195700	-0.00117393696562
195800	-0.00116706399694
195900	-0.00114055227278
196000	-0.00112330990951
196100	-0.00111130917495
196200	-0.00108589936466
196300	-0.00108339594938
196400	-0.00106481991149
196500	-0.00105801122098
196600	-0.0010724549894
196700	-0.00106699344502
196800	-0.00106582069228
196900	-0.00108354562583
197000	-0.00110082199073
197100	-0.00110488147374
197200	-0.00107579508923
197300	-0.00108286545002
197400	-0.00110661362906
197500	-0.00107899038418
197600	-0.00106842458849
197700	-0.00107538130364
197800	-0.00110677395251
197900	-0.00110917949326
198000	-0.00112361478873
198100	-0.00115111684753
198200	-0.00114517378684
198300	-0.00115796977663
198400	-0.00114094911819
198500	-0.00112811201077
198600	-0.00112256659588
198700	-0.00112790123347
198800	-0.00110838422687
198900	-0.00108997422558
199000	-0.00109011733659
199100	-0.00107261408048
199200	-0.00105810960701
199300	-0.00107190955841
199400	-0.00109347532475
199500	-0.00109534144774
199600	-0.00112251199301
199700	-0.00114686877846
199800	-0.00114929389777
199900	-0.00113198976025
200000	-0.00114080185534
200100	-0.00115202265607
200200	-0.00116437656791
200300	-0.00117112743087
200400	-0.00117621605827
200500	-0.00114805727176
200600	-0.00113540755449
200700	-0.00114446735856
200800	-0.00113525352062
200900	-0.00115300584925
201000	-0.00115386179861
201100	-0.00113556981422
201200	-0.00114875389101
201300	-0.00114283370366
201400	-0.00111942040504
201500	-0.00113643839353
201600	-0.0011167181115
201700	-0.00112286383961
201800	-0.00112872700211
201900	-0.00114385391656
202000	-0.00114922227235
202100	-0.00114834928991
202200	-0.00114056329488
202300	-0.00116194615359
202400	-0.00115810102628
202500	-0.00118685202711
202600	-0.0011541240273
202700	-0.00116357192231
202800	-0.00116422980599
202900	-0.0011418627799
203000	-0.00112549416582
203100	-0.00113450177547
203200	-0.00111130587196
203300	-0.0011221451795
203400	-0.00111384042675
203500	-0.0011253284774
203600	-0.00110689938943
203700	-0.00107773658427
203800	-0.00106755394889
203900	-0.0010644837015
204000	-0.00107578549166
204100	-0.00108682049769
204200	-0.00111689729192
204300	-0.0010923095757
204400	-0.00110109450743
204500	-0.00108146399526
204600	-0.00109053398426
204700	-0.00109318870371
204800	-0.00105950430522
204900	-0.00106580779821
205000	-0.00106063018872
205100	-0.00103865235206
205200	-0.00103210877031
205300	-0.0010297766936
205400	-0.00103997602745
205500	-0.00103872660762
205600	-0.00102864902849
205700	-0.00103062680654
205800	-0.00100307833368
205900	-0.00101740770799
206000	-0.000972945576153
206100	-0.000976208114349
206200	-0.000972567481411
206300	-0.000989445118065
206400	-0.00100661287314
206500	-0.000978600098602
206600	-0.000970737644871
206700	-0.000985270289896
206800	-0.000988796334041
206900	-0.000978245195909
207000	-0.000970562422963
207100	-0.000971115827953
207200	-0.000942288032979
207300	-0.000919405057873
207400	-0.000937823404971
207500	-0.000951029318778
207600	-0.000929474089813
207700	-0.000940967222711
207800	-0.000942798795507
207900	-0.000957258433252
208000	-0.000946562603686
208100	-0.000945100677646
208200	-0.000932473439658
208300	-0.000924361289911
208400	-0.000947217109548
208500	-0.00095049457217
208600	-0.00095197302376
208700	-0.000953220763584
208800	-0.000948644810211
208900	-0.000961532838308
209000	-0.000950343060887
209100	-0.000972447212862
209200	-0.000966264231239
209300	-0.000957466116126
209400	-0.000981045127762
209500	-0.00098540387796
209600	-0.000976006989547
209700	-0.000965225857282
209800	-0.000978573928099
209900	-0.000972241498577
210000	-0.000983245491234
210100	-0.000990481796193
210200	-0.000988073631966
210300	-0.000982600155323
210400	-0.000972199959318
210500	-0.000965794384598
210600	-0.00095391893355
210700	-0.000955851114493
210800	-0.000980532910915
210900	-0.000984161183695
211000	-0.000982249494183
211100	-0.000989026066283
211200	-0.000958881348372
211300	-0.000951702374133
211400	-0.000959930312218
211500	-0.000931567995569
211600	-0.00092702206108
211700	-0.000950280679285
211800	-0.000957942555387
211900	-0.000952155189153
212000	-0.000966065459301
212100	-0.000960537962713
212200	-0.00096237144593
212300	-0.000976777260262
212400	-0.000961712552884
212500	-0.000974534332776
212600	-0.000970560866733
212700	-0.000953456807294
212800	-0.000919840115372
212900	-0.000935644614879
213000	-0.000956602069293
213100	-0.000951130292916
213200	-0.000955799537991
213300	-0.000956731865298
213400	-0.000941401424896
213500	-0.000955657662048
213600	-0.00094897714062
213700	-0.000955679258208
213800	-0.000958924170573
213900	-0.000980366128991
214000	-0.000970586168651
214100	-0.000985077126444
214200	-0.000986546830573
214300	-0.000982354082373
214400	-0.000997762195713
214500	-0.00100176571151
214600	-0.000977665635236
214700	-0.000969688034878
214800	-0.00096094295933
214900	-0.000970228344867
215000	-0.000957067965847
215100	-0.000932657640981
215200	-0.00094918101806
215300	-0.000929660181209
215400	-0.000925397149064
215500	-0.000930866133205
215600	-0.000905819182368
215700	-0.000904286576499
215800	-0.000905774574693
215900	-0.000911744804738
216000	-0.000921848474729
216100	-0.000924974205051
216200	-0.000924663524902
216300	-0.000923030965942
216400	-0.000923394125659
216500	-0.000913297016645
216600	-0.000902358063612
216700	-0.000909799092527
216800	-0.000897701396132
216900	-0.000898387384554
217000	-0.000909322132159
217100	-0.000886327036618
217200	-0.000895122433043
217300	-0.000907582871726
217400	-0.000920358874134
217500	-0.000931857033996
217600	-0.000952941077999
217700	-0.000944277811217
217800	-0.000941778501417
217900	-0.000937273528499
218000	-0.000951808540451
218100	-0.000969051176512
218200	-0.000971482265963
218300	-0.000977340704755
218400	-0.000969918792799
218500	-0.000975739598059
218600	-0.000958704624548
218700	-0.000964928759123
218800	-0.000952509581148
218900	-0.000967937903485
219000	-0.000977734413704
219100	-0.000994032089393
219200	-0.00100092721461
219300	-0.00100150832072
219400	-0.00101727835899
219500	-0.00102603596008
219600	-0.00103661655431
219700	-0.0010188661976
219800	-0.00102123510386
219900	-0.00103565737862
220000	-0.00103550249593
220100	-0.00101761853279
220200	-0.00101578016119
220300	-0.00102952722899
220400	-0.00101557637066
220500	-0.00101651566489
220600	-0.00101790961482
220700	-0.00102323387816
220800	-0.00101371398262
220900	-0.0010257094465
221000	-0.0010243814765
221100	-0.00101391155034
221200	-0.0010102814759
221300	-0.00103392993812
221400	-0.00102895702689
221500	-0.00104958147362
221600	-0.00105493939291
221700	-0.00104931969074
221800	-0.00105907203407
221900	-0.00103917232478
222000	-0.00102889614453
222100	-0.00104421954735
222200	-0.00105296217292
222300	-0.00104463641854
222400	-0.00103701466877
222500	-0.00103129661614
222600	-0.00104189014234
222700	-0.00103890403626
222800	-0.00102940576598
222900	-0.00101732835271
223000	-0.0010126919578
223100	-0.00101720974232
223200	-0.00100780845958
223300	-0.00100907270637
223400	-0.000997708951865
223500	-0.00100711612961
223600	-0.0010032841002
223700	-0.000992633590593
223800	-0.000988731341676
223900	-0.000971611560096
224000	-0.000990096923344
224100	-0.000982725938851
224200	-0.000994793895167
224300	-0.000998280558151
224400	-0.00100445421767
224500	-0.000973185141327
224600	-0.000956409962239
224700	-0.000938764986443
224800	-0.000946811474893
224900	-0.000957886814555
225000	-0.000959514537186
225100	-0.000975802296328
225200	-0.000989532540205
225300	-0.000990479463637
225400	-0.00101509715426
225500	-0.00100683267805
225600	-0.00101318543679
225700	-0.00100901692774
225800	-0.00101410561072
225900	-0.00100088758671
226000	-0.00102344768963
226100	-0.00102718793375
226200	-0.00103232394427
226300	-0.00102475366679
226400	-0.00099212793749
226500	-0.000985955661026
226600	-0.00100274955379
226700	-0.00100424153986
226800	-0.00101215458956
226900	-0.000988275113125
227000	-0.0009919920129
227100	-0.00101519796979
227200	-0.00101296907992
227300	-0.00102342155054
227400	-0.00102217294251
227500	-0.00102820603741
227600	-0.00101671501312
227700	-0.00102259919111
227800	-0.00102399357635
227900	-0.00101405538631
228000	-0.00102377105197
228100	-0.00103489780601
228200	-0.00104690736851
228300	-0.00102931138194
228400	-0.00101869079698
228500	-0.001031383689
228600	-0.00104100607741
228700	-0.00103581009364
228800	-0.00104231725815
228900	-0.00105811436503
229000	-0.00105305625625
229100	-0.00103723196031
229200	-0.00104463449102
229300	-0.00103877843865
229400	-0.00103272337786
229500	-0.00100695352494
229600	-0.000986273003579
229700	-0.000999268646098
229800	-0.000981706442003
229900	-0.00100967885364
230000	-0.000986451946743
230100	-0.000982630145227
230200	-0.000957594341721
230300	-0.00097382722733
230400	-0.000979806938236
230500	-0.00097196147665
230600	-0.00097758830559
230700	-0.000960118548792
230800	-0.000948179103918
230900	-0.000937487325217
231000	-0.000945531378841
231100	-0.000927546894572
231200	-0.000923531317229
231300	-0.000951721374755
231400	-0.000944273963266
231500	-0.000959476681434
231600	-0.000955248775231
231700	-0.000955971722904
231800	-0.000948908777542
231900	-0.000961095256878
232000	-0.000960783589089
232100	-0.000950288854778
232200	-0.000952975092518
232300	-0.000936965472997
232400	-0.000924969921597
232500	-0.000916658274082
232600	-0.000935837393053
232700	-0.000933658409427
232800	-0.000930767882461
232900	-0.000936003729104
233000	-0.000954036636404
233100	-0.000962645380724
233200	-0.000955947161785
233300	-0.000959377249722
233400	-0.000983228548246
233500	-0.000976700125496
233600	-0.000966108316642
233700	-0.00098255579869
233800	-0.00098254605248
233900	-0.000975172029483
234000	-0.000984581285034
234100	-0.000970382955475
234200	-0.000970926945239
234300	-0.000970994873312
234400	-0.000973813131044
234500	-0.00097995351093
234600	-0.000983685519125
234700	-0.000992881574274
234800	-0.000978599253808
234900	-0.000984924710505
235000	-0.000975402052296
235100	-0.000986055225554
235200	-0.000989916408851
235300	-0.000989771548933
235400	-0.000975251148144
235500	-0.000973598944248
235600	-0.000987147691081
235700	-0.00099096179002
235800	-0.00100745840762
235900	-0.00101707673228
236000	-0.00101953830411
236100	-0.00101764766134
236200	-0.00102884410361
236300	-0.0010159320049
236400	-0.00100931008675
236500	-0.00100984527639
236600	-0.00101791489408
236700	-0.00101326202721
236800	-0.00100847097145
236900	-0.00103374945576
237000	-0.00101960534371
237100	-0.00100471372949
237200	-0.00100284707983
237300	-0.000964345135721
237400	-0.000948887422398
237500	-0.000957061331204
237600	-0.000973637104144
237700	-0.000981105074856
237800	-0.000976956884239
237900	-0.000971879711348
238000	-0.000949645942201
238100	-0.000949245354105
238200	-0.000922609625062
238300	-0.000946743332435
238400	-0.000945299221682
238500	-0.000949731528684
238600	-0.000961846755002
238700	-0.000957611910809
238800	-0.000940831231573
238900	-0.000930724318443
239000	-0.000929738040276
239100	-0.000936124605724
239200	-0.000956614582978
239300	-0.000953671094982
239400	-0.000947879675814
239500	-0.000943623529071
239600	-0.000943667485535
239700	-0.000950139590575
239800	-0.000948617078809
239900	-0.000935985351355
240000	-0.00094180220524
240100	-0.000927554909049
240200	-0.000913591696413
240300	-0.00090289638499
240400	-0.000891660531592
240500	-0.000896684070408
240600	-0.000897719892937
240700	-0.000880040501446
240800	-0.000898690737432
240900	-0.000897164375733
241000	-0.000918096178995
241100	-0.000934141095564
241200	-0.000927388570377
241300	-0.000923351514607
241400	-0.000907012962025
241500	-0.00089964488152
241600	-0.000901425497145
241700	-0.000898727680228
241800	-0.000906653797588
241900	-0.000914985829101
242000	-0.00091007573518
242100	-0.000892653180663
242200	-0.000896291060429
242300	-0.000884311699826
242400	-0.00089492479303
242500	-0.000882448538604
242600	-0.000880604656836
242700	-0.00088581119629
242800	-0.00088500601995
242900	-0.000889131139676
243000	-0.000899400780258
243100	-0.000902580349766
243200	-0.000861308232075
243300	-0.000890228281687
243400	-0.000899100229454
243500	-0.000904293468894
243600	-0.000906279645062
243700	-0.000908037936251
243800	-0.000905383438348
243900	-0.000895857751229
244000	-0.000871911211607
244100	-0.000854806476034
244200	-0.000858036190101
244300	-0.000862384691391
244400	-0.00087435441787
244500	-0.000884111666592
244600	-0.000878260934988
244700	-0.000884273200266
244800	-0.000882242058273
244900	-0.000879944057461
245000	-0.000868335176634
245100	-0.000876337890524
245200	-0.000848443800642
245300	-0.000843633441113
245400	-0.000825498058097
245500	-0.000821321401598
245600	-0.000822605864171
245700	-0.000822731365663
245800	-0.000830807207865
245900	-0.000846663912608
246000	-0.000834810001165
246100	-0.000866720476624
246200	-0.000841031223307
246300	-0.000848324647214
246400	-0.000853273856403
246500	-0.00085867044601
246600	-0.000861443562381
246700	-0.000860667527405
246800	-0.000858123213533
246900	-0.00085843469804
247000	-0.000850051995999
247100	-0.00084629572875
247200	-0.000823882973168
247300	-0.000814822468867
247400	-0.000828629243164
247500	-0.000807843468288
247600	-0.000803559914294
247700	-0.0008076086314
247800	-0.00082109117311
247900	-0.000821509248826
248000	-0.00083166774691
248100	-0.000840441292718
248200	-0.00083737096336
248300	-0.000834711716621
248400	-0.000824785972917
248500	-0.00083087098682
248600	-0.000825903181636
248700	-0.000821103376168
248800	-0.000811790237047
248900	-0.000823603951174
249000	-0.000822852426159
249100	-0.000839852425285
249200	-0.000846443732957
249300	-0.000849431148615
249400	-0.000851302068782
249500	-0.000847057400298
249600	-0.000856283839761
249700	-0.00085935292915
249800	-0.00085058465224
249900	-0.000842373547606
250000	-0.000858749127543
250100	-0.000851233488673
250200	-0.00085911433819
250300	-0.000859248358984
250400	-0.000878785830541
250500	-0.000888704698735
250600	-0.000909240786582
250700	-0.000915837216593
250800	-0.000886421268946
250900	-0.000869738377611
251000	-0.000865512457558
251100	-0.00087281927722
251200	-0.000854546184274
251300	-0.000856091681133
251400	-0.000861221412898
251500	-0.000872503728794
251600	-0.000892100277174
251700	-0.000882472153083
251800	-0.000901215746627
251900	-0.000905191997217
252000	-0.000914296255127
252100	-0.000918983250335
252200	-0.000926227074262
252300	-0.00092224061464
252400	-0.000934149738231
252500	-0.000944566618646
252600	-0.000930292831862
252700	-0.000922757703916
252800	-0.000907358324613
252900	-0.000912362995907
253000	-0.000922799157964
253100	-0.000930546370997
253200	-0.000933855945477
253300	-0.000936627970385
253400	-0.00094567663398
253500	-0.000952648622544
253600	-0.000947767482332
253700	-0.000934692236365
253800	-0.000922560084372
253900	-0.000926869332389
254000	-0.000946236688641
254100	-0.000943510697412
254200	-0.000962706904859
254300	-0.000966543145294
254400	-0.0009794479841
254500	-0.000981073804669
254600	-0.000975856400534
254700	-0.000986600182941
254800	-0.000967277930888
254900	-0.000971902025588
255000	-0.000970717501812
255100	-0.000975252623859
255200	-0.000974495150196
255300	-0.000981902670526
255400	-0.000972667642079
255500	-0.00099341648844
255600	-0.00100849384834
255700	-0.000993856959507
255800	-0.000997616628671
255900	-0.000991754428859
256000	-0.000985859904897
256100	-0.000984215081222
256200	-0.000992820809454
256300	-0.000996097956571
256400	-0.000996467923548
256500	-0.000995492044045
256600	-0.000979838883363
256700	-0.000969121699776
256800	-0.000960078524154
256900	-0.000945536423658
257000	-0.000960997651696
257100	-0.000967087274539
257200	-0.000977414568657
257300	-0.000982659134844
257400	-0.000959094886622
257500	-0.000958346148323
257600	-0.000961486822264
257700	-0.000968558895315
257800	-0.000959831068071
257900	-0.000970671581783
258000	-0.000960795667926
258100	-0.000964024402396
258200	-0.000986404201641
258300	-0.000964049560859
258400	-0.000963572940973
258500	-0.000962216431986
258600	-0.000963315114734
258700	-0.000971103159143
258800	-0.000984646260584
258900	-0.000972184294486
259000	-0.000953402284451
259100	-0.000926820370273
259200	-0.000927707685757
259300	-0.000923192533862
259400	-0.00093546804861
259500	-0.000936442689911
259600	-0.000921569284268
259700	-0.000920239564383
259800	-0.000897704105784
259900	-0.000909434587027
260000	-0.000904133199464
260100	-0.000887469450081
260200	-0.000887301437929
260300	-0.00088101635629
260400	-0.000873342441818
260500	-0.000876734360574
260600	-0.000857700427281
260700	-0.000862187695196
260800	-0.000851784360084
260900	-0.000837055161518
261000	-0.000847196375864
261100	-0.000840244854276
261200	-0.000830792828409
261300	-0.000839651640362
261400	-0.00082540189607
261500	-0.000828569826201
261600	-0.000822807380218
261700	-0.000835922981422
261800	-0.000831428496748
261900	-0.000822751635575
262000	-0.00082739294765
262100	-0.000839150620899
262200	-0.000836558147203
262300	-0.000837757581492
262400	-0.000842970466477
262500	-0.000832809810451
262600	-0.000824939678565
262700	-0.000812559228335
262800	-0.00080084213299
262900	-0.000801095445118
263000	-0.000773520042759
263100	-0.000778903964898
263200	-0.000766431214173
263300	-0.000738712425893
263400	-0.000738454375758
263500	-0.000753904843336
263600	-0.000751774891824
263700	-0.000754437900236
263800	-0.000762444948918
263900	-0.000755359335587
264000	-0.000746512249098
264100	-0.000760244699777
264200	-0.000752245293094
264300	-0.00073968502591
264400	-0.000743243910711
264500	-0.000755572617701
264600	-0.000757033026736
264700	-0.000740240217455
264800	-0.000741945453106
264900	-0.000752970935669
265000	-0.000744017560087
265100	-0.000749375619857
265200	-0.000764268240203
265300	-0.00075716666923
265400	-0.000771924724518
265500	-0.000784334670608
265600	-0.000785348388323
265700	-0.000800457627898
265800	-0.00079309985354
265900	-0.000790452572717
266000	-0.00077327234023
266100	-0.000780170257724
266200	-0.000792522046347
266300	-0.000777156296726
266400	-0.000780944237656
266500	-0.000787687560296
266600	-0.000793083130186
266700	-0.000792165408909
266800	-0.000805336972489
266900	-0.000811918216226
267000	-0.000797465262145
267100	-0.000801466993741
267200	-0.000825234615146
267300	-0.000835338587737
267400	-0.000839175471062
267500	-0.0008320295544
267600	-0.000824621417511
267700	-0.000828448218138
267800	-0.000821583259796
267900	-0.000808547912048
268000	-0.000821617766681
268100	-0.000814784993827
268200	-0.000818684736056
268300	-0.000823054498627
268400	-0.000820848442489
268500	-0.000827342979749
268600	-0.000821296330041
268700	-0.000821781098969
268800	-0.000825461449791
268900	-0.000826444044258
269000	-0.000822776301787
269100	-0.000815300486633
269200	-0.000824087847181
269300	-0.000816166975263
269400	-0.000818867429807
269500	-0.000822979205049
269600	-0.000828625686991
269700	-0.000835085081539
269800	-0.000812216248639
269900	-0.000825357039529
270000	-0.000823959244344
270100	-0.000828108391809
270200	-0.000835290314139
270300	-0.000849800787742
270400	-0.000842743119404
270500	-0.000836920032272
270600	-0.000836683188638
270700	-0.000839347782746
270800	-0.000838780524236
270900	-0.0008574735962
271000	-0.000853535182359
271100	-0.000850333499998
271200	-0.000854123856348
271300	-0.000851840891606
271400	-0.000844774986957
271500	-0.000857378013707
271600	-0.000868156183789
271700	-0.000873938754539
271800	-0.000876602165644
271900	-0.000856263420041
272000	-0.00084640617305
272100	-0.000851987171141
272200	-0.000845489357658
272300	-0.00086532042929
272400	-0.000879029538493
272500	-0.00089714479488
272600	-0.000903086823467
272700	-0.000901869221269
272800	-0.000918154468487
272900	-0.000904937414213
273000	-0.000899481433538
273100	-0.000899103240586
273200	-0.000891235211611
273300	-0.000875503059238
273400	-0.000878903267788
273500	-0.00087750633747
273600	-0.00086737786125
273700	-0.00086540311898
273800	-0.000865695855478
273900	-0.000874371437606
274000	-0.000875539358977
274100	-0.00087999978621
274200	-0.00088782499699
274300	-0.000901530594588
274400	-0.000886161230067
274500	-0.000897670157537
274600	-0.000908848597635
274700	-0.000919765737988
274800	-0.000907969981405
274900	-0.000911296985394
275000	-0.000919875422827
275100	-0.000926398391394
275200	-0.000924191357035
275300	-0.000933847165795
275400	-0.000933901087783
275500	-0.000935436041547
275600	-0.000941165253699
275700	-0.000948679148078
275800	-0.000955636874142
275900	-0.000941479092841
276000	-0.000942655371522
276100	-0.000930380760465
276200	-0.000941413536219
276300	-0.000925968335555
276400	-0.000916766346174
276500	-0.000917954328831
276600	-0.000919190764268
276700	-0.000911758592523
276800	-0.00090707206742
276900	-0.000902938358512
277000	-0.000897489480511
277100	-0.000900165356954
277200	-0.000899418230965
277300	-0.000879459625006
277400	-0.00087739204512
277500	-0.000883173546015
277600	-0.000869599698075
277700	-0.000861460170409
277800	-0.000858376151357
277900	-0.000872717552159
278000	-0.000854546951942
278100	-0.000849731813597
278200	-0.000844979605991
278300	-0.000856326829059
278400	-0.000850091125932
278500	-0.000847067225362
278600	-0.000853239096265
278700	-0.000860646546742
278800	-0.000866056245443
278900	-0.00087145005081
279000	-0.00087819421028
279100	-0.000900518957637
279200	-0.00088546570886
279300	-0.000871258246401
279400	-0.000858745321952
279500	-0.000847997370126
279600	-0.000858335781004
279700	-0.00084578539682
279800	-0.000848206083333
279900	-0.000859882611459
280000	-0.000862501270773
280100	-0.000876597397265
280200	-0.000856209502406
280300	-0.000849444574831
280400	-0.000855445903264
280500	-0.00085511224452
280600	-0.000864235369579
280700	-0.000861557623813
280800	-0.000853628540023
280900	-0.000851852900809
281000	-0.000843532138375
281100	-0.000858386778498
281200	-0.000847514190027
281300	-0.000843171125359
281400	-0.000840758899431
281500	-0.000850357396605
281600	-0.00082561686548
281700	-0.000815088887945
281800	-0.000832514435463
281900	-0.000829329156255
282000	-0.000843129004063
282100	-0.000847518422787
282200	-0.00085223678654
282300	-0.00084367563247
282400	-0.000848884865543
282500	-0.000857975606441
282600	-0.000850429657814
282700	-0.000834058878624
282800	-0.000841290247661
282900	-0.000838342418729
283000	-0.00084970185486
283100	-0.000838176243339
283200	-0.000837045043101
283300	-0.000831197588554
283400	-0.000790434688112
283500	-0.000788084134454
283600	-0.0007765351314
283700	-0.000789244880459
283800	-0.000785046522819
283900	-0.000778197334332
284000	-0.000783126785593
284100	-0.000791368346019
284200	-0.000798991747538
284300	-0.000804183047386
284400	-0.00080955524826
284500	-0.000809101722934
284600	-0.000801152113871
284700	-0.000813334611002
284800	-0.00078976155168
284900	-0.000818380868887
285000	-0.000819549531666
285100	-0.000830557758489
285200	-0.000842446971513
285300	-0.000821149845162
285400	-0.00081254822487
285500	-0.000800289561151
285600	-0.000787727868668
285700	-0.000782926976378
285800	-0.000793412795463
285900	-0.000790952407894
286000	-0.000782246701143
286100	-0.000771934981522
286200	-0.000779161792332
286300	-0.000799488187303
286400	-0.000805714964905
286500	-0.000795831194687
286600	-0.000794719412179
286700	-0.000794362316
286800	-0.000783164891859
286900	-0.000790106838588
287000	-0.00078088273662
287100	-0.000790939850118
287200	-0.000779193344922
287300	-0.000793803444668
287400	-0.000791460431592
287500	-0.000774666319937
287600	-0.000758472262676
287700	-0.00076235437046
287800	-0.000758209507243
287900	-0.000753078923017
288000	-0.0007522673427
288100	-0.000745238341946
288200	-0.00072423710451
288300	-0.000711108904511
288400	-0.000713551493129
288500	-0.000712411457955
288600	-0.000710816862407
288700	-0.0007144947933
288800	-0.00071629899944
288900	-0.000728754453048
289000	-0.000718357356897
289100	-0.000723639169096
289200	-0.000729461673849
289300	-0.000743164167981
289400	-0.000712793032688
289500	-0.000703844084762
289600	-0.000714810735288
289700	-0.00071352437406
289800	-0.000713759613661
289900	-0.000708908017856
290000	-0.000702226797536
290100	-0.000692872006608
290200	-0.000697475543874
290300	-0.0006968704679
290400	-0.000710187207383
290500	-0.000714481889279
290600	-0.000708964811988
290700	-0.000708353420709
290800	-0.000704248298442
290900	-0.000711979241468
291000	-0.000717920595534
291100	-0.000716509916114
291200	-0.000724626464097
291300	-0.000723304110205
291400	-0.000725060753157
291500	-0.000714301648111
291600	-0.000716618548435
291700	-0.000715270956142
291800	-0.000714712796115
291900	-0.000723138135334
292000	-0.000706570980476
292100	-0.000688052379953
292200	-0.000693284198402
292300	-0.000687937624043
292400	-0.000692448201798
292500	-0.000694900842484
292600	-0.000696295440778
292700	-0.00069925448442
292800	-0.000681149612607
292900	-0.000681105152893
293000	-0.000662269442561
293100	-0.000682987538633
293200	-0.000702934007988
293300	-0.000699129290975
293400	-0.000700309042249
293500	-0.000705456952302
293600	-0.000710889008791
293700	-0.000712125723352
293800	-0.000729186387468
293900	-0.00073913576629
294000	-0.000737987428587
294100	-0.000754144160887
294200	-0.000758876242592
294300	-0.000754092882925
294400	-0.000754295026157
294500	-0.000777180548312
294600	-0.00078619995162
294700	-0.000807479420559
294800	-0.000797212944184
294900	-0.000792040127859
295000	-0.000801489871609
295100	-0.000804705379885
295200	-0.000817395075249
295300	-0.000816474420756
295400	-0.000811456566485
295500	-0.000804859737051
295600	-0.000793493504527
295700	-0.000797232434281
295800	-0.000789393707176
295900	-0.000777193083501
296000	-0.000779278980144
296100	-0.000768443116224
296200	-0.000748073703622
296300	-0.000738912466223
296400	-0.000749614960478
296500	-0.000767430988703
296600	-0.000761810165684
296700	-0.0007373235906
296800	-0.000732522808412
296900	-0.000732751149997
297000	-0.00072789733381
297100	-0.000751480490827
297200	-0.000755475765716
297300	-0.000742747147829
297400	-0.000753999659183
297500	-0.000757155278411
297600	-0.000757981194296
297700	-0.000758619952721
297800	-0.000744095470947
297900	-0.000761855891624
298000	-0.000778988246578
298100	-0.000766650072284
298200	-0.000786285285041
298300	-0.000783803777147
298400	-0.00078261143898
298500	-0.000791632373068
298600	-0.000809392151462
298700	-0.000803778325874
298800	-0.00080661643517
298900	-0.000807680378836
299000	-0.000820500167078
299100	-0.000815505488833
299200	-0.000810289916698
299300	-0.000807369145907
299400	-0.000813380264586
299500	-0.00081188236539
299600	-0.000832329007199
299700	-0.00083199833377
299800	-0.000830463208372
299900	-0.000841089549846
300000	-0.000845474109388
300100	-0.000831026168755
300200	-0.000853550407465
300300	-0.000863998907651
300400	-0.000860144738312
300500	-0.00086456737304
300600	-0.000859836497487
300700	-0.000849161330117
300800	-0.000872383351576
300900	-0.00085506117359
301000	-0.000842305691426
301100	-0.000857739454513
301200	-0.000847386937834
301300	-0.000840568441401
301400	-0.00083714540896
301500	-0.000825823097501
301600	-0.000835904520766
301700	-0.000832016932508
301800	-0.000836030091622
301900	-0.000837314279528
302000	-0.000832635877185
302100	-0.000852454122614
302200	-0.000862485231442
302300	-0.000876773752575
302400	-0.000885784041012
302500	-0.000902622158078
302600	-0.000899945475744
302700	-0.000896266823971
302800	-0.000903825354759
302900	-0.000900804599681
303000	-0.000899670051147
303100	-0.000880203373278
303200	-0.000881761002824
303300	-0.000881599454942
303400	-0.000875729062946
303500	-0.000876297022557
303600	-0.000872485845809
303700	-0.000879385552479
303800	-0.000889592627334
303900	-0.000908951276828
304000	-0.000895973013295
304100	-0.000911474695223
304200	-0.000915853760365
304300	-0.000913955904303
304400	-0.000914849589073
304500	-0.000929199173395
304600	-0.00095543262329
304700	-0.000941212427908
304800	-0.000937191077609
304900	-0.000934110017293
305000	-0.000928128997139
305100	-0.000941693575818
305200	-0.000937535799432
305300	-0.000945225182052
305400	-0.00094251929243
305500	-0.000936682962825
305600	-0.00094672637044
305700	-0.000938979567783
305800	-0.000946693700102
305900	-0.000945220474345
306000	-0.000949722517717
306100	-0.00093898962418
306200	-0.000924773337667
306300	-0.000925829417036
306400	-0.000922122100361
306500	-0.000910722697754
306600	-0.000924877137854
306700	-0.000922438103727
306800	-0.000929994529142
306900	-0.000940550185
307000	-0.000950736183284
307100	-0.000946081404201
307200	-0.000939357262894
307300	-0.000942104672916
307400	-0.00094328719495
307500	-0.00093755169331
307600	-0.000942643286626
307700	-0.000935870151942
307800	-0.00093314980785
307900	-0.000931882327298
308000	-0.000930208083979
308100	-0.000933004872904
308200	-0.000925560725296
308300	-0.000943262058408
308400	-0.000949398549204
308500	-0.000948859120862
308600	-0.000956637751713
308700	-0.00093236306665
308800	-0.000920286224826
308900	-0.000922095697905
309000	-0.000904535935481
309100	-0.000910564091593
309200	-0.000918797921116
309300	-0.000917827115454
309400	-0.000919354408344
309500	-0.000927776960529
309600	-0.000907582688076
309700	-0.000913323381281
309800	-0.000913682179232
309900	-0.000914833332236
310000	-0.00089547307859
310100	-0.000895562739515
310200	-0.00088090633951
310300	-0.000878687991634
310400	-0.000864013126014
310500	-0.000869510163692
310600	-0.000878858277458
310700	-0.000867132513553
310800	-0.000867566909712
310900	-0.000878226613474
311000	-0.000859112593142
311100	-0.000866168101941
311200	-0.000873225811516
311300	-0.000884092645387
311400	-0.000891273394109
311500	-0.000878491446252
311600	-0.000879919574896
311700	-0.000860938814752
311800	-0.000863479728232
311900	-0.0008633547395
312000	-0.000866680117583
312100	-0.000848902224303
312200	-0.00084872796957
312300	-0.000856006389209
312400	-0.000859452771341
312500	-0.000866865314867
312600	-0.00087234703264
312700	-0.000869428813849
312800	-0.000863299674071
312900	-0.000866161236793
313000	-0.00086878835079
313100	-0.000853791589958
313200	-0.000861117017096
313300	-0.000849903897871
313400	-0.000831819255061
313500	-0.000831082060724
313600	-0.000828675561033
313700	-0.000828695891388
313800	-0.000829067363938
313900	-0.000838528422225
314000	-0.000838052382177
314100	-0.000842093358737
314200	-0.000839350927108
314300	-0.000832476010936
314400	-0.000829795647744
314500	-0.00082974679973
314600	-0.000832405719537
314700	-0.000829493780216
314800	-0.000839321415899
314900	-0.000832890038951
315000	-0.00083750912908
315100	-0.000839420900764
315200	-0.000853695801978
315300	-0.000842523537176
315400	-0.000849416261494
315500	-0.000847585432916
315600	-0.000832551014346
315700	-0.000836898464964
315800	-0.000819484517077
315900	-0.000835527163575
316000	-0.000849632939862
316100	-0.00084967861684
316200	-0.000870082841334
316300	-0.000860706688046
316400	-0.000855937258853
316500	-0.000841520861872
316600	-0.000832822720058
316700	-0.000840939586885
316800	-0.000836435545065
316900	-0.000849053210455
317000	-0.000855096805327
317100	-0.000865344264603
317200	-0.000866656700658
317300	-0.000874799765733
317400	-0.00086645764833
317500	-0.000863856572107
317600	-0.000858116113846
317700	-0.000844804062819
317800	-0.00085152220396
317900	-0.000853400239213
318000	-0.000852205810632
318100	-0.000853296148592
318200	-0.000862450118132
318300	-0.000859598938713
318400	-0.000861370540729
318500	-0.000858568050046
318600	-0.000860594711634
318700	-0.000854778088969
318800	-0.000864661661885
318900	-0.000862128292949
319000	-0.000864797493073
319100	-0.0008658006637
319200	-0.000868278817603
319300	-0.00087055047105
319400	-0.000872304514404
319500	-0.000870507250605
319600	-0.000867548360455
319700	-0.00087073125896
319800	-0.000861876778769
319900	-0.000870628412385
320000	-0.000850824758498
320100	-0.000850899700954
320200	-0.000851894977711
320300	-0.000855460303623
320400	-0.000850594233259
320500	-0.000853523233187
320600	-0.000843069669192
320700	-0.000850812579933
320800	-0.000868619755102
320900	-0.000859614429004
321000	-0.00086995360692
321100	-0.000869986579048
321200	-0.000883460803183
321300	-0.000890732189315
321400	-0.000896506254794
321500	-0.000867051776454
321600	-0.00087291002811
321700	-0.000870578782133
321800	-0.00086832981087
321900	-0.000850360383144
322000	-0.0008524830685
322100	-0.000842438199972
322200	-0.000838566186315
322300	-0.000837943665126
322400	-0.000835384803012
322500	-0.000824577209361
322600	-0.0008272551924
322700	-0.000836367500431
322800	-0.000828336602212
322900	-0.000817520913839
323000	-0.000821518133012
323100	-0.000826712493964
323200	-0.000822986625749
323300	-0.000812703221079
323400	-0.000802193876154
323500	-0.00081494754159
323600	-0.000826934875123
323700	-0.000811853249893
323800	-0.00081794239716
323900	-0.000812088347545
324000	-0.000822860786156
324100	-0.000815051730842
324200	-0.000819398048331
324300	-0.00082550667172
324400	-0.000834325546857
324500	-0.000826092227279
324600	-0.000847276955547
324700	-0.000847669745388
324800	-0.000840886400076
324900	-0.000844852454343
325000	-0.000846164151167
325100	-0.000848000793074
325200	-0.000839216004741
325300	-0.000837914921783
325400	-0.000828881422563
325500	-0.000813554079975
325600	-0.000815239768297
325700	-0.000783043774528
325800	-0.000791518897935
325900	-0.000783524995018
326000	-0.000792332975048
326100	-0.000784205894487
326200	-0.000786817130548
326300	-0.00078666555349
326400	-0.000782404311292
326500	-0.000768552834618
326600	-0.000780929776925
326700	-0.000776013634443
326800	-0.000785044108977
326900	-0.000796087057826
327000	-0.000799317959697
327100	-0.000806676344039
327200	-0.000817099411183
327300	-0.000810404830066
327400	-0.000840620767014
327500	-0.000844208444903
327600	-0.00084100996676
327700	-0.000849507486229
327800	-0.000861979220017
327900	-0.000867795240104
328000	-0.000871963522947
328100	-0.00088087313951
328200	-0.000875920023227
328300	-0.000857388665534
328400	-0.000858173847724
328500	-0.000859558222189
328600	-0.000856710361076
328700	-0.000853462647922
328800	-0.00085735483743
328900	-0.000866482926976
329000	-0.000873916613127
329100	-0.000859408509957
329200	-0.000848482201095
329300	-0.000844642129333
329400	-0.000834422402451
329500	-0.000845884718753
329600	-0.000825660947309
329700	-0.000836638766962
329800	-0.000842734433751
329900	-0.000843260639376
330000	-0.000834662095292
330100	-0.000825039812107
330200	-0.000829459956023
330300	-0.000824719745141
330400	-0.000816920138821
330500	-0.000814669134943
330600	-0.000831747626761
330700	-0.000829033098315
330800	-0.00083045956134
330900	-0.000832122568029
331000	-0.000818568206673
331100	-0.000834058986662
331200	-0.000814737167526
331300	-0.000805056708099
331400	-0.000806925191592
331500	-0.000783848265601
331600	-0.00075731378324
331700	-0.000759751993285
331800	-0.000768423150565
331900	-0.000780786059923
332000	-0.000767844942082
332100	-0.000767716087942
332200	-0.000769528784298
332300	-0.000782969398222
332400	-0.000790983667028
332500	-0.000782377292572
332600	-0.000785277089252
332700	-0.000787246982595
332800	-0.000784740095734
332900	-0.000800047262521
333000	-0.000795683803833
333100	-0.000788574220314
333200	-0.000779181206731
333300	-0.000781744570885
333400	-0.000789061042535
333500	-0.000792965665983
333600	-0.000804954161931
333700	-0.000820178413911
333800	-0.000824344491652
333900	-0.000824335978587
334000	-0.000821512474308
334100	-0.0008174206702
334200	-0.000821302689586
334300	-0.000820366449033
334400	-0.000825201997374
334500	-0.000840856791551
334600	-0.000851767584422
334700	-0.000873061207099
334800	-0.000881470382496
334900	-0.000885419608201
335000	-0.000885242440222
335100	-0.000875637946169
335200	-0.000900032934021
335300	-0.000901026901105
335400	-0.000908744681807
335500	-0.000893590498765
335600	-0.000891019404867
335700	-0.000880917062602
335800	-0.000880508021078
335900	-0.000880231729915
336000	-0.000885075217175
336100	-0.000886457687517
336200	-0.00090027177809
336300	-0.000905061601608
336400	-0.000907589432027
336500	-0.000908367355462
336600	-0.000899841340404
336700	-0.000891247632543
336800	-0.000874517117286
336900	-0.000871577517548
337000	-0.000872143397414
337100	-0.000857145750912
337200	-0.000853724578822
337300	-0.000851148146032
337400	-0.000856944180154
337500	-0.000857190411541
337600	-0.000852169982538
337700	-0.000838979890166
337800	-0.000838930464583
337900	-0.000841050726733
338000	-0.000839423696841
338100	-0.000827624112771
338200	-0.000821580792571
338300	-0.000824326830108
338400	-0.000816596875239
338500	-0.000805118465996
338600	-0.00080451405573
338700	-0.000818721672404
338800	-0.000813213803554
338900	-0.000821985886083
339000	-0.000829856931839
339100	-0.000819827934606
339200	-0.000811144186865
339300	-0.000806227544223
339400	-0.000810535903323
339500	-0.000795399598184
339600	-0.000791799996152
339700	-0.000786280895816
339800	-0.000802915294623
339900	-0.000801266063519
340000	-0.000796482927758
340100	-0.000795033447339
340200	-0.000802993509531
340300	-0.00080942735722
340400	-0.000812478211889
340500	-0.00081539956034
340600	-0.000827362846697
340700	-0.000828102805955
340800	-0.000826901594654
340900	-0.000823283097049
341000	-0.000819693612179
341100	-0.00081994343365
341200	-0.000823735992304
341300	-0.00082014587765
341400	-0.000826220984037
341500	-0.0008039191108
341600	-0.000813068881628
341700	-0.000823882238644
341800	-0.000812608144658
341900	-0.000809509438572
342000	-0.000810011427682
342100	-0.000810778758113
342200	-0.000808457758328
342300	-0.000813723390749
342400	-0.000830575982467
342500	-0.000839864909596
342600	-0.000829803167254
342700	-0.000827505906598
342800	-0.000814221718201
342900	-0.000805023952144
343000	-0.000807339451249
343100	-0.000808589921118
343200	-0.000811461461676
343300	-0.000800940086352
343400	-0.000811864331737
343500	-0.000815869694695
343600	-0.000803677444172
343700	-0.000806698814735
343800	-0.000812747891326
343900	-0.000819730068254
344000	-0.000814937287171
344100	-0.000814652631965
344200	-0.000798090697093
344300	-0.000790624609049
344400	-0.000806095543104
344500	-0.0008094267611
344600	-0.000804616463669
344700	-0.000813434487478
344800	-0.000811118257681
344900	-0.00081083482817
345000	-0.000808583026441
345100	-0.000810562685458
345200	-0.000802610248633
345300	-0.000806138000279
345400	-0.000815663309149
345500	-0.000814623688711
345600	-0.000803118144624
345700	-0.00079081300981
345800	-0.000793497197546
345900	-0.000774496540935
346000	-0.000789548290487
346100	-0.000808125927968
346200	-0.000804633398073
346300	-0.000802721622525
346400	-0.00080234532787
346500	-0.000803269151623
346600	-0.000800132008343
346700	-0.000796947873616
346800	-0.000787861228944
346900	-0.000788744164903
347000	-0.000789748202422
347100	-0.000787290745435
347200	-0.000786030001
347300	-0.000784799978186
347400	-0.000781697702168
347500	-0.000785961687133
347600	-0.000787768643106
347700	-0.000789043798748
347800	-0.000779397797437
347900	-0.000784192099248
348000	-0.000777371381094
348100	-0.000780149929528
348200	-0.000776230476344
348300	-0.000761694520113
348400	-0.000763470630056
348500	-0.000745373667063
348600	-0.000749986262646
348700	-0.000740562009566
348800	-0.000747785711871
348900	-0.000750279127851
349000	-0.000741603344697
349100	-0.000743844579321
349200	-0.000747119977098
349300	-0.00071842260073
349400	-0.000715754917192
349500	-0.000720749153817
349600	-0.000719088847489
349700	-0.000716239964391
349800	-0.000733931886028
349900	-0.000748066840133
