100	0.0437145531851
200	0.0304932452291
300	0.0194175160545
400	0.0114350374326
500	0.010648730405
600	0.0110533599902
700	0.0161974702585
800	0.012745795473
900	0.0113889291816
1000	0.0118341219194
1100	0.011514950367
1200	0.01195767073
1300	0.0145870215635
1400	0.0128596166633
1500	0.0138140982796
1600	0.0147562925961
1700	0.0143545035598
1800	0.0137951510446
1900	0.0146663073673
2000	0.0151146594899
2100	0.0141532222188
2200	0.0130127064166
2300	0.0125054827975
2400	0.0127688940372
2500	0.0121596003129
2600	0.0131161317584
2700	0.0124054658243
2800	0.0113401425107
2900	0.00998804295665
3000	0.00860580656104
3100	0.00898879826535
3200	0.00880021926472
3300	0.00952788864384
3400	0.00985296518982
3500	0.00968611288051
3600	0.00983486298626
3700	0.00902384387543
3800	0.00809835248557
3900	0.0075265331241
4000	0.00679740049385
4100	0.00698740622202
4200	0.00687527631585
4300	0.00707705071467
4400	0.0067647995761
4500	0.00712852697039
4600	0.00631990888109
4700	0.00653178514743
4800	0.00644760286985
4900	0.00604647428222
5000	0.00538962418925
5100	0.00472022897461
5200	0.00424989246096
5300	0.00402429699889
5400	0.00421721136843
5500	0.00471132453697
5600	0.00463461901763
5700	0.00422555159024
5800	0.00511348632268
5900	0.00443180066801
6000	0.0047517271383
6100	0.0045826269734
6200	0.00438116033679
6300	0.00427711480534
6400	0.00445924980948
6500	0.00418044685536
6600	0.00420371071434
6700	0.00453620464088
6800	0.00467420833687
6900	0.00440560332154
7000	0.00416306186499
7100	0.00442484206863
7200	0.00487210977014
7300	0.00383868730837
7400	0.00387608801178
7500	0.00349724942009
7600	0.00348041323849
7700	0.00325824583761
7800	0.00339080031321
7900	0.00326101326267
8000	0.00301209573541
8100	0.00355596726978
8200	0.00333637463254
8300	0.00302906868299
8400	0.00313542764062
8500	0.00292487025633
8600	0.00314430654072
8700	0.00296283663356
8800	0.00268610630267
8900	0.00285563584995
9000	0.00269253223448
9100	0.00258911005303
9200	0.00230639688088
9300	0.00214309729607
9400	0.0019525056878
9500	0.00234265735674
9600	0.00226179321202
9700	0.00221778514433
9800	0.00216969807526
9900	0.00212863210299
10000	0.00220272617868
10100	0.00230570262849
10200	0.00295567900354
10300	0.00312355102628
10400	0.00328090958037
10500	0.00308698603587
10600	0.00310189477595
10700	0.00340471120811
10800	0.00355066900771
10900	0.00388212112892
11000	0.00347160481728
11100	0.00373710050263
11200	0.00369349927953
11300	0.00400816921338
11400	0.00368002588792
11500	0.00379595419299
11600	0.00394594920924
11700	0.00401980418794
11800	0.00385599860357
11900	0.00367847693283
12000	0.00364615589776
12100	0.00372622460017
12200	0.00383257594791
12300	0.00391646521426
12400	0.00384605722996
12500	0.00390695806988
12600	0.00359475622249
12700	0.00379147354534
12800	0.00381903697599
12900	0.00357093415402
13000	0.00377904670424
13100	0.00383427232627
13200	0.00360597735136
13300	0.00339365577332
13400	0.00357321878486
13500	0.00365042124893
13600	0.0032332978099
13700	0.00347494036024
13800	0.00365101242758
13900	0.00346002250017
14000	0.00339521723292
14100	0.00343246186454
14200	0.003441958188
14300	0.00354076026859
14400	0.0035280344178
14500	0.00328332510032
14600	0.0028383921547
14700	0.00246143971683
14800	0.00250264023238
14900	0.00249227700792
15000	0.00251663973699
15100	0.00226659137787
15200	0.0020814072293
15300	0.0019001866606
15400	0.00193614132562
15500	0.00188799471883
15600	0.00177316213403
15700	0.0020427246802
15800	0.00239648977503
15900	0.00232153383781
16000	0.00265072520512
16100	0.00274414911673
16200	0.00284487261705
16300	0.00273874923613
16400	0.00249649776823
16500	0.00255972438378
16600	0.0025587285701
16700	0.00253996138465
16800	0.00238041376165
16900	0.0022763818196
17000	0.00249057563752
17100	0.00239938395444
17200	0.00224681675165
17300	0.00226164955343
17400	0.00273773843237
17500	0.00289700171542
17600	0.00299962964991
17700	0.00306329498392
17800	0.00302176697143
17900	0.00292528560248
18000	0.00295318090794
18100	0.00314477290728
18200	0.00288573353012
18300	0.0024660014656
18400	0.00234370523522
18500	0.00236708611079
18600	0.00265889817734
18700	0.00262283163884
18800	0.00245913657524
18900	0.00227327678823
19000	0.00228302195839
19100	0.00201594286339
19200	0.00198131517502
19300	0.0021009928694
19400	0.00209224815972
19500	0.00208529654281
19600	0.00214199372125
19700	0.00204167553304
19800	0.00213492681778
19900	0.00203876722523
20000	0.00208984858031
20100	0.00210416358282
20200	0.00211118016118
20300	0.00207448556734
20400	0.00187698535
20500	0.00186970280293
20600	0.00187810309719
20700	0.00180281841466
20800	0.00180251623892
20900	0.00159160213925
21000	0.00167162504586
21100	0.00159889175884
21200	0.00169344757918
21300	0.00164503996078
21400	0.00165534401687
21500	0.00178176524823
21600	0.00194950816555
21700	0.00197988273876
21800	0.0019782072319
21900	0.00206403025346
22000	0.00201682061301
22100	0.00183312879725
22200	0.00185743155323
22300	0.00179266419306
22400	0.00181088606285
22500	0.00194262301459
22600	0.00210907562185
22700	0.00212757904138
22800	0.00202882664472
22900	0.00196740226092
23000	0.00187453418966
23100	0.0018167744032
23200	0.00169011907436
23300	0.00165829896086
23400	0.00159700791598
23500	0.00149633528941
23600	0.00176417339927
23700	0.00180797197227
23800	0.00176208990499
23900	0.00166270084528
24000	0.0016831168889
24100	0.00167581272637
24200	0.00167759308001
24300	0.00164389841196
24400	0.00172265827139
24500	0.00162800203582
24600	0.00141721858435
24700	0.00150139611083
24800	0.0016352898817
24900	0.00163555523538
25000	0.00149330606237
25100	0.00148442568129
25200	0.00144458500185
25300	0.00144149984787
25400	0.00134515154478
25500	0.00120177407701
25600	0.0012781635927
25700	0.00124213570996
25800	0.00133831416725
25900	0.0013822667499
26000	0.00140529176375
26100	0.00141248841172
26200	0.00146055086602
26300	0.00149700276926
26400	0.00161561002771
26500	0.00170953353902
26600	0.00175141466598
26700	0.00180930905568
26800	0.00162676048831
26900	0.00171944369839
27000	0.00192936638729
27100	0.0018441857679
27200	0.00181623856524
27300	0.0017663646406
27400	0.00170940732724
27500	0.00157634092505
27600	0.00159128991617
27700	0.00154424685748
27800	0.00155481905
27900	0.00157479920585
28000	0.00170102090736
28100	0.00180866928644
28200	0.0019238131309
28300	0.00181317729594
28400	0.00191983937654
28500	0.00195554687447
28600	0.00200705880177
28700	0.00198512654633
28800	0.00207989119265
28900	0.00209184976049
29000	0.00221744831403
29100	0.00232687396777
29200	0.00231750724224
29300	0.00217646772401
29400	0.00234501707531
29500	0.00231511709902
29600	0.0023047958957
29700	0.00235374802826
29800	0.00222827264862
29900	0.00206686837027
30000	0.00206237143225
30100	0.00200730364066
30200	0.00215432195286
30300	0.00217884413005
30400	0.00219779002486
30500	0.00226630424051
30600	0.00227538863249
30700	0.00219754949504
30800	0.00217908084147
30900	0.00213187028199
31000	0.00205886271543
31100	0.00196122941756
31200	0.00205062065657
31300	0.00209426638706
31400	0.00192240097507
31500	0.00198361025901
31600	0.00194110550966
31700	0.00190565553546
31800	0.00190112332939
31900	0.00191812937888
32000	0.00196693947863
32100	0.00198380383721
32200	0.00197775423163
32300	0.00221232532471
32400	0.0020496027881
32500	0.00202829075356
32600	0.00202361623799
32700	0.00202799399917
32800	0.0021321849335
32900	0.00204991819677
33000	0.00203856376564
33100	0.00208095761345
33200	0.00209707819466
33300	0.00211988413258
33400	0.00221375886373
33500	0.00220340315848
33600	0.00209203271939
33700	0.00204362034221
33800	0.00191420276796
33900	0.00180698469044
34000	0.00177146726071
34100	0.00180198424191
34200	0.00193811799043
34300	0.00197442771867
34400	0.002084863312
34500	0.00196445011191
34600	0.0020212488761
34700	0.00212213058928
34800	0.00210850313002
34900	0.00208158626468
35000	0.0021328514941
35100	0.00204822703947
35200	0.0020648864975
35300	0.00210549689565
35400	0.00224432649269
35500	0.0022611002535
35600	0.00236967061324
35700	0.00235775679224
35800	0.00235510453146
35900	0.00226389146088
36000	0.00233377155404
36100	0.00233581230185
36200	0.00244091951404
36300	0.00237701321899
36400	0.00230647186427
36500	0.00232113765744
36600	0.00245948333886
36700	0.00237362236924
36800	0.00227758355844
36900	0.00237343592226
37000	0.00235779892108
37100	0.00227201691327
37200	0.00219749893756
37300	0.00233139802176
37400	0.00226981999147
37500	0.00238476870861
37600	0.00243635670307
37700	0.00236463713749
37800	0.00233623242887
37900	0.00232378374497
38000	0.00220496604557
38100	0.00230114955829
38200	0.00227001710833
38300	0.00226875586059
38400	0.00233064246726
38500	0.00237738448614
38600	0.00232424004432
38700	0.00229014733261
38800	0.00230344904123
38900	0.00238558000988
39000	0.00245400125212
39100	0.00241138370026
39200	0.00247528548083
39300	0.0025225892994
39400	0.00245611927273
39500	0.00242064071234
39600	0.00240545311201
39700	0.00242772877346
39800	0.00232225180469
39900	0.00234388802767
40000	0.00227916755657
40100	0.00227291365175
40200	0.00224695186531
40300	0.00217448293026
40400	0.00221832316045
40500	0.00222596058135
40600	0.00230801232427
40700	0.0023107817838
40800	0.00237423101586
40900	0.00237628791792
41000	0.00235624444806
41100	0.00233172923941
41200	0.00238657193707
41300	0.00240160251141
41400	0.00243752416405
41500	0.0024422564734
41600	0.00239208563362
41700	0.00235536087266
41800	0.00232362054765
41900	0.00226743924286
42000	0.00217648373539
42100	0.00217664555703
42200	0.00220071150595
42300	0.00216422201346
42400	0.00209251873714
42500	0.00200582580327
42600	0.00195768158421
42700	0.00196563498931
42800	0.00194714356011
42900	0.00196078095492
43000	0.00202227817852
43100	0.00203504996116
43200	0.00200246854655
43300	0.00200365845927
43400	0.00201518477103
43500	0.00194776438748
43600	0.00189368045963
43700	0.00186601468942
43800	0.00191399229786
43900	0.00193278621427
44000	0.0018257978267
44100	0.00179383850534
44200	0.00170378139782
44300	0.00170765153154
44400	0.00166389231591
44500	0.00163982535491
44600	0.00166424693056
44700	0.00175142137284
44800	0.00177365079525
44900	0.00180254903374
45000	0.00182648783809
45100	0.00183850624842
45200	0.00180057855783
45300	0.00176186561668
45400	0.00179964707901
45500	0.00178083854163
45600	0.001749087996
45700	0.00168783597867
45800	0.00168338382524
45900	0.00170395617228
46000	0.00164562874405
46100	0.0016642342176
46200	0.00161835409064
46300	0.00154067567685
46400	0.00154561969527
46500	0.00153817317772
46600	0.00154565050428
46700	0.00150996397766
46800	0.00152696474141
46900	0.00147798990452
47000	0.0014202584041
47100	0.00130937723617
47200	0.00119797576267
47300	0.00124915402686
47400	0.00121225373743
47500	0.00113749929712
47600	0.00121305096255
47700	0.00123125356709
47800	0.00122341335028
47900	0.00121844540296
48000	0.00112515929115
48100	0.00111518421957
48200	0.00110308992104
48300	0.00105903449927
48400	0.0010299746819
48500	0.0010035222679
48600	0.00102850102389
48700	0.000979142886983
48800	0.000984692593448
48900	0.00103282679765
49000	0.000928294466571
49100	0.000998137729104
49200	0.00108072451305
49300	0.00102283353978
49400	0.001074137407
49500	0.00102636011674
49600	0.000956868684878
49700	0.00095451332586
49800	0.000927226232935
49900	0.000980851500761
50000	0.000969721306903
50100	0.000936760518797
50200	0.000995186953479
50300	0.00090993394656
50400	0.0010004691099
50500	0.000969121517584
50600	0.000962006430158
50700	0.00095225248517
50800	0.00102305320383
50900	0.000989388879672
51000	0.000884822204489
51100	0.000770704372825
51200	0.000815802105632
51300	0.000706432019796
51400	0.000718865806574
51500	0.000688542814527
51600	0.000648960966991
51700	0.00063962315707
51800	0.000539039677261
51900	0.000589210591322
52000	0.00069577611097
52100	0.000747340569785
52200	0.000742976139471
52300	0.00082010821421
52400	0.000766991413951
52500	0.000820792626697
52600	0.000846886859504
52700	0.000820234857129
52800	0.000810173164409
52900	0.00072603845056
53000	0.000772482374912
53100	0.000769992881976
53200	0.000846391694366
53300	0.000923022751124
53400	0.000979749704293
53500	0.000999915581159
53600	0.00103698315461
53700	0.000990471464729
53800	0.00103716577336
53900	0.0010786590817
54000	0.00104823071755
54100	0.00100726565162
54200	0.00090016769433
54300	0.000975054982751
54400	0.000937251377044
54500	0.000951900271534
54600	0.000893230535761
54700	0.000867495336062
54800	0.000867833786978
54900	0.000815883905146
55000	0.000793385455795
55100	0.000800808231295
55200	0.00088506790556
55300	0.000806176059703
55400	0.000746628375887
55500	0.000777248258734
55600	0.000809924655629
55700	0.000831847323303
55800	0.000866357069572
55900	0.000852646237902
56000	0.000844575939728
56100	0.000864269818263
56200	0.000835939954397
56300	0.000875767260287
56400	0.000859390938304
56500	0.000799340541185
56600	0.00079222624554
56700	0.000802704816959
56800	0.000721908517796
56900	0.000730724254592
57000	0.000686559819346
57100	0.000685395479696
57200	0.000593244972292
57300	0.000529737691252
57400	0.000582812643452
57500	0.000653077413981
57600	0.000621158750805
57700	0.000571631643504
57800	0.000606529916593
57900	0.000574697126154
58000	0.000578027297129
58100	0.000572504550896
58200	0.000549323082474
58300	0.000544364780051
58400	0.000588589798959
58500	0.000592608623918
58600	0.000541917918023
58700	0.000456416568731
58800	0.000431908505398
58900	0.000486986636207
59000	0.000434617690828
59100	0.000417843154312
59200	0.000401987992501
59300	0.000368410386774
59400	0.000350466428696
59500	0.000395068726055
59600	0.000443375074597
59700	0.000543135508247
59800	0.000633465106052
59900	0.000666673717315
60000	0.000720984183387
60100	0.000771663520978
60200	0.000693994047742
60300	0.000624327730571
60400	0.000585927355723
60500	0.000584735798409
60600	0.000590760011396
60700	0.000627824358163
60800	0.000613416624102
60900	0.000557045059604
61000	0.000646393242853
61100	0.000674044907165
61200	0.000740927460524
61300	0.0006828391368
61400	0.00070489053454
61500	0.000746136602502
61600	0.000781943051924
61700	0.000725095143953
61800	0.000741798798283
61900	0.000716811354864
62000	0.000639108617857
62100	0.000621283323559
62200	0.000559459666832
62300	0.000502195217405
62400	0.000466668496509
62500	0.000427122320651
62600	0.000341463069405
62700	0.000343514358129
62800	0.000407181417095
62900	0.000407109869491
63000	0.000369426444323
63100	0.00039835326312
63200	0.00046221459548
63300	0.000483025704088
63400	0.000454002167471
63500	0.000430877675359
63600	0.000365446954071
63700	0.000347602796826
63800	0.000327554971934
63900	0.000324947223154
64000	0.000364991600888
64100	0.000353009644517
64200	0.000408570316921
64300	0.000426109710223
64400	0.000484279083124
64500	0.000442708567634
64600	0.000354104521848
64700	0.000344873016627
64800	0.000374476958145
64900	0.000315613906288
65000	0.000315280922782
65100	0.000323358840111
65200	0.000348656294366
65300	0.000375002414238
65400	0.000379088155104
65500	0.000365525893527
65600	0.000446730074408
65700	0.000444887744119
65800	0.000473308389958
65900	0.000450097150464
66000	0.000466298667752
66100	0.00050494186542
66200	0.000523388341281
66300	0.00053844179763
66400	0.00051292146923
66500	0.000522475707427
66600	0.000524075252673
66700	0.000498803137252
66800	0.000492479280762
66900	0.000489346705994
67000	0.000490021161353
67100	0.000478834220514
67200	0.000470699036414
67300	0.000395157768026
67400	0.000399814954663
67500	0.000380399229508
67600	0.000391523455704
67700	0.000342895564093
67800	0.000286550267185
67900	0.000282171508918
68000	0.000255363891492
68100	0.000250096967007
68200	0.000245442838368
68300	0.000267846815034
68400	0.0002730626763
68500	0.00021807416273
68600	0.000186504489041
68700	0.000140446722794
68800	0.000103951078422
68900	1.91469741879e-05
69000	-4.90248727116e-05
69100	-0.000116264683201
69200	-8.5448362511e-05
69300	-3.72131483388e-05
69400	-2.08178572367e-05
69500	-2.68863364394e-05
69600	5.626088457e-06
69700	2.84392208086e-05
69800	2.37488689953e-05
69900	4.67008130481e-05
70000	5.45751349721e-05
70100	5.05952736862e-05
70200	5.7884772393e-05
70300	6.88901904005e-05
70400	8.78260704362e-05
70500	3.53359383676e-05
70600	2.87190974978e-05
70700	1.46744227209e-05
70800	7.37545745644e-06
70900	-2.82768260114e-05
71000	-8.72843233674e-05
71100	-6.58148931442e-05
71200	-8.4934315263e-05
71300	-3.57947524358e-05
71400	-1.30565999591e-05
71500	-4.05507503696e-05
71600	-6.61147929498e-05
71700	-6.36302721679e-05
71800	-3.62744458023e-05
71900	-0.000102423418171
72000	-0.000108301428023
72100	-4.41010359059e-05
72200	-2.22075941787e-05
72300	-5.34511314372e-05
72400	-5.24523254267e-05
72500	-9.00082515464e-05
72600	-0.000105970587242
72700	-0.000122331774564
72800	-0.0001130777282
72900	-0.000116767426557
73000	-0.000148203583181
73100	-0.000150218719152
73200	-0.000151394366262
73300	-0.00010872414325
73400	-7.40325151243e-05
73500	-5.6875117356e-05
73600	1.59916966921e-05
73700	-2.5834205241e-05
73800	-4.90002878665e-05
73900	-3.04988746712e-05
74000	-7.74220015e-05
74100	-0.000110187491001
74200	-0.000129431416508
74300	-0.000113990578431
74400	-8.51591297936e-05
74500	-8.06846841231e-05
74600	-0.000105567583739
74700	-0.000133464936519
74800	-0.000167796958492
74900	-0.000175037392776
75000	-0.000152545028112
75100	-0.000112450514994
75200	-8.36984365605e-05
75300	-9.34819221158e-05
75400	-4.35057686061e-05
75500	-5.00913020892e-05
75600	-6.62938297843e-05
75700	-5.10928712916e-05
75800	-9.18818768899e-05
75900	-6.06616185496e-05
76000	-6.31980310015e-05
76100	-3.43856210201e-05
76200	-3.13921758177e-05
76300	-8.25759246198e-05
76400	-6.79431569702e-05
76500	-6.3495670126e-05
76600	-9.94506878886e-05
76700	-8.7401349147e-05
76800	-9.05484475567e-05
76900	-7.3932023938e-05
77000	-3.1854394391e-05
77100	-4.66547665801e-06
77200	1.37033628548e-05
77300	-3.07416525265e-05
77400	-5.29386308953e-05
77500	-4.39926802264e-05
77600	1.54854520327e-05
77700	-1.14896864472e-05
77800	-3.12806733649e-06
77900	-5.39493451912e-07
78000	-4.29517673006e-06
78100	3.25958545898e-05
78200	-8.62275083413e-06
78300	-1.11677927565e-05
78400	-3.41300105361e-05
78500	-5.6658287005e-05
78600	-8.27683787493e-05
78700	-0.000144696740281
78800	-0.000132707416161
78900	-0.000130756861306
79000	-0.00013500200577
79100	-0.000128506082483
79200	-0.000133409998034
79300	-0.000138409110756
79400	-0.000104760627917
79500	-0.000117884591398
79600	-5.19505008914e-05
79700	8.20348994934e-06
79800	-3.84772382008e-05
79900	-1.77217369882e-05
80000	-6.13016801748e-05
80100	-6.17853120698e-05
80200	-4.79102440546e-05
80300	-8.20184836552e-05
80400	-6.82737085809e-05
80500	-9.19407517088e-05
80600	-9.57001988805e-05
80700	-8.68211499234e-05
80800	-6.221497629e-05
80900	-5.94576364218e-05
81000	-5.1680342966e-05
81100	-1.9738284765e-05
81200	-2.50807973668e-05
81300	-1.63832496595e-05
81400	-6.48463556671e-05
81500	-7.07109683556e-05
81600	-5.8712019426e-05
81700	-6.96349506982e-05
81800	-8.65328239981e-05
81900	-6.2285794696e-05
82000	-3.10114474167e-05
82100	-1.40731410803e-05
82200	2.70976630143e-05
82300	3.91231440902e-05
82400	4.69409766055e-05
82500	9.27146138572e-05
82600	6.18690217932e-05
82700	2.29086921543e-05
82800	1.52052865832e-06
82900	4.15322345293e-06
83000	-1.08494844872e-05
83100	1.38027068628e-05
83200	-4.0195035621e-06
83300	-1.75377386685e-05
83400	-5.85987901549e-05
83500	-5.47609639001e-05
83600	-6.07063138631e-05
83700	-7.10340869685e-05
83800	-7.36851640477e-05
83900	-2.98745280489e-05
84000	-3.92934281496e-05
84100	-3.91141567857e-06
84200	-3.16703127463e-05
84300	-4.78887535964e-05
84400	-2.80240839653e-05
84500	-5.79816031809e-06
84600	5.37826405401e-05
84700	0.000109299404104
84800	0.000111124079949
84900	8.9613111913e-05
85000	0.000120060848522
85100	0.000127080630158
85200	0.000100365684535
85300	8.77436078397e-05
85400	9.60183829076e-05
85500	0.000118333653189
85600	0.000140964952887
85700	0.000112324607231
85800	0.000138898461478
85900	0.000163728807448
86000	0.00013024205506
86100	0.00016227142828
86200	0.000195233409352
86300	0.000142537315215
86400	0.000104952494931
86500	9.0124156189e-05
86600	6.53688408128e-05
86700	5.11922371852e-05
86800	9.28200932135e-05
86900	0.000111046504958
87000	0.000133445107742
87100	0.000155184105856
87200	0.000177457216358
87300	0.000182817770906
87400	0.000174716591462
87500	0.000118273735193
87600	6.97211429573e-05
87700	0.000101893574373
87800	0.000104324076029
87900	0.000132227707092
88000	0.000118689585537
88100	0.000148775458838
88200	0.000157971251446
88300	0.00015736202024
88400	0.000134017298336
88500	9.9514779028e-05
88600	9.71637793231e-05
88700	0.00013004899264
88800	0.000151036294618
88900	0.000115838125809
89000	5.14745871583e-05
89100	4.51752577477e-05
89200	7.83442232608e-05
89300	5.25912988171e-05
89400	2.57154338076e-05
89500	6.6727472164e-05
89600	5.72918778992e-05
89700	3.79845479925e-05
89800	6.29773149948e-05
89900	6.99678620789e-05
90000	0.000102725757818
90100	7.39598179611e-05
90200	5.44102980089e-05
90300	7.66091853176e-05
90400	7.67915329539e-05
90500	8.0002624399e-05
90600	8.06884411014e-05
90700	8.70046331194e-05
90800	6.01879085833e-05
90900	4.64385459422e-05
91000	6.76521045904e-05
91100	3.23107381524e-05
91200	5.20268135988e-05
91300	4.32312926261e-05
91400	6.70573260351e-05
91500	9.8939202409e-05
91600	9.40127439033e-05
91700	6.66069924831e-05
91800	9.78931297672e-05
91900	0.000110552434245
92000	0.000121202828735
92100	0.00011310241745
92200	0.000140705549938
92300	0.000133163379845
92400	0.000104418907377
92500	0.000129627896777
92600	0.000177045579954
92700	0.000184798664018
92800	0.000165052981379
92900	0.000195175754154
93000	0.000234910893752
93100	0.000276022233728
93200	0.000278807986653
93300	0.000258672635544
93400	0.000228255087356
93500	0.000237629600089
93600	0.000250825043587
93700	0.00026931075313
93800	0.000238200677224
93900	0.000222503816052
94000	0.000223273385915
94100	0.000249256872578
94200	0.000237390638831
94300	0.000279511887554
94400	0.000283357292438
94500	0.000276541784776
94600	0.000247862979007
94700	0.000254074584531
94800	0.000288998467021
94900	0.000328858148887
95000	0.00033154169486
95100	0.000338482104896
95200	0.000338492188481
95300	0.000328340844798
95400	0.000314027851657
95500	0.000309226007204
95600	0.000291010052986
95700	0.0002769926628
95800	0.000272632891071
95900	0.000232839941311
96000	0.000179840007181
96100	0.000176362404039
96200	0.000118712344951
96300	9.79644619614e-05
96400	8.1397989695e-05
96500	0.000106665142421
96600	0.000102454364544
96700	0.000119885406967
96800	0.000123454457938
96900	0.000114177315729
97000	0.00011033960108
97100	0.000110958627435
97200	0.000142882224205
97300	0.000153114361397
97400	8.45406085925e-05
97500	6.36113132668e-05
97600	5.63156111667e-05
97700	6.79860213626e-06
97800	-2.07115437852e-05
97900	-1.27228264843e-05
98000	-5.19402411343e-05
98100	-8.76396225165e-05
98200	-5.06409340789e-05
98300	-7.21812894708e-05
98400	-5.0106178165e-05
98500	-4.36808275066e-05
98600	-7.87023388128e-05
98700	-2.97775457148e-05
98800	-5.51060531101e-05
98900	-7.90825902707e-05
99000	-8.51590079365e-05
99100	-5.9009504795e-05
99200	-7.34223217888e-05
99300	-4.92050092629e-05
99400	-7.74933381905e-05
99500	-4.64462723571e-05
99600	-4.55247016033e-05
99700	-7.15264152258e-05
99800	-6.15825634287e-05
99900	-0.000106974603215
100000	-0.000133621616737
100100	-0.000129668158106
100200	-0.000168769313383
100300	-0.000179526716297
100400	-0.000152217601099
100500	-0.000142590651735
100600	-0.000119022993326
100700	-9.57821094681e-05
100800	-0.000115731188215
100900	-0.000165053850626
101000	-0.000199398872602
101100	-0.000250306286062
101200	-0.000251529902465
101300	-0.000281792271776
101400	-0.000266442423039
101500	-0.000241815656946
101600	-0.000258130941999
101700	-0.000265863762821
101800	-0.00027231996888
101900	-0.000248784784774
102000	-0.000257620180589
102100	-0.000250582265512
102200	-0.000252239455878
102300	-0.000266097576485
102400	-0.00024374853442
102500	-0.000231548957317
102600	-0.000190800239017
102700	-0.000186250400289
102800	-0.000252734045488
102900	-0.00025940569126
103000	-0.000246424603943
103100	-0.000215559840107
103200	-0.000228326613439
103300	-0.000206117909144
103400	-0.00019565081387
103500	-0.000188755515105
103600	-0.000154343447456
103700	-0.000159725893785
103800	-0.000179035367057
103900	-0.00020321455466
104000	-0.000198908131781
104100	-0.000169970246892
104200	-0.000205395298346
104300	-0.000197342877919
104400	-0.000204341965878
104500	-0.000242773610605
104600	-0.000253143762826
104700	-0.000218936333904
104800	-0.000220973911345
104900	-0.000218433645582
105000	-0.000242672205036
105100	-0.00026188594505
105200	-0.000245898466597
105300	-0.000249216975577
105400	-0.000194744904605
105500	-0.000200992566343
105600	-0.000235568204016
105700	-0.000249004253306
105800	-0.000266501191332
105900	-0.000274941081086
106000	-0.000297653637456
106100	-0.000298317453469
106200	-0.000351014264092
106300	-0.000361907462989
106400	-0.000374360351098
106500	-0.000373551099111
106600	-0.000390792341477
106700	-0.000424283495528
106800	-0.000414939998793
106900	-0.000443414789291
107000	-0.000438661742346
107100	-0.000442430216584
107200	-0.000481202464669
107300	-0.000462968642008
107400	-0.000449841372118
107500	-0.00042300848483
107600	-0.000398839979214
107700	-0.000386063717049
107800	-0.000387877281751
107900	-0.000411601350072
108000	-0.000411704127898
108100	-0.000438844452801
108200	-0.000466205925678
108300	-0.000477509150673
108400	-0.000474770724329
108500	-0.000473126825075
108600	-0.000461921280408
108700	-0.000435917295831
108800	-0.000449707885093
108900	-0.000438631384671
109000	-0.000439356029329
109100	-0.000434824095933
109200	-0.000426315114075
109300	-0.000384342186944
109400	-0.000378745017676
109500	-0.000397087970183
109600	-0.000400894261416
109700	-0.000371168500848
109800	-0.000351006030466
109900	-0.000401333972174
110000	-0.000424457459695
110100	-0.000443793014955
110200	-0.000442268799339
110300	-0.000435945981708
110400	-0.000470015274027
110500	-0.000491588828406
110600	-0.000494207126857
110700	-0.000492453506173
110800	-0.000532322006769
110900	-0.000523644054619
111000	-0.000531910641581
111100	-0.000530266214728
111200	-0.000516634301174
111300	-0.000484495002425
111400	-0.000487583931945
111500	-0.000485201021581
111600	-0.000506809857887
111700	-0.000528081032818
111800	-0.000548820543022
111900	-0.000533008049778
112000	-0.000533851691588
112100	-0.000552323582388
112200	-0.000522757518666
112300	-0.000516076859547
112400	-0.000557481635099
112500	-0.000592206880829
112600	-0.000583061082034
112700	-0.000574509375812
112800	-0.000572394497925
112900	-0.000566994789292
113000	-0.000583013769999
113100	-0.000572215456912
113200	-0.000563757676555
113300	-0.000614993685856
113400	-0.000612016160489
113500	-0.00065011275612
113600	-0.000664330057998
113700	-0.00069789056028
113800	-0.000661763575963
113900	-0.000670337617714
114000	-0.000661981154316
114100	-0.00065368151589
114200	-0.000631208485503
114300	-0.000656836696988
114400	-0.000688105548463
114500	-0.000683617968506
114600	-0.000694832520181
114700	-0.000660106390312
114800	-0.000659671356787
114900	-0.000649365390589
115000	-0.000651486647056
115100	-0.000619978066203
115200	-0.000619543614082
115300	-0.000625348893473
115400	-0.000627106687468
115500	-0.000645219921146
115600	-0.000630708916425
115700	-0.00066616573375
115800	-0.000670003255866
115900	-0.000654329288983
116000	-0.000655228420468
116100	-0.000608402324951
116200	-0.000591801195473
116300	-0.000617306394324
116400	-0.000608836495821
116500	-0.000594588474643
116600	-0.000597848969879
116700	-0.000564738160551
116800	-0.000585892498114
116900	-0.000596501030916
117000	-0.000601501322209
117100	-0.00057822931883
117200	-0.000582470750178
117300	-0.000561308566619
117400	-0.000549942204281
117500	-0.000532075424205
117600	-0.00053605468025
117700	-0.000514739737624
117800	-0.000506342304382
117900	-0.000454072716478
118000	-0.00045119097963
118100	-0.000428942877949
118200	-0.000430202426359
118300	-0.0004166484156
118400	-0.000389817968214
118500	-0.000416206649657
118600	-0.00044256510572
118700	-0.000416365619898
118800	-0.000424678829166
118900	-0.000385184122571
119000	-0.000417726214931
119100	-0.000433838783128
119200	-0.000420829401806
119300	-0.00045589500542
119400	-0.000428983778803
119500	-0.000408153696069
119600	-0.000410376348788
119700	-0.000412874108095
119800	-0.000409114194327
119900	-0.000401091501133
120000	-0.000370603273583
120100	-0.000372880123099
120200	-0.000346211738849
120300	-0.00031879679568
120400	-0.000310168907428
120500	-0.000308154453317
120600	-0.000305765177805
120700	-0.000277280452755
120800	-0.000233243002099
120900	-0.000257740057365
121000	-0.000267029738756
121100	-0.000259333706304
121200	-0.000256823390221
121300	-0.000289963226979
121400	-0.00028665034165
121500	-0.0002942252972
121600	-0.000301664034314
121700	-0.000279242876239
121800	-0.000256981376585
121900	-0.000268628051024
122000	-0.000279245249123
122100	-0.000261150249424
122200	-0.000274222658595
122300	-0.000281150349378
122400	-0.000273773562043
122500	-0.000285182076258
122600	-0.000306787908368
122700	-0.000277029717641
122800	-0.000259428049555
122900	-0.000245047665838
123000	-0.0002485137024
123100	-0.000233771660441
123200	-0.000238927361283
123300	-0.000215976355496
123400	-0.000167284992931
123500	-0.000145843953966
123600	-0.00014390131772
123700	-0.000144639107417
123800	-0.000161771388205
123900	-0.00018132489669
124000	-0.00020874999959
124100	-0.000218473303602
124200	-0.000203399930348
124300	-0.000193331126896
124400	-0.000213147045235
124500	-0.000199235739599
124600	-0.000205673541185
124700	-0.000217895333801
124800	-0.000238130163428
124900	-0.000214133125729
125000	-0.000242859730949
125100	-0.000243796303296
125200	-0.00024932418385
125300	-0.000250021841281
125400	-0.000246327284304
125500	-0.000270789469202
125600	-0.00030879419327
125700	-0.00030284980457
125800	-0.000331698338695
125900	-0.000360498212999
126000	-0.000375899581355
126100	-0.000380058342723
126200	-0.000362411814645
126300	-0.00036661991083
126400	-0.000346058578923
126500	-0.000349214527685
126600	-0.000355694832687
126700	-0.000382477501568
126800	-0.000394790323113
126900	-0.000371124643432
127000	-0.00037218870056
127100	-0.00037492188652
127200	-0.000381087302547
127300	-0.000403518927701
127400	-0.000383233030611
127500	-0.000351193024632
127600	-0.000347239577407
127700	-0.000346317356597
127800	-0.000352991541049
127900	-0.000326304340612
128000	-0.000345072810564
128100	-0.000340202030139
128200	-0.000360665458331
128300	-0.000374568755575
128400	-0.000372107670925
128500	-0.000336961977466
128600	-0.000341516023792
128700	-0.000316676858963
128800	-0.000317099551139
128900	-0.000294202724733
129000	-0.00027649055367
129100	-0.000273510442497
129200	-0.000261270997511
129300	-0.000258068133068
129400	-0.000239374301015
129500	-0.000280489790451
129600	-0.00027042871702
129700	-0.000295520709675
129800	-0.000277245003868
129900	-0.000281132143649
130000	-0.000294663782928
130100	-0.000267817836568
130200	-0.000277453137428
130300	-0.000253601070967
130400	-0.00025129911889
130500	-0.000272539938967
130600	-0.00029388323765
130700	-0.000271528812909
130800	-0.000280938822407
130900	-0.000263823907581
131000	-0.000269125017244
131100	-0.000281371983446
131200	-0.000296212069905
131300	-0.000296696131949
131400	-0.000271230903053
131500	-0.000291101403643
131600	-0.000264341431538
131700	-0.000300618240984
131800	-0.000298556637369
131900	-0.000308756034846
132000	-0.000317139805136
132100	-0.000318824873279
132200	-0.000321100897472
132300	-0.000344240853692
132400	-0.000348681029996
132500	-0.000376214815231
132600	-0.000389398700463
132700	-0.000369470368414
132800	-0.00040658321656
132900	-0.000386282546106
133000	-0.000398707587911
133100	-0.00041915218349
133200	-0.000438261643486
133300	-0.000474095570202
133400	-0.000505220096423
133500	-0.000494540522672
133600	-0.000493994672928
133700	-0.000504310553098
133800	-0.000512620283227
133900	-0.000501315070468
134000	-0.000519208758826
134100	-0.000527949217956
134200	-0.00052064889673
134300	-0.000519694373105
134400	-0.000536781021203
134500	-0.000538221310504
134600	-0.000520144061709
134700	-0.000523397867533
134800	-0.000512516081269
134900	-0.000533065803523
135000	-0.000556980535778
135100	-0.000570034817836
135200	-0.000567181099109
135300	-0.000557866837293
135400	-0.00055177001568
135500	-0.000552233429715
135600	-0.000537620621728
135700	-0.00053189746878
135800	-0.00054189224786
135900	-0.000551513778345
136000	-0.000551754213249
136100	-0.000551295613893
136200	-0.000593068536611
136300	-0.000605875723392
136400	-0.000593080056714
136500	-0.000597729263591
136600	-0.00058402881088
136700	-0.000591378800725
136800	-0.000591227563876
136900	-0.000588539948139
137000	-0.000576863623513
137100	-0.000574541839907
137200	-0.000584258106521
137300	-0.000570046583798
137400	-0.000574048373037
137500	-0.000537920498187
137600	-0.000549265247606
137700	-0.000569810630861
137800	-0.000567664029266
137900	-0.000531184108063
138000	-0.000571165899248
138100	-0.000552526102726
138200	-0.000503914775141
138300	-0.000508521484205
138400	-0.000504450767801
138500	-0.000481530116936
138600	-0.000501959641434
138700	-0.000514722431442
138800	-0.000498621124904
138900	-0.000500073429067
139000	-0.000496697326595
139100	-0.0004928528655
139200	-0.000498404540918
139300	-0.000501316295582
139400	-0.000491979536039
139500	-0.000508513372081
139600	-0.000507916663388
139700	-0.000509520650996
139800	-0.000512150469972
139900	-0.000492505327694
140000	-0.000503441695058
140100	-0.000503609181326
140200	-0.000480572060008
140300	-0.0005105281985
140400	-0.000494722209616
140500	-0.000493020819674
140600	-0.000508214492573
140700	-0.000513036228531
140800	-0.000481077048665
140900	-0.000471506359653
141000	-0.000478896014819
141100	-0.00050917589372
141200	-0.000502339036074
141300	-0.000520062739377
141400	-0.000530927430651
141500	-0.000530386459591
141600	-0.000508807888084
141700	-0.000522815676274
141800	-0.000533296361445
141900	-0.000539473400889
142000	-0.000509460953655
142100	-0.000519257057008
142200	-0.00053375437623
142300	-0.000544360904831
142400	-0.000569124955948
142500	-0.000576270639875
142600	-0.000585219020781
142700	-0.000593613833678
142800	-0.000625771875469
142900	-0.0006328866053
143000	-0.000635825489065
143100	-0.000606127773202
143200	-0.00058285027194
143300	-0.00057997343895
143400	-0.000588018433428
143500	-0.000584742736673
143600	-0.000605038469526
143700	-0.000608807930114
143800	-0.000606269875149
143900	-0.000616357073282
144000	-0.000623903238494
144100	-0.000619118818024
144200	-0.000610846031559
144300	-0.000597243924511
144400	-0.00060115914927
144500	-0.000603858518245
144600	-0.000618266703545
144700	-0.000621982562742
144800	-0.00062423356603
144900	-0.000623189259065
145000	-0.000638923608763
145100	-0.000646310205602
145200	-0.000649856723912
145300	-0.000626941946925
145400	-0.000613179020448
145500	-0.000602766512201
145600	-0.000611010570689
145700	-0.000618232103478
145800	-0.000597207976695
145900	-0.000609661632361
146000	-0.000609173116735
146100	-0.000603638045089
146200	-0.000589746557577
146300	-0.000578721272712
146400	-0.000585663135866
146500	-0.000574163784905
146600	-0.000583405363232
146700	-0.00058206946256
146800	-0.00058436908451
146900	-0.000579697291419
147000	-0.000604711864778
147100	-0.000580305810899
147200	-0.000602775755359
147300	-0.000601242196112
147400	-0.000616415533346
147500	-0.000625094650881
147600	-0.000615290366824
147700	-0.000609400742537
147800	-0.000623137699547
147900	-0.000617816320684
148000	-0.000637248921316
148100	-0.000620482516377
148200	-0.000644372722893
148300	-0.000641316913406
148400	-0.000665360617555
148500	-0.000673473212307
148600	-0.000687226498737
148700	-0.000685025189967
148800	-0.000669237149642
148900	-0.000663614762212
149000	-0.000667146770005
149100	-0.000669547705942
149200	-0.000699906629433
149300	-0.000717823063649
149400	-0.000706989201579
149500	-0.000714742250927
149600	-0.000707385171654
149700	-0.000735119385208
149800	-0.000738959301385
149900	-0.000726352732979
150000	-0.000745024888929
150100	-0.000764841518245
150200	-0.000766878663436
150300	-0.000766188637428
150400	-0.000752007415938
150500	-0.000721771680615
150600	-0.000729686441675
150700	-0.000713043001712
150800	-0.00073043567193
150900	-0.000747331439922
151000	-0.000759565373292
151100	-0.000770198668494
151200	-0.000780466716902
151300	-0.000781238659666
151400	-0.00078857519005
151500	-0.000790857970684
151600	-0.000787770779971
151700	-0.000756993970316
151800	-0.000716939321455
151900	-0.000710685511535
152000	-0.000710061648358
152100	-0.000711284153186
152200	-0.000720583386669
152300	-0.000725383623268
152400	-0.000746935918269
152500	-0.000763026816988
152600	-0.000774698605023
152700	-0.000768028352262
152800	-0.000785793139268
152900	-0.000807953474587
153000	-0.000799805132486
153100	-0.000810284300083
153200	-0.000823647456831
153300	-0.000838306676173
153400	-0.000823131187023
153500	-0.000811723904584
153600	-0.000791302435648
153700	-0.000791352146028
153800	-0.000811682630554
153900	-0.000811652702218
154000	-0.000790239642931
154100	-0.00081106362118
154200	-0.000833664716945
154300	-0.000850561038266
154400	-0.000856806035737
154500	-0.000856338277181
154600	-0.000845935184145
154700	-0.000830086869415
154800	-0.000832173291682
154900	-0.000819791277256
155000	-0.000823001160424
155100	-0.000796588589628
155200	-0.000802539501797
155300	-0.0008160363457
155400	-0.00083289517784
155500	-0.000823920783944
155600	-0.000830736268005
155700	-0.00084328850157
155800	-0.000804360276916
155900	-0.00078707868424
156000	-0.000779181614914
156100	-0.000780690250733
156200	-0.000812676829134
156300	-0.000809860169632
156400	-0.000811069085679
156500	-0.000815432796235
156600	-0.000827325098183
156700	-0.000812713274693
156800	-0.000781410692115
156900	-0.000779149520903
157000	-0.0007841012937
157100	-0.000790408735571
157200	-0.000793613058962
157300	-0.000795621088332
157400	-0.000763009053237
157500	-0.000763967468685
157600	-0.000784471786668
157700	-0.000770354509295
157800	-0.000789309063145
157900	-0.000778741856505
158000	-0.000753381078479
158100	-0.000765575384336
158200	-0.000775995803617
158300	-0.000769858941108
158400	-0.000781481314421
158500	-0.000765463912771
158600	-0.000750106425967
158700	-0.000762621486475
158800	-0.000762875793856
158900	-0.000784620233839
159000	-0.000807298556373
159100	-0.000802588170549
159200	-0.000796370331809
159300	-0.000807588079055
159400	-0.000807354205986
159500	-0.000824597380488
159600	-0.000830696122219
159700	-0.000819450788888
159800	-0.00082629409495
159900	-0.00082727384192
160000	-0.000829080103006
160100	-0.000841729069225
160200	-0.00083789390785
160300	-0.000847693069554
160400	-0.000843373123698
160500	-0.000845991001803
160600	-0.000848154864416
160700	-0.000855040331417
160800	-0.000837501529558
160900	-0.000860848469776
161000	-0.000854625031371
161100	-0.000847307117427
161200	-0.000827899231175
161300	-0.000833814867999
161400	-0.000838167976296
161500	-0.000835357092634
161600	-0.000820947751576
161700	-0.000818988199075
161800	-0.000814070234803
161900	-0.000789963876348
162000	-0.000788687538089
162100	-0.000805133097001
162200	-0.000813250475543
162300	-0.000814763482252
162400	-0.00082319072336
162500	-0.000823016157723
162600	-0.000829283832396
162700	-0.000813198588818
162800	-0.000834456100806
162900	-0.000832730619016
163000	-0.000815842719511
163100	-0.000803862484123
163200	-0.000817789487776
163300	-0.000824229527757
163400	-0.000819534572256
163500	-0.00083460160179
163600	-0.000821675168675
163700	-0.000847182830452
163800	-0.000826398819353
163900	-0.000850961944046
164000	-0.000863346131037
164100	-0.000887962506918
164200	-0.000877752567065
164300	-0.000889161627167
164400	-0.000866945708143
164500	-0.000857619557135
164600	-0.000816551919764
164700	-0.000808455756736
164800	-0.000825713522507
164900	-0.000813903298766
165000	-0.000835808823988
165100	-0.000826054578365
165200	-0.000807236142069
165300	-0.000793994829499
165400	-0.000793432590323
165500	-0.000789179364478
165600	-0.000793885319042
165700	-0.000780439292406
165800	-0.000779090338833
165900	-0.000779672914223
166000	-0.000773873380138
166100	-0.000738595791677
166200	-0.000745817586005
166300	-0.00073461208176
166400	-0.00074849560036
166500	-0.00075342285718
166600	-0.000749529744636
166700	-0.000736134823568
166800	-0.000725042618136
166900	-0.000754000369507
167000	-0.000752060162817
167100	-0.000730592034315
167200	-0.000734874473827
167300	-0.000714139007237
167400	-0.00070528751432
167500	-0.000719244624586
167600	-0.000713156306976
167700	-0.000706873060173
167800	-0.000716466178592
167900	-0.000700811951491
168000	-0.000674797726521
168100	-0.00068159537972
168200	-0.000664987002868
168300	-0.000675707883388
168400	-0.0006907862114
168500	-0.000702044284844
168600	-0.000692150835485
168700	-0.000695184661661
168800	-0.000685960337235
168900	-0.000678875629417
169000	-0.000664092507532
169100	-0.000681030414953
169200	-0.000691395293729
169300	-0.000685204759341
169400	-0.000697556132477
169500	-0.000700098303502
169600	-0.000688035407038
169700	-0.000670838247861
169800	-0.000684083814732
169900	-0.000686459318376
170000	-0.000650497601835
170100	-0.000668925168401
170200	-0.000647093217064
170300	-0.000649111001855
170400	-0.000650681803454
170500	-0.00065050136795
170600	-0.000652318173716
170700	-0.000648704218787
170800	-0.000641161774658
170900	-0.000656075843966
171000	-0.000680188933121
171100	-0.000687332877428
171200	-0.00067465403024
171300	-0.000683564656725
171400	-0.00068158518755
171500	-0.000700188523342
171600	-0.000708683643506
171700	-0.000706724671381
171800	-0.00071539726962
171900	-0.00073272168685
172000	-0.000759689559151
172100	-0.000737686600648
172200	-0.000747531235691
172300	-0.000755612192088
172400	-0.000746570543067
172500	-0.000750751484465
172600	-0.000782287840005
172700	-0.000791881019273
172800	-0.000767774442211
172900	-0.000756556040418
173000	-0.000754337300312
173100	-0.000748907673605
173200	-0.000744852967978
173300	-0.000753616202828
173400	-0.000756215880705
173500	-0.0007333544145
173600	-0.000731630118531
173700	-0.00071739499532
173800	-0.000709375720196
173900	-0.000715836614909
174000	-0.000710987489351
174100	-0.00069158620738
174200	-0.000711075810582
174300	-0.000711898522543
174400	-0.000720938997849
174500	-0.000724993336527
174600	-0.000739241974758
174700	-0.000701117503545
174800	-0.000678801077186
174900	-0.000680400446582
175000	-0.000659226313376
175100	-0.000657803813613
175200	-0.000654210290504
175300	-0.000654096505882
175400	-0.000661561366601
175500	-0.000672427699885
175600	-0.000714448138572
175700	-0.000734629648475
175800	-0.000742922513617
175900	-0.000742281651506
176000	-0.000752838518095
176100	-0.0007312392329
176200	-0.000742922755201
176300	-0.000745601511807
176400	-0.000755281324159
176500	-0.000751425301224
176600	-0.000727849134745
176700	-0.000736731010697
176800	-0.000729210878319
176900	-0.000703612448698
177000	-0.000701145029284
177100	-0.000689024206293
177200	-0.000676773840405
177300	-0.000679903757961
177400	-0.000667034457967
177500	-0.000681911845823
177600	-0.000689027292226
177700	-0.000670173687669
177800	-0.000664070766844
177900	-0.000666063046877
178000	-0.000653912320887
178100	-0.000640171671619
178200	-0.000638442146369
178300	-0.000613032792988
178400	-0.000596038237063
178500	-0.000614959991809
178600	-0.000637515058015
178700	-0.000623527602411
178800	-0.000613541099481
178900	-0.00060716897151
179000	-0.000618474151863
179100	-0.000626308255013
179200	-0.000614414264364
179300	-0.000617917002811
179400	-0.00061895986264
179500	-0.000635645870628
179600	-0.000665939651178
179700	-0.00066834599054
179800	-0.000665619501716
179900	-0.000669435812515
180000	-0.000668225669675
180100	-0.000677932128567
180200	-0.000675118858419
180300	-0.000675929197932
180400	-0.000681331465993
180500	-0.000686007549002
180600	-0.00068191762836
180700	-0.00069102664373
180800	-0.00070014073799
180900	-0.000710122632939
181000	-0.000685965205574
181100	-0.00072718481196
181200	-0.000723117242809
181300	-0.000722202162804
181400	-0.000721375364608
181500	-0.000729827207351
181600	-0.000719417498375
181700	-0.000707508709862
181800	-0.000714722826994
181900	-0.000719245705178
182000	-0.000720235829432
182100	-0.000710417584891
182200	-0.000687356982604
182300	-0.000674863729407
182400	-0.00067973762109
182500	-0.000668971614967
182600	-0.000683698671374
182700	-0.000682917718937
182800	-0.000664586597498
182900	-0.000688842736582
183000	-0.000668546028384
183100	-0.000650783149589
183200	-0.000642219565946
183300	-0.000639089526786
183400	-0.000649878908257
183500	-0.000660149984257
183600	-0.000654878854929
183700	-0.000652198443594
183800	-0.000671513327011
183900	-0.000689995876917
184000	-0.000712112455945
184100	-0.000710230852091
184200	-0.000687319890807
184300	-0.000688233150488
184400	-0.000685992739535
184500	-0.000679634791203
184600	-0.000683739813964
184700	-0.000692041686588
184800	-0.000698551730418
184900	-0.000676142623945
185000	-0.000685947179808
185100	-0.000687072095598
185200	-0.000688469794574
185300	-0.000683191484572
185400	-0.00069447266954
185500	-0.000691332399592
185600	-0.000685261126336
185700	-0.00069497900864
185800	-0.000680459578989
185900	-0.000697589115173
186000	-0.000680366479841
186100	-0.000668560213322
186200	-0.000675191918039
186300	-0.000669625713482
186400	-0.000666437363632
186500	-0.000655203490598
186600	-0.000646934772541
186700	-0.00066539111715
186800	-0.000655282018238
186900	-0.000634463017845
187000	-0.000630410578454
187100	-0.000619538061411
187200	-0.000616586304756
187300	-0.000624695494522
187400	-0.000637047403663
187500	-0.000642909794423
187600	-0.000626676532096
187700	-0.000618888368325
187800	-0.00061490614829
187900	-0.000625073499463
188000	-0.000621466324299
188100	-0.000649175567155
188200	-0.000678766487952
188300	-0.000699184712725
188400	-0.000698287216872
188500	-0.000703845182267
188600	-0.000686642408683
188700	-0.000696139238144
188800	-0.000689597773533
188900	-0.000672422654743
189000	-0.00067132721263
189100	-0.000663970021059
189200	-0.000665797152359
189300	-0.000664008799054
189400	-0.00068875304123
189500	-0.000667232822012
189600	-0.000678414287957
189700	-0.00068711533971
189800	-0.000699411262316
189900	-0.000713929293796
190000	-0.000707374447687
190100	-0.000713865321785
190200	-0.000717265312043
190300	-0.000719901647711
190400	-0.000750255200665
190500	-0.00072459309572
190600	-0.000735290981279
190700	-0.000740840376335
190800	-0.00074620152899
190900	-0.000751930579117
191000	-0.000754953601611
191100	-0.000753989044145
191200	-0.000762409307147
191300	-0.000767109648994
191400	-0.000776922870408
191500	-0.000768650157283
191600	-0.000769075015394
191700	-0.000772657622612
191800	-0.000765094281655
191900	-0.000754599859486
192000	-0.000768891674671
192100	-0.000782324104245
192200	-0.000777488306734
192300	-0.000771936060534
192400	-0.000759214695209
192500	-0.000775359592228
192600	-0.000774169150318
192700	-0.000764040181141
192800	-0.00076336572549
192900	-0.000756987356216
193000	-0.000776714807185
193100	-0.000775905458696
193200	-0.000774019241014
193300	-0.000779126042927
193400	-0.000793445723767
193500	-0.000801571599775
193600	-0.000812775224251
193700	-0.000818131197413
193800	-0.000825509161202
193900	-0.000832275584325
194000	-0.000804397859092
194100	-0.000800669770663
194200	-0.000804403070661
194300	-0.000805610924571
194400	-0.00081375053953
194500	-0.000828577199984
194600	-0.000827294964296
194700	-0.000803410350057
194800	-0.000781498814508
194900	-0.000771217493623
195000	-0.000786201973554
195100	-0.000799292575954
195200	-0.000810889454568
195300	-0.00082057638014
195400	-0.00083756686618
195500	-0.000815219892065
195600	-0.000809227581062
195700	-0.000792807708271
195800	-0.000786338493485
195900	-0.000762274918771
196000	-0.000754694682969
196100	-0.000746764220399
196200	-0.000726024710595
196300	-0.000721870784805
196400	-0.000701630731492
196500	-0.000709382413026
196600	-0.000721874891218
196700	-0.000715314627995
196800	-0.000715951096964
196900	-0.000727587987711
197000	-0.000743702225915
197100	-0.000749082351226
197200	-0.000728485005521
197300	-0.000728396963548
197400	-0.000754571055299
197500	-0.000730594160251
197600	-0.0007293872241
197700	-0.000740131203298
197800	-0.000770851280259
197900	-0.000776445298651
198000	-0.000781446034916
198100	-0.000801030043225
198200	-0.000786325065487
198300	-0.000787152634352
198400	-0.000777867377914
198500	-0.000772213636376
198600	-0.000773261757177
198700	-0.00077798615067
198800	-0.000764752100261
198900	-0.000755296193033
199000	-0.000744304108769
199100	-0.0007304318228
199200	-0.000721185030665
199300	-0.000731728694996
199400	-0.000740195531116
199500	-0.000737599903493
199600	-0.000755025979908
199700	-0.000777747031539
199800	-0.000784814863331
199900	-0.000770985923927
200000	-0.000771355221538
200100	-0.000770834391837
200200	-0.000777553826507
200300	-0.000790705043404
200400	-0.000793164723172
200500	-0.000781130820134
200600	-0.000762762161179
200700	-0.000779506623681
200800	-0.000776121282917
200900	-0.000787923178227
201000	-0.000782885108113
201100	-0.000770717488081
201200	-0.000786110762684
201300	-0.000777676687991
201400	-0.000761074832413
201500	-0.000771131304003
201600	-0.000748856234921
201700	-0.000753772082152
201800	-0.000753737020373
201900	-0.000753694803983
202000	-0.000757336310929
202100	-0.000756643842127
202200	-0.000750726382132
202300	-0.000761850288021
202400	-0.000760594971936
202500	-0.000785825115654
202600	-0.000762459292873
202700	-0.000773289654032
202800	-0.000769264127785
202900	-0.000752531815804
203000	-0.000751227686355
203100	-0.000764647738325
203200	-0.000753185168629
203300	-0.000766975835254
203400	-0.000762991282037
203500	-0.000779440336533
203600	-0.000765501257829
203700	-0.000747530647861
203800	-0.000735213064394
203900	-0.000738867430576
204000	-0.000749778727111
204100	-0.000753894474449
204200	-0.000785131006197
204300	-0.000770489815039
204400	-0.000773272752831
204500	-0.000762023623684
204600	-0.000771294513057
204700	-0.000776800360914
204800	-0.000744028597639
204900	-0.000745122681914
205000	-0.000742213788401
205100	-0.000720560324839
205200	-0.000720002028802
205300	-0.000723200847769
205400	-0.000726251416099
205500	-0.000717686763283
205600	-0.000709503914623
205700	-0.000707862707606
205800	-0.000686348892713
205900	-0.000699350214135
206000	-0.000668113538415
206100	-0.000665669057183
206200	-0.000671337129524
206300	-0.000682687396339
206400	-0.0006933994814
206500	-0.000667780974568
206600	-0.000660158602113
206700	-0.00067473503393
206800	-0.000676760736833
206900	-0.000667180824166
207000	-0.000661957562742
207100	-0.00065825544739
207200	-0.000625928439047
207300	-0.000614605116124
207400	-0.000624472924799
207500	-0.000636493538105
207600	-0.000615971761149
207700	-0.000626588744323
207800	-0.00062253402441
207900	-0.000634481005235
208000	-0.000633225211403
208100	-0.000630440432625
208200	-0.000616801246207
208300	-0.000618939208876
208400	-0.00063710258184
208500	-0.00063482769916
208600	-0.000634824914021
208700	-0.000630883940193
208800	-0.000628508369671
208900	-0.000635998262409
209000	-0.000626565342985
209100	-0.000649348946519
209200	-0.000647225999769
209300	-0.000637738180254
209400	-0.000654277934745
209500	-0.000651108248726
209600	-0.000639442159528
209700	-0.000630453390098
209800	-0.000643919019195
209900	-0.000630250769003
210000	-0.000642426933791
210100	-0.000642728020353
210200	-0.000640912421609
210300	-0.000639704081535
210400	-0.000633488344327
210500	-0.00063707717471
210600	-0.000631723192023
210700	-0.000636675134686
210800	-0.000653734391047
210900	-0.00066028357358
211000	-0.000664251364906
211100	-0.000666887768789
211200	-0.000646362534567
211300	-0.000643865996468
211400	-0.000641941804998
211500	-0.000628449189321
211600	-0.000627484538095
211700	-0.000643966746469
211800	-0.000642514395301
211900	-0.000649826759464
212000	-0.000658612803621
212100	-0.00065238562148
212200	-0.000658220622949
212300	-0.000658853357909
212400	-0.000654779235586
212500	-0.000670784161382
212600	-0.000672378419507
212700	-0.000653353733069
212800	-0.000628376044618
212900	-0.00064120540256
213000	-0.000671449523387
213100	-0.000677386239001
213200	-0.000680389214725
213300	-0.000683179002543
213400	-0.000670875303303
213500	-0.000681792206729
213600	-0.000682665223018
213700	-0.000687148923204
213800	-0.000693151600962
213900	-0.000704965159533
214000	-0.000695414453709
214100	-0.000699997345261
214200	-0.000697037830414
214300	-0.000691987611042
214400	-0.000704349066001
214500	-0.000709909827784
214600	-0.000692669609441
214700	-0.000685550755448
214800	-0.000690086212417
214900	-0.000693253052999
215000	-0.000679870338025
215100	-0.000667828388931
215200	-0.000676555907573
215300	-0.000655212640718
215400	-0.000649892971074
215500	-0.000652236091465
215600	-0.000631510666503
215700	-0.00062908387998
215800	-0.000628023007555
215900	-0.000644418797054
216000	-0.000645662202023
216100	-0.000646977274466
216200	-0.000646193150393
216300	-0.000646601410464
216400	-0.000654545442063
216500	-0.000646159536177
216600	-0.000639393480797
216700	-0.000632057273489
216800	-0.000616507902685
216900	-0.000615902818985
217000	-0.000621681200646
217100	-0.000603938486504
217200	-0.000604247078716
217300	-0.000613421969842
217400	-0.00062406519342
217500	-0.000629655892814
217600	-0.00063578035564
217700	-0.00062893854684
217800	-0.000617341464554
217900	-0.000607664581326
218000	-0.00062056298612
218100	-0.000635126740082
218200	-0.000646144729547
218300	-0.000647562160441
218400	-0.000640513080025
218500	-0.000649774119281
218600	-0.000637900424879
218700	-0.000643432443056
218800	-0.00063430784555
218900	-0.000648349270401
219000	-0.000652252207317
219100	-0.000661577278881
219200	-0.00066349553892
219300	-0.000661270628215
219400	-0.000675863150574
219500	-0.000686306708523
219600	-0.000690435883913
219700	-0.000669838101278
219800	-0.000674189835752
219900	-0.000685148009522
220000	-0.000685160175201
220100	-0.000675583464224
220200	-0.00066834121337
220300	-0.000675022278153
220400	-0.000659896114204
220500	-0.000668695568003
220600	-0.000670979523647
220700	-0.000675069915055
220800	-0.000672600420283
220900	-0.000681032490624
221000	-0.000683253823754
221100	-0.000679982301015
221200	-0.000685977433114
221300	-0.000696986619666
221400	-0.000698762929704
221500	-0.000713630576812
221600	-0.000722542739176
221700	-0.000721744384383
221800	-0.000733313322215
221900	-0.000726810241057
222000	-0.000720149349552
222100	-0.000728573225844
222200	-0.000731571105239
222300	-0.000725009606408
222400	-0.000718635801233
222500	-0.000715414722765
222600	-0.000719918842902
222700	-0.000718269736289
222800	-0.000703644554157
222900	-0.000694088184152
223000	-0.000689995600466
223100	-0.000697673807532
223200	-0.000686063261172
223300	-0.000685157906013
223400	-0.000675993119522
223500	-0.000680664405931
223600	-0.000684126813632
223700	-0.000679692525569
223800	-0.000677289214611
223900	-0.000663291051907
224000	-0.000670080684804
224100	-0.000665782013491
224200	-0.000670877106674
224300	-0.000674544093114
224400	-0.000679278891551
224500	-0.000668383658366
224600	-0.000647951873338
224700	-0.000634578661528
224800	-0.000637163044226
224900	-0.000646447204979
225000	-0.000641953426274
225100	-0.000655151146415
225200	-0.000664939775508
225300	-0.000659526155427
225400	-0.000674831659122
225500	-0.000662341495599
225600	-0.000660404043902
225700	-0.000669682808645
225800	-0.000674878667909
225900	-0.000668098614008
226000	-0.000687758822116
226100	-0.00068771605813
226200	-0.000686731393297
226300	-0.000680674045884
226400	-0.000653215499868
226500	-0.000651062228366
226600	-0.000665182322258
226700	-0.000667274450801
226800	-0.000670233145424
226900	-0.000656143369286
227000	-0.00065464536469
227100	-0.000665409331028
227200	-0.000662246729691
227300	-0.000670286971361
227400	-0.00066567495723
227500	-0.000670246046108
227600	-0.000657799859758
227700	-0.000657473250318
227800	-0.00065312480777
227900	-0.000648850310382
228000	-0.000655572700586
228100	-0.000656945131447
228200	-0.00067328721192
228300	-0.000658569283871
228400	-0.000643882372084
228500	-0.000658037164578
228600	-0.000665730289102
228700	-0.000662380509472
228800	-0.000671776376128
228900	-0.000681772602746
229000	-0.000678207151152
229100	-0.00066381072618
229200	-0.000667091478699
229300	-0.000660600764009
229400	-0.00065645787991
229500	-0.00063437312206
229600	-0.000610204433097
229700	-0.000624166501667
229800	-0.000605675853027
229900	-0.000624270809586
230000	-0.000610709927324
230100	-0.000613047453835
230200	-0.000589525106022
230300	-0.000600176321586
230400	-0.000605017273664
230500	-0.000603916229475
230600	-0.00061032843998
230700	-0.000599073265689
230800	-0.000600164788155
230900	-0.000592014851975
231000	-0.000594433748606
231100	-0.000581866964958
231200	-0.000580260219405
231300	-0.000599954487244
231400	-0.000598764234699
231500	-0.000608510247603
231600	-0.000604003342134
231700	-0.000604437833499
231800	-0.000596824462263
231900	-0.000610691848866
232000	-0.000605604972288
232100	-0.000597104877802
232200	-0.000607891724111
232300	-0.000592218878146
232400	-0.000580102181828
232500	-0.000569769957673
232600	-0.000577913083419
232700	-0.000576262284097
232800	-0.000579240128251
232900	-0.000587612763881
233000	-0.000604915650519
233100	-0.000619710689529
233200	-0.000610937490852
233300	-0.000608885453873
233400	-0.000621758720444
233500	-0.000622494436134
233600	-0.000612838767672
233700	-0.000627724006507
233800	-0.000632383394367
233900	-0.000625745621208
234000	-0.000638108093085
234100	-0.000621749932363
234200	-0.000621095075615
234300	-0.00062975652953
234400	-0.000636055314191
234500	-0.000639225091685
234600	-0.000635893400719
234700	-0.000645989527925
234800	-0.000628551227753
234900	-0.000629264664312
235000	-0.000626375612837
235100	-0.000642189126331
235200	-0.000647895020868
235300	-0.000644609060193
235400	-0.000632912067206
235500	-0.000632544761989
235600	-0.00064083593182
235700	-0.000645486209733
235800	-0.000663346110863
235900	-0.000669257879259
236000	-0.00067131866864
236100	-0.000666088749935
236200	-0.000670985689845
236300	-0.000657972713224
236400	-0.000659226818227
236500	-0.000665581937955
236600	-0.00067899292573
236700	-0.000679282657712
236800	-0.000679850062239
236900	-0.00070754128741
237000	-0.000695537119598
237100	-0.00067867605553
237200	-0.000672903463203
237300	-0.000649653778277
237400	-0.000636661087496
237500	-0.000642382296029
237600	-0.000650661257009
237700	-0.000660876891505
237800	-0.000652270494715
237900	-0.00065280811781
238000	-0.000642196489014
238100	-0.000644850333738
238200	-0.000627509151432
238300	-0.000652285614249
238400	-0.000648899938877
238500	-0.000644995415961
238600	-0.000647061261971
238700	-0.00064337065909
238800	-0.000637694602777
238900	-0.000631307821787
239000	-0.000624521297673
239100	-0.000628311400502
239200	-0.000652041754605
239300	-0.000647292131776
239400	-0.000639336527484
239500	-0.000632132784187
239600	-0.000631064764705
239700	-0.000640903409306
239800	-0.00064039386367
239900	-0.000631268371818
240000	-0.000625157086263
240100	-0.000617665982837
240200	-0.000609854095527
240300	-0.000595900481144
240400	-0.000582242263806
240500	-0.000593337722477
240600	-0.000594592002053
240700	-0.000587710054442
240800	-0.000601597361648
240900	-0.000596446337875
241000	-0.000616354288731
241100	-0.000619636715022
241200	-0.000612379064361
241300	-0.000605648811451
241400	-0.000594302508153
241500	-0.000590720951212
241600	-0.000592758796595
241700	-0.000592067006222
241800	-0.000593392268697
241900	-0.000606373709672
242000	-0.000605490109994
242100	-0.00058708980727
242200	-0.000589687885726
242300	-0.000577765677209
242400	-0.000586512174196
242500	-0.000573287093285
242600	-0.000575516079397
242700	-0.000578454624001
242800	-0.000580279361645
242900	-0.000575956099692
243000	-0.000584124187121
243100	-0.000586259864204
243200	-0.000563672460598
243300	-0.00057768149692
243400	-0.000585874187896
243500	-0.000596035654069
243600	-0.000599864438805
243700	-0.000598260694463
243800	-0.00059724925253
243900	-0.000596339034474
244000	-0.000580109760826
244100	-0.000570152570673
244200	-0.000573368877297
244300	-0.000574731852784
244400	-0.000584458676234
244500	-0.000589767256133
244600	-0.00058406059471
244700	-0.000589348439921
244800	-0.000586305288056
244900	-0.000580332555086
245000	-0.00057050345101
245100	-0.000578373049472
245200	-0.000562463495585
245300	-0.00056715006839
245400	-0.000552138272457
245500	-0.000554679775585
245600	-0.0005559905221
245700	-0.000557099082085
245800	-0.000563780133203
245900	-0.000571329503914
246000	-0.000565119901116
246100	-0.000592199334468
246200	-0.000572760703098
246300	-0.000577472919593
246400	-0.000577862846468
246500	-0.000588478833393
246600	-0.000585532530732
246700	-0.000585147492615
246800	-0.000581750463189
246900	-0.000579372297692
247000	-0.000574853901323
247100	-0.000566511733629
247200	-0.000555364937881
247300	-0.000542839777963
247400	-0.000555446944643
247500	-0.000541652099541
247600	-0.000541863492004
247700	-0.00054621342564
247800	-0.000546942466006
247900	-0.000548172003984
248000	-0.000554235365102
248100	-0.000559222510266
248200	-0.000561102086167
248300	-0.000563385635788
248400	-0.000555516039057
248500	-0.000556138535169
248600	-0.000557152128729
248700	-0.000557460246556
248800	-0.000553177169343
248900	-0.000568523542682
249000	-0.000571519351088
249100	-0.000581680514405
249200	-0.000587907350921
249300	-0.000579500095999
249400	-0.000578935947614
249500	-0.000585628660741
249600	-0.000595866283388
249700	-0.000596789950014
249800	-0.000578199631707
249900	-0.0005658690572
250000	-0.000581875867178
250100	-0.000573346641584
250200	-0.00057879007729
250300	-0.0005760581886
250400	-0.000588848046275
250500	-0.000589403280767
250600	-0.000602654072834
250700	-0.00060781291078
250800	-0.000587180065781
250900	-0.000574098316985
251000	-0.000575611801517
251100	-0.00057908091986
251200	-0.000572458059308
251300	-0.000573299322213
251400	-0.000576856424686
251500	-0.000585216140337
251600	-0.000600299164659
251700	-0.000590555215011
251800	-0.00060188096574
251900	-0.000606039861132
252000	-0.000610871545517
252100	-0.000607650546458
252200	-0.000621486691443
252300	-0.000615888034259
252400	-0.000623316123328
252500	-0.000637074619103
252600	-0.000623513046313
252700	-0.000625308306637
252800	-0.000610167249114
252900	-0.000610586750767
253000	-0.000617418307248
253100	-0.000620322472352
253200	-0.000623701630867
253300	-0.000621677406574
253400	-0.000630493244851
253500	-0.000630746731887
253600	-0.000629470831242
253700	-0.000626312381779
253800	-0.000622467062903
253900	-0.00063087061943
254000	-0.000649408683695
254100	-0.000646208905668
254200	-0.000658545196822
254300	-0.000659093154315
254400	-0.000665123195646
254500	-0.000670978780654
254600	-0.000665898805214
254700	-0.000672878688793
254800	-0.000657847911309
254900	-0.000660978713707
255000	-0.000660645620471
255100	-0.00066195542223
255200	-0.000658039840177
255300	-0.000666970227225
255400	-0.000660420469466
255500	-0.000668422958799
255600	-0.000676814038468
255700	-0.000670651725792
255800	-0.000676104903391
255900	-0.000676461288948
256000	-0.000671120225481
256100	-0.000669590050538
256200	-0.000671426272622
256300	-0.000680233231793
256400	-0.000677361181072
256500	-0.000682607426424
256600	-0.000677105082637
256700	-0.000670631916689
256800	-0.000656156263564
256900	-0.000650685150034
257000	-0.000655732955756
257100	-0.000656077922728
257200	-0.000660458051563
257300	-0.000664191759344
257400	-0.000644775401157
257500	-0.000647532829209
257600	-0.000652473144434
257700	-0.000653863727704
257800	-0.00065570679037
257900	-0.000660113128824
258000	-0.000645632620471
258100	-0.000642465585997
258200	-0.000661782224456
258300	-0.000647588403898
258400	-0.00064895466825
258500	-0.000645413323531
258600	-0.000648645284824
258700	-0.000644238655182
258800	-0.000647493450189
258900	-0.00063537644326
259000	-0.00062452110212
259100	-0.00060517753307
259200	-0.000591956326219
259300	-0.000590677318454
259400	-0.000610219024281
259500	-0.000612868764739
259600	-0.000602518315497
259700	-0.000599594872303
259800	-0.000580732159351
259900	-0.000592104165751
260000	-0.000585682822908
260100	-0.000574812967932
260200	-0.000576483778323
260300	-0.000569998072106
260400	-0.000560872247977
260500	-0.000559485003852
260600	-0.000549432626411
260700	-0.000549015366913
260800	-0.000536780024632
260900	-0.000530406017706
261000	-0.000537568444679
261100	-0.000537585720773
261200	-0.000530393522028
261300	-0.00054474634547
261400	-0.00053420391614
261500	-0.000534771987697
261600	-0.000529456000325
261700	-0.00053982097485
261800	-0.000534488890388
261900	-0.000533115082333
262000	-0.000534880316433
262100	-0.000542971105957
262200	-0.000538303705532
262300	-0.000538075990352
262400	-0.000540428610537
262500	-0.000535908380057
262600	-0.000529410897534
262700	-0.000517691660914
262800	-0.000506686195044
262900	-0.00049980350239
263000	-0.000480028286103
263100	-0.000481572026095
263200	-0.000470013306282
263300	-0.000450896900019
263400	-0.000453257978971
263500	-0.000465346312849
263600	-0.000462178206404
263700	-0.000458543564297
263800	-0.000470445488282
263900	-0.000462643332045
264000	-0.000459420844171
264100	-0.000472252602394
264200	-0.000469657980703
264300	-0.000464432374523
264400	-0.000472073973652
264500	-0.000485367617925
264600	-0.000487268574732
264700	-0.000475287318659
264800	-0.000475807007815
264900	-0.000479112491989
265000	-0.000465702077864
265100	-0.00047003475184
265200	-0.000482718430866
265300	-0.000476868274123
265400	-0.000491407285659
265500	-0.000496376412228
265600	-0.000505542426715
265700	-0.000520427948565
265800	-0.00051012894585
265900	-0.000509151011959
266000	-0.000499096394131
266100	-0.000508486983068
266200	-0.000525606749599
266300	-0.00052041165158
266400	-0.000516550055912
266500	-0.00051738351967
266600	-0.000522253098276
266700	-0.000520352191666
266800	-0.000528362020654
266900	-0.000530822240214
267000	-0.000513060770095
267100	-0.000517211915584
267200	-0.000533971192484
267300	-0.000545339781033
267400	-0.000545663884475
267500	-0.000542408639485
267600	-0.000531838631619
267700	-0.000536276792158
267800	-0.000534988476262
267900	-0.000528144744168
268000	-0.000537540952539
268100	-0.000529348605289
268200	-0.000531483615544
268300	-0.000534635822405
268400	-0.000528284526836
268500	-0.00053392178843
268600	-0.000530423539914
268700	-0.000533621236403
268800	-0.000534353040764
268900	-0.000532314313086
269000	-0.00052998489598
269100	-0.000522749670403
269200	-0.000529693629048
269300	-0.000517428605202
269400	-0.000514817062119
269500	-0.000516032905779
269600	-0.000524372114835
269700	-0.000528934998658
269800	-0.000510719843166
269900	-0.000519611341545
270000	-0.000517699452332
270100	-0.000518441497858
270200	-0.000524747681963
270300	-0.000528473213444
270400	-0.00052245559765
270500	-0.000525985877603
270600	-0.000524363940585
270700	-0.000530094403068
270800	-0.000534634594008
270900	-0.000550366953274
271000	-0.000550209986503
271100	-0.000546924080576
271200	-0.000546533951513
271300	-0.000545394965
271400	-0.000537462231301
271500	-0.000542151051473
271600	-0.000549442589569
271700	-0.000559956342436
271800	-0.000562839774118
271900	-0.000548971357052
272000	-0.000539379597851
272100	-0.000544370644102
272200	-0.000538826150953
272300	-0.000554313196304
272400	-0.000566664503024
272500	-0.000581662829804
272600	-0.000582147682392
272700	-0.000581730760161
272800	-0.000592605680268
272900	-0.000582698877878
273000	-0.000579452790216
273100	-0.000574112818817
273200	-0.000569287584982
273300	-0.000558091876457
273400	-0.000559645204782
273500	-0.000556392590311
273600	-0.000541046822979
273700	-0.000542482778008
273800	-0.000537877225714
273900	-0.000549099620345
274000	-0.000545692981024
274100	-0.000542434140011
274200	-0.000543911476636
274300	-0.000559107712298
274400	-0.000546553502274
274500	-0.000555946222183
274600	-0.000569671715215
274700	-0.00057332217193
274800	-0.00056350196872
274900	-0.000571712216644
275000	-0.000578416303044
275100	-0.000585163423355
275200	-0.000584287592763
275300	-0.000591618250091
275400	-0.000594636020315
275500	-0.000593575676073
275600	-0.000593680807555
275700	-0.000599019530771
275800	-0.000604837928668
275900	-0.000590366517642
276000	-0.000586354870327
276100	-0.000579272819544
276200	-0.000588166824422
276300	-0.000572088610049
276400	-0.000558551395286
276500	-0.000562336429493
276600	-0.000560109043996
276700	-0.000550738522569
276800	-0.000545133960643
276900	-0.000542988047059
277000	-0.000535489562424
277100	-0.000538095112979
277200	-0.000542272660055
277300	-0.000526504633007
277400	-0.000526463892835
277500	-0.000528541924349
277600	-0.000518413573289
277700	-0.000510022520337
277800	-0.000511251175305
277900	-0.000523474828767
278000	-0.000513145134671
278100	-0.000512761463851
278200	-0.000513277432574
278300	-0.000522438591945
278400	-0.000517650742972
278500	-0.000520035387494
278600	-0.000522438885418
278700	-0.000527400396931
278800	-0.000526776397771
278900	-0.00052993117693
279000	-0.000539684583393
279100	-0.000552938187618
279200	-0.000542359351664
279300	-0.000541823505892
279400	-0.00052876824046
279500	-0.000521428693172
279600	-0.000532145224111
279700	-0.00051641980217
279800	-0.000513282291163
279900	-0.000523867608421
280000	-0.000521650577377
280100	-0.000532412073352
280200	-0.000519819374775
280300	-0.0005166489468
280400	-0.000520902552123
280500	-0.000518993384244
280600	-0.000528366612729
280700	-0.000518406798069
280800	-0.000509949546089
280900	-0.00050767638603
281000	-0.000500315297689
281100	-0.000514424382586
281200	-0.000505996853252
281300	-0.000502275881602
281400	-0.000497797474738
281500	-0.000504046849133
281600	-0.000485281984209
281700	-0.000477385886054
281800	-0.000488672305167
281900	-0.000484328143948
282000	-0.000494015365369
282100	-0.000503074998614
282200	-0.00050298286055
282300	-0.000497619083468
282400	-0.000502126580311
282500	-0.000502612645152
282600	-0.000498959249959
282700	-0.000489868662103
282800	-0.000496697537579
282900	-0.00049561167006
283000	-0.000504022677896
283100	-0.000495303082197
283200	-0.000493194868349
283300	-0.000484597381575
283400	-0.000462643270574
283500	-0.000461225838966
283600	-0.000452297457801
283700	-0.000464504113999
283800	-0.000457565753297
283900	-0.000454586480264
284000	-0.000456917792402
284100	-0.000468947879133
284200	-0.000469507931245
284300	-0.000473222544765
284400	-0.000479566371346
284500	-0.000482556648268
284600	-0.000470404558103
284700	-0.000476812898038
284800	-0.000460454259619
284900	-0.000482737478052
285000	-0.000485356912814
285100	-0.000490138535917
285200	-0.000496280180216
285300	-0.000482203470346
285400	-0.000485580272712
285500	-0.000478235185088
285600	-0.000465495184201
285700	-0.000455392231212
285800	-0.000455964719325
285900	-0.000460974227037
286000	-0.000457651487016
286100	-0.000455784382048
286200	-0.000467492765428
286300	-0.000488117784925
286400	-0.000484886394208
286500	-0.000476572604297
286600	-0.000474978285892
286700	-0.000474991570618
286800	-0.000461836559879
286900	-0.000470328581705
287000	-0.000463633277667
287100	-0.000469875166076
287200	-0.000458082700791
287300	-0.000466797557536
287400	-0.00046395870615
287500	-0.000449866427813
287600	-0.000439642973178
287700	-0.000444490781141
287800	-0.000443256727353
287900	-0.000439744887565
288000	-0.000439889787909
288100	-0.000428023773639
288200	-0.000413377438599
288300	-0.000406166962124
288400	-0.000405221200665
288500	-0.000406095899167
288600	-0.000417522858789
288700	-0.000415529380027
288800	-0.00042042527139
288900	-0.000425160042556
289000	-0.000418544274878
289100	-0.000422504022792
289200	-0.000431904952523
289300	-0.00044386594273
289400	-0.000425248927678
289500	-0.000416287707991
289600	-0.000428986919682
289700	-0.000424875964197
289800	-0.000422785618006
289900	-0.000421492633898
290000	-0.000411522195348
290100	-0.000398157591498
290200	-0.000401876782555
290300	-0.000401549530369
290400	-0.000414852376535
290500	-0.000412540111042
290600	-0.000407500747678
290700	-0.000406667422154
290800	-0.000405968339128
290900	-0.000405973330407
291000	-0.000408085100949
291100	-0.000399723173998
291200	-0.000404720398976
291300	-0.000403746058363
291400	-0.000402777750002
291500	-0.000392291828157
291600	-0.000394583478342
291700	-0.000390284655986
291800	-0.000392476307996
291900	-0.000396179968468
292000	-0.000385968159154
292100	-0.000370101914494
292200	-0.000376505421609
292300	-0.000373147264218
292400	-0.000372247906079
292500	-0.000373079329714
292600	-0.000375240768709
292700	-0.000377562607859
292800	-0.000362360615443
292900	-0.00036166800827
293000	-0.000348643012323
293100	-0.000368942139206
293200	-0.000383338112664
293300	-0.000377079485353
293400	-0.00037615721451
293500	-0.00038277954766
293600	-0.000387032180624
293700	-0.000388366425715
293800	-0.000396934356105
293900	-0.000394029599471
294000	-0.00039361150112
294100	-0.000407196234967
294200	-0.000407998244002
294300	-0.000407690429917
294400	-0.000406265280546
294500	-0.00042399647904
294600	-0.000433856822376
294700	-0.000448331129019
294800	-0.000438613436668
294900	-0.000432854113326
295000	-0.000435139463799
295100	-0.000439018011719
295200	-0.000454526653819
295300	-0.000450633695214
295400	-0.000445742996245
295500	-0.000443592728507
295600	-0.000435681113906
295700	-0.000440147728085
295800	-0.000431623260408
295900	-0.000419835509503
296000	-0.000425229583978
296100	-0.00041469450393
296200	-0.00040156005834
296300	-0.000392438053949
296400	-0.000403695593182
296500	-0.00041976376626
296600	-0.000420844852429
296700	-0.000402504955891
296800	-0.000393597124684
296900	-0.000393878656478
297000	-0.000396679781496
297100	-0.000420224224063
297200	-0.00042085089976
297300	-0.00040994057959
297400	-0.000417056455816
297500	-0.000414999454454
297600	-0.0004139361275
297700	-0.000412845566201
297800	-0.000408454427526
297900	-0.000418231544691
298000	-0.000433329812931
298100	-0.00042122941081
298200	-0.000437338408934
298300	-0.000439013352591
298400	-0.000440880408086
298500	-0.000447790743587
298600	-0.000460297425366
298700	-0.000450236148236
298800	-0.000460262737585
298900	-0.000463738612714
299000	-0.000476191655635
299100	-0.00047639594373
299200	-0.000476091035111
299300	-0.000473219774621
299400	-0.00047359261388
299500	-0.000473591745292
299600	-0.000492511640355
299700	-0.000493630623467
299800	-0.000490305605347
299900	-0.00049549782699
300000	-0.000494544143004
300100	-0.000482524758242
300200	-0.000497303281738
300300	-0.000505857417727
300400	-0.000509509478801
300500	-0.0005107052806
300600	-0.000510856855998
300700	-0.000504342759148
300800	-0.000517559627926
300900	-0.000501651737892
301000	-0.000489053986109
301100	-0.000499605064921
301200	-0.000495928777736
301300	-0.00048966903041
301400	-0.000485703619637
301500	-0.000477723318404
301600	-0.000483946883179
301700	-0.000480086422541
301800	-0.000484724948788
301900	-0.000487453871969
302000	-0.000485341934616
302100	-0.000499560785729
302200	-0.00050737668335
302300	-0.000519484271422
302400	-0.000525957841304
302500	-0.000537431819865
302600	-0.000532686751807
302700	-0.000531659521783
302800	-0.000535048649478
302900	-0.000534407824442
303000	-0.000533401751057
303100	-0.000523572760046
303200	-0.000525490952592
303300	-0.000525549141676
303400	-0.000522268955894
303500	-0.000518342594258
303600	-0.000518472396314
303700	-0.000518934961177
303800	-0.000526991913335
303900	-0.000540801690973
304000	-0.000529207849245
304100	-0.000540997823819
304200	-0.000544176062518
304300	-0.000545948481895
304400	-0.00054156482543
304500	-0.000557545611698
304600	-0.000578977690005
304700	-0.000567716279501
304800	-0.000568044671582
304900	-0.000570683735532
305000	-0.000566706292494
305100	-0.000575482166586
305200	-0.000569177632909
305300	-0.000571455161786
305400	-0.000569645695663
305500	-0.000570959530049
305600	-0.000579831404852
305700	-0.000573851072787
305800	-0.000582378440851
305900	-0.000583991111844
306000	-0.000581640392167
306100	-0.000565209400409
306200	-0.000554928269556
306300	-0.000552713486593
306400	-0.000548546588757
306500	-0.000545019639203
306600	-0.000558505714288
306700	-0.000556755959655
306800	-0.000556325423648
306900	-0.000560831159018
307000	-0.000569398856793
307100	-0.000568874848159
307200	-0.000560008456915
307300	-0.000567154910545
307400	-0.000565610459868
307500	-0.00055359799747
307600	-0.000556715714417
307700	-0.000550232785066
307800	-0.000550532724914
307900	-0.000546911612208
308000	-0.000545358457202
308100	-0.000546587006766
308200	-0.000540738703015
308300	-0.000559720375035
308400	-0.000567515221351
308500	-0.000567323515842
308600	-0.00057474789004
308700	-0.000555975823955
308800	-0.000545328416531
308900	-0.000546177076228
309000	-0.000534323311553
309100	-0.00053599098612
309200	-0.000546492047504
309300	-0.000547051727415
309400	-0.000550897429375
309500	-0.000561576836566
309600	-0.000546322827334
309700	-0.000557315159518
309800	-0.00054935931882
309900	-0.000548992233841
310000	-0.000538150628532
310100	-0.000537025230804
310200	-0.000532149408851
310300	-0.000532251427196
310400	-0.000522589199198
310500	-0.000522952740811
310600	-0.000525649382012
310700	-0.000515607976321
310800	-0.000514146018765
310900	-0.000519989866771
311000	-0.000505899004878
311100	-0.000506479710925
311200	-0.000509345587748
311300	-0.000515216897418
311400	-0.000522113351351
311500	-0.000510209537383
311600	-0.000508731134844
311700	-0.000495515268254
311800	-0.000494686539854
311900	-0.000494029884336
312000	-0.000502578827108
312100	-0.000489989000453
312200	-0.000490817083731
312300	-0.000489745473835
312400	-0.000494422793448
312500	-0.000497333009947
312600	-0.000495979283629
312700	-0.000491576440298
312800	-0.000490654470927
312900	-0.00049133563315
313000	-0.000490467274424
313100	-0.000477083126874
313200	-0.000483357161064
313300	-0.000479818471628
313400	-0.000468604447927
313500	-0.000466715334615
313600	-0.000468506649798
313700	-0.000474571459478
313800	-0.0004739001752
313900	-0.000484358792728
314000	-0.000486389822113
314100	-0.000484656764756
314200	-0.00048456115593
314300	-0.000484635583064
314400	-0.000484487234333
314500	-0.000484761001166
314600	-0.000487587618581
314700	-0.000480918528556
314800	-0.000490107279655
314900	-0.000481203810936
315000	-0.00048184099135
315100	-0.000484225077379
315200	-0.000498466410868
315300	-0.000491034068731
315400	-0.000496391344614
315500	-0.000493360209053
315600	-0.000491346169161
315700	-0.000497207179428
315800	-0.000488643317438
315900	-0.000499225654456
316000	-0.00051072653345
316100	-0.000514496193049
316200	-0.000533214985957
316300	-0.000528842188321
316400	-0.000528495568695
316500	-0.000518805653266
316600	-0.000515624696619
316700	-0.00052121043839
316800	-0.000514252205681
316900	-0.000525951499793
317000	-0.000530827669499
317100	-0.000537616067187
317200	-0.000541180403088
317300	-0.000545513326495
317400	-0.000540469277662
317500	-0.000539643018941
317600	-0.000532507776642
317700	-0.000525760417269
317800	-0.000537070116439
317900	-0.000538802575764
318000	-0.000533934351709
318100	-0.000535125217877
318200	-0.000540402057538
318300	-0.00054200002405
318400	-0.000548375863994
318500	-0.000544847495671
318600	-0.000552270125985
318700	-0.000546017310931
318800	-0.000552370568873
318900	-0.000549003232433
319000	-0.000545475450687
319100	-0.000548101395238
319200	-0.000549488482754
319300	-0.000548128702449
319400	-0.000546758415869
319500	-0.0005432663259
319600	-0.000544420018839
319700	-0.000550616359982
319800	-0.000539620079261
319900	-0.000548447095868
320000	-0.000528772997567
320100	-0.000526496902544
320200	-0.000524918598843
320300	-0.000524393833942
320400	-0.000519303306926
320500	-0.000517629160652
320600	-0.000507345565705
320700	-0.000512175268177
320800	-0.000530910107057
320900	-0.000525585958243
321000	-0.000532695886966
321100	-0.000527639271217
321200	-0.000538614343648
321300	-0.000544091260492
321400	-0.000550565290045
321500	-0.000526391981523
321600	-0.000537255427416
321700	-0.000533286908779
321800	-0.00053090108032
321900	-0.000521657331001
322000	-0.000526654254591
322100	-0.000519749112936
322200	-0.000517695032004
322300	-0.000513785963391
322400	-0.000511477431708
322500	-0.000503081378264
322600	-0.000504325905005
322700	-0.000510662352225
322800	-0.000506379791931
322900	-0.000501077988371
323000	-0.000507602190512
323100	-0.000512411161767
323200	-0.000512702702187
323300	-0.000505258678804
323400	-0.000498161716827
323500	-0.000505970997768
323600	-0.000515120388148
323700	-0.000506651451908
323800	-0.000510447975856
323900	-0.000501853361809
324000	-0.000509201568574
324100	-0.000500399994399
324200	-0.000498683214653
324300	-0.000505359834579
324400	-0.000507514073947
324500	-0.000507322351772
324600	-0.000524959579562
324700	-0.000524064329726
324800	-0.00051591515967
324900	-0.000515556917211
325000	-0.000519683771197
325100	-0.000524811325653
325200	-0.000515015638925
325300	-0.000512782636956
325400	-0.000503389018617
325500	-0.000497502571399
325600	-0.00050256119134
325700	-0.000481754390399
325800	-0.000485027234994
325900	-0.00048076572127
326000	-0.000480988537134
326100	-0.000472799595513
326200	-0.00047994603961
326300	-0.000477578979413
326400	-0.000473053270649
326500	-0.000462524994596
326600	-0.000470463416642
326700	-0.000462091500775
326800	-0.000470723882965
326900	-0.000478789094867
327000	-0.000483691960364
327100	-0.000486142117984
327200	-0.00049452016238
327300	-0.000490806928825
327400	-0.00051527458164
327500	-0.000513054194375
327600	-0.000507300487751
327700	-0.000512554531362
327800	-0.000522298927059
327900	-0.000523763297671
328000	-0.000524957477122
328100	-0.000533646045958
328200	-0.000531421400951
328300	-0.000522188296094
328400	-0.000522864126154
328500	-0.000521976391212
328600	-0.00051883457976
328700	-0.000522670745845
328800	-0.000523237908646
328900	-0.000532731160743
329000	-0.000535864610221
329100	-0.000528015660629
329200	-0.000516592134656
329300	-0.000510739523423
329400	-0.000503454878082
329500	-0.000505048294671
329600	-0.000488660887857
329700	-0.000494567722211
329800	-0.000501095909957
329900	-0.000497977076322
330000	-0.000492309639882
330100	-0.000485761625474
330200	-0.000489375501746
330300	-0.000483966677374
330400	-0.000481271036571
330500	-0.000479409119754
330600	-0.000488645777577
330700	-0.000485840002015
330800	-0.000483650408927
330900	-0.000484501614037
331000	-0.000477336783603
331100	-0.000489039425765
331200	-0.000474193977225
331300	-0.000462820885524
331400	-0.000463966275647
331500	-0.000448459502205
331600	-0.000430452040503
331700	-0.000435926618836
331800	-0.000437200970531
331900	-0.000447450092189
332000	-0.000444103745537
332100	-0.000443117735502
332200	-0.000448335484307
332300	-0.000461006807943
332400	-0.000463152962654
332500	-0.000455794918062
332600	-0.000461350499704
332700	-0.000463738221616
332800	-0.000463043437737
332900	-0.000479008516737
333000	-0.000478748231501
333100	-0.000474450163588
333200	-0.000465875259441
333300	-0.000465963683606
333400	-0.000469421991842
333500	-0.000471091708144
333600	-0.00048658449486
333700	-0.00049713363236
333800	-0.000501148390424
333900	-0.000497800673889
334000	-0.00049255821435
334100	-0.000490003786961
334200	-0.000492035277063
334300	-0.000488374539354
334400	-0.000490052565591
334500	-0.000502228633361
334600	-0.000506407500661
334700	-0.00052086399501
334800	-0.000529397648068
334900	-0.000531610449833
335000	-0.000536608344975
335100	-0.000531237456629
335200	-0.00055224097628
335300	-0.00055149566137
335400	-0.000558134183573
335500	-0.000547396673823
335600	-0.000543480079308
335700	-0.000533906793833
335800	-0.000530652427929
335900	-0.000529062791695
336000	-0.000531643938721
336100	-0.000532820182609
336200	-0.000543303923547
336300	-0.00054983486037
336400	-0.00056135264309
336500	-0.000558920575735
336600	-0.000553905268775
336700	-0.000551214893647
336800	-0.000540168780281
336900	-0.000537417545901
337000	-0.000536760766677
337100	-0.000528694209269
337200	-0.000529303475924
337300	-0.000528556128349
337400	-0.000539668496942
337500	-0.000543478466864
337600	-0.00054215133539
337700	-0.000536194301578
337800	-0.000539538794862
337900	-0.000540619357015
338000	-0.000539846279585
338100	-0.000530046901715
338200	-0.000528559869269
338300	-0.00053203769713
338400	-0.000527139888591
338500	-0.000519388614514
338600	-0.000519191273303
338700	-0.00052658619278
338800	-0.000527862695775
338900	-0.000536961847382
339000	-0.00054415140837
339100	-0.000541205068178
339200	-0.000537220694708
339300	-0.000534589792083
339400	-0.000537076065996
339500	-0.000527473625326
339600	-0.000527803619237
339700	-0.000527161559207
339800	-0.000537816116512
339900	-0.000534889947524
340000	-0.000534265920284
340100	-0.000535031895553
340200	-0.000545907046939
340300	-0.00054867815131
340400	-0.000551799627519
340500	-0.000554513596491
340600	-0.000561637175168
340700	-0.000568579905025
340800	-0.000573030726909
340900	-0.000570454397966
341000	-0.000574523774539
341100	-0.000579790552945
341200	-0.000582074975302
341300	-0.000583889151296
341400	-0.000589045500769
341500	-0.000576866841627
341600	-0.000587761187303
341700	-0.00060062311999
341800	-0.000590573789251
341900	-0.000588466699631
342000	-0.000587458312508
342100	-0.000587417590917
342200	-0.000585008491456
342300	-0.000588453691502
342400	-0.000602608683528
342500	-0.00061151605433
342600	-0.000609189550212
342700	-0.000607805753526
342800	-0.000601068981965
342900	-0.000593432476308
343000	-0.000590696486374
343100	-0.000589749848948
343200	-0.000588059910669
343300	-0.000577363835641
343400	-0.000583500143341
343500	-0.000589757076003
343600	-0.000578730300438
343700	-0.000586773540264
343800	-0.000590695838656
343900	-0.000597234116947
344000	-0.000596157112031
344100	-0.000597335109008
344200	-0.000586440993089
344300	-0.000578374145936
344400	-0.000590090304303
344500	-0.000593245516015
344600	-0.000589386334909
344700	-0.000595442489782
344800	-0.000592755740322
344900	-0.000594174918222
345000	-0.000597180550685
345100	-0.000598357493586
345200	-0.000593560390533
345300	-0.000594937668469
345400	-0.000604359848538
345500	-0.000606185130508
345600	-0.000598598210235
345700	-0.000589482270778
345800	-0.000590281059543
345900	-0.000575230349574
346000	-0.000582663697587
346100	-0.00059370013201
346200	-0.000591128962672
346300	-0.000593132271178
346400	-0.000594277931474
346500	-0.000591195918148
346600	-0.000591221588941
346700	-0.000585828328822
346800	-0.000576272197629
346900	-0.00057730656998
347000	-0.000576450376777
347100	-0.000582271612614
347200	-0.000580190666931
347300	-0.000576159595808
347400	-0.000572356331583
347500	-0.00057565719884
347600	-0.00057618697319
347700	-0.000579729433792
347800	-0.000569936784692
347900	-0.00057460425108
348000	-0.000568327221098
348100	-0.000570605445886
348200	-0.000566961426
348300	-0.000555500278165
348400	-0.000558437268015
348500	-0.00054617234302
348600	-0.000546088922378
348700	-0.000531725180203
348800	-0.000537753855015
348900	-0.000544420553335
349000	-0.000539684581123
349100	-0.000540502213901
349200	-0.000540085218269
349300	-0.000525552836743
349400	-0.000525091916745
349500	-0.000530024702869
349600	-0.000530010389836
349700	-0.000525156415961
349800	-0.000531819102855
349900	-0.000540256487655
