100	0.0814377168095
200	0.0828854907486
300	0.082023956553
400	0.0851537841623
500	0.0838926459138
600	0.0847817354988
700	0.0851039994319
800	0.0849365306597
900	0.0838371517048
1000	0.0847683305341
1100	0.0835408032175
1200	0.0834587440348
1300	0.0840266934718
1400	0.0846589592907
1500	0.084100675626
1600	0.0840023065102
1700	0.0845143438916
1800	0.0846192498203
1900	0.0848821649127
2000	0.0842672227769
2100	0.0845848237445
2200	0.0847693939344
2300	0.0842163526257
2400	0.0845729654426
2500	0.0846035014642
2600	0.0835784043641
2700	0.0832461124756
2800	0.0835827207815
2900	0.0831287682613
3000	0.0833070777094
3100	0.0829232426724
3200	0.0826096933315
3300	0.082594070106
3400	0.0823861206803
3500	0.0821745722847
3600	0.082260017218
3700	0.0821656767829
3800	0.0822349222784
3900	0.081810191675
4000	0.0819487750036
4100	0.0820157942598
4200	0.0820874517012
4300	0.08246751407
4400	0.082698050339
4500	0.0825870083946
4600	0.0826701843611
4700	0.0826447903212
4800	0.0824024325769
4900	0.082338234812
5000	0.0822327768484
5100	0.0822670008914
5200	0.0823570805387
5300	0.0823480723106
5400	0.0824859289645
5500	0.0825569841225
5600	0.0827535900891
5700	0.0828433402635
5800	0.0825685059141
5900	0.0828339599823
6000	0.0826219126445
6100	0.0828545361515
6200	0.0829027536462
6300	0.0828235714578
6400	0.0827774145824
6500	0.0827758074606
6600	0.0827399690661
6700	0.0826319731517
6800	0.082594343836
6900	0.0825437393271
7000	0.0826061421142
7100	0.0826630348403
7200	0.0824837738605
7300	0.0826711322042
7400	0.0828475806721
7500	0.0827907336157
7600	0.0827558101806
7700	0.0829623071786
7800	0.0829801342311
7900	0.0829190248103
8000	0.0828219950617
8100	0.082966003694
8200	0.0829067329108
8300	0.0829166006009
8400	0.0828952121905
8500	0.0829155347575
8600	0.0827459218856
8700	0.0827803755515
8800	0.0828958166469
8900	0.0828996848069
9000	0.0829933954741
9100	0.083033012802
9200	0.083097604809
9300	0.0830357642027
9400	0.083094716029
9500	0.0830888917208
9600	0.0831428231005
9700	0.0831722329807
9800	0.083249118179
9900	0.0833709950059
10000	0.0833566045115
10100	0.0832206318179
10200	0.0831079494321
10300	0.0831183092959
10400	0.0830804684712
10500	0.0830253856713
10600	0.0829831254091
10700	0.0828332554176
10800	0.0829125597677
10900	0.082905743347
11000	0.0828279233587
11100	0.0826775048474
11200	0.0827495308858
11300	0.0828007997413
11400	0.082898485322
11500	0.0829325632246
11600	0.0828866081606
11700	0.0828633824029
11800	0.0828676274068
11900	0.0828338052055
12000	0.0829555281545
12100	0.0829673953229
12200	0.0828926275037
12300	0.0828674504808
12400	0.0828930425682
12500	0.0828802137352
12600	0.0828605381688
12700	0.0828259669238
12800	0.0828372627664
12900	0.0828372111239
13000	0.0828562550804
13100	0.0828594771517
13200	0.0829225423051
13300	0.0828997645244
13400	0.0827927598005
13500	0.0826892652546
13600	0.0827292309119
13700	0.0826149047066
13800	0.0825153561689
13900	0.082544413744
14000	0.0826107424202
14100	0.0826583556191
14200	0.0826216133032
14300	0.082628722148
14400	0.0826444965677
14500	0.0827317044801
14600	0.0827418203344
14700	0.0827785255709
14800	0.0827380579589
14900	0.0827067254882
15000	0.0828459005331
15100	0.082826197778
15200	0.0828134449082
15300	0.0828123255386
15400	0.0828497431125
15500	0.0828575025958
15600	0.0828205226564
15700	0.0827918719261
15800	0.0828339500745
15900	0.0828892475083
16000	0.0828692406863
16100	0.082881140004
16200	0.0828505495308
16300	0.0829092007594
16400	0.0829615435179
16500	0.0829780459709
16600	0.0829364104174
16700	0.0828899557185
16800	0.0829472121342
16900	0.0829308364719
17000	0.0829617088844
17100	0.0829775002422
17200	0.0829202933145
17300	0.0829567921587
17400	0.0830129061624
17500	0.0829978200386
17600	0.0830641892943
17700	0.0830236099904
17800	0.0829626190894
17900	0.0830099976638
18000	0.0830187608367
18100	0.0830122424088
18200	0.0830287555775
18300	0.0830726923614
18400	0.0830370874847
18500	0.0829825931
18600	0.0829451324184
18700	0.0829392992331
18800	0.0829990792548
18900	0.0829857992192
19000	0.082940860096
19100	0.0828879774723
19200	0.0828570663366
19300	0.0828574426917
19400	0.0828467069397
19500	0.0828050118114
19600	0.0827611365248
19700	0.0827576600659
19800	0.0827091183411
19900	0.0827409526269
20000	0.0827744712641
20100	0.082739823479
20200	0.0827710364082
20300	0.0827837858554
20400	0.0827697946402
20500	0.0827580210287
20600	0.0828236366196
20700	0.0827529254991
20800	0.0828207511753
20900	0.0828242089547
21000	0.0828542278221
21100	0.0828007408714
21200	0.0828139818168
21300	0.0828515072556
21400	0.0828256876193
21500	0.0828102304707
21600	0.0828382236709
21700	0.0827972351596
21800	0.0828215746441
21900	0.0828198336703
22000	0.0828393538314
22100	0.0828871948336
22200	0.0828505263996
22300	0.0828231542333
22400	0.0828003788568
22500	0.0828458900136
22600	0.0828072459378
22700	0.0828187565755
22800	0.0828654828094
22900	0.0828843076468
23000	0.0829149136261
23100	0.0829589411544
23200	0.0830160496189
23300	0.0830254384836
23400	0.0830559852385
23500	0.0830989120556
23600	0.0830832545792
23700	0.0830817140515
23800	0.0830489370463
23900	0.0830591571841
24000	0.0830421772398
24100	0.083037923447
24200	0.0830135177991
24300	0.0829810205119
24400	0.0829675654418
24500	0.0829589758992
24600	0.083009551527
24700	0.0829707385776
24800	0.0830043332645
24900	0.0829548046777
25000	0.0829617138221
25100	0.0829726926508
25200	0.0830010685833
25300	0.0829384402275
25400	0.0829355791542
25500	0.0829717944921
25600	0.0829459409728
25700	0.0828803337061
25800	0.0828310803555
25900	0.082874258643
26000	0.0828666336762
26100	0.0828371624989
26200	0.0829165995046
26300	0.0829053718632
26400	0.0829157680185
26500	0.0828718823756
26600	0.0828617287311
26700	0.0828293448423
26800	0.0828019605165
26900	0.0827635607212
27000	0.0827823926257
27100	0.0827664533998
27200	0.0827754260192
27300	0.0827524176302
27400	0.0827762232977
27500	0.0827863457727
27600	0.0827863896385
27700	0.0828163455141
27800	0.0828419093666
27900	0.0828373195934
28000	0.0829026073831
28100	0.0829078621626
28200	0.082908153178
28300	0.0829486362261
28400	0.0829545815755
28500	0.0829482459393
28600	0.0829145392795
28700	0.0829108523712
28800	0.0829538175314
28900	0.0829510619232
29000	0.0829697012213
29100	0.0829837780112
29200	0.0829574794309
29300	0.0829396414952
29400	0.0828839823537
29500	0.0828217430279
29600	0.0828093947331
29700	0.082806587624
29800	0.0828331871502
29900	0.0828691114168
30000	0.0828516953487
30100	0.0828466346335
30200	0.0828249440637
30300	0.0828084100753
30400	0.0827701660041
30500	0.0827757182514
30600	0.0827607998302
30700	0.0827829287897
30800	0.0827984234144
30900	0.0828030255837
31000	0.0827913279328
31100	0.082825379477
31200	0.0828240608083
31300	0.0828368696118
31400	0.0828645105391
31500	0.0828166667938
31600	0.0828228029881
31700	0.0828363866277
31800	0.0828103571304
31900	0.0828206670663
32000	0.082808541209
32100	0.0827791888559
32200	0.0827540166201
32300	0.0827432126544
32400	0.0827449529011
32500	0.0826988411335
32600	0.0826643357527
32700	0.0826358335405
32800	0.082651476808
32900	0.0826703407144
33000	0.0826595169124
33100	0.0826510149073
33200	0.0826709207385
33300	0.0826796416998
33400	0.0826804075093
33500	0.0826780203973
33600	0.0826726617948
33700	0.0826839671244
33800	0.0827048083825
33900	0.0826783992398
34000	0.0826924364544
34100	0.0827141103689
34200	0.0826869189071
34300	0.0826795499273
34400	0.0826529876013
34500	0.082671666635
34600	0.082655065615
34700	0.0826392593002
34800	0.082641940692
34900	0.0826514914413
35000	0.0827135827258
35100	0.0827366014838
35200	0.0827579812847
35300	0.0827450613211
35400	0.0827067973336
35500	0.0826862160133
35600	0.082708025931
35700	0.0826975748749
35800	0.0827031422643
35900	0.0827299825989
36000	0.0827196891631
36100	0.0827030244126
36200	0.0826671172829
36300	0.0826871295089
36400	0.0826796249634
36500	0.0826789362516
36600	0.0826970292234
36700	0.0827267721408
36800	0.0827455354794
36900	0.0827318295667
37000	0.082752802658
37100	0.0827598982908
37200	0.082751006256
37300	0.0827597801276
37400	0.0827643342924
37500	0.0827647371848
37600	0.0827724162061
37700	0.0827627168974
37800	0.0827704430276
37900	0.082736919071
38000	0.0827665429628
38100	0.0827586901796
38200	0.082751457761
38300	0.0827502496367
38400	0.0827418226811
38500	0.0827343042206
38600	0.0827629997525
38700	0.0827866437512
38800	0.082782599218
38900	0.0827936007944
39000	0.0827973569585
39100	0.0827514524371
39200	0.0827562327981
39300	0.0827337211158
39400	0.0827469267034
39500	0.0827675692434
39600	0.0827663900964
39700	0.0828104007513
39800	0.0828493183948
39900	0.0828525821871
40000	0.0828624242162
40100	0.0828969556791
40200	0.0828959644112
40300	0.082900594484
40400	0.0828959730981
40500	0.0829030989091
40600	0.082913817639
40700	0.0828875520712
40800	0.0828750094436
40900	0.0828791248355
41000	0.0828691432227
41100	0.0828764028439
41200	0.0828769007259
41300	0.0828986052306
41400	0.0828981165295
41500	0.0829059755703
41600	0.082896576598
41700	0.0829063718577
41800	0.0829039973926
41900	0.0828745407067
42000	0.0828809813446
42100	0.0828639319974
42200	0.0828551802288
42300	0.0828816673176
42400	0.0828504132982
42500	0.0828489270584
42600	0.082846328458
42700	0.0828302644042
42800	0.0828239459091
42900	0.0828307164794
43000	0.0828354239513
43100	0.0828310322471
43200	0.0828263936591
43300	0.0828447375529
43400	0.0828651125159
43500	0.0828751736539
43600	0.0828867420384
43700	0.0828939700212
43800	0.0828989965475
43900	0.0828963327826
44000	0.0828960230623
44100	0.0828848620379
44200	0.0828903598707
44300	0.0828806922094
44400	0.0828876365322
44500	0.0829037483559
44600	0.0829141416788
44700	0.0828888355239
44800	0.0828959255497
44900	0.0829082600335
45000	0.0829336134059
45100	0.0829466947029
45200	0.0829404198591
45300	0.0829474899497
45400	0.0829519234488
45500	0.0829496928414
45600	0.0829295609174
45700	0.0829220436149
45800	0.082913965135
45900	0.0828967581614
46000	0.0828704448926
46100	0.0828744647139
46200	0.08286949239
46300	0.0828624403962
46400	0.082887643245
46500	0.0829215063798
46600	0.0829089054334
46700	0.0829113721043
46800	0.0828976470595
46900	0.0829255031772
47000	0.0829277219286
47100	0.0829325569678
47200	0.0829396407604
47300	0.0829098156282
47400	0.0829305149285
47500	0.0829616214095
47600	0.0829543710993
47700	0.0829340757317
47800	0.0829435997091
47900	0.0829338658836
48000	0.0829566696601
48100	0.0829666254748
48200	0.0829760067802
48300	0.0829685112616
48400	0.0829691183258
48500	0.0829499666381
48600	0.0829490304007
48700	0.0829640017825
48800	0.0829725388897
48900	0.0829742180699
49000	0.0829646361285
49100	0.082993343391
49200	0.0830011714358
49300	0.0830041429969
49400	0.0830163886886
49500	0.0830210684839
49600	0.0830526871577
49700	0.0830715146893
49800	0.0830624628122
49900	0.083064947336
50000	0.0830487222206
50100	0.0830431396276
50200	0.0830114897746
50300	0.0830245975057
50400	0.0830194188619
50500	0.0830196090604
50600	0.082998781763
50700	0.083008152273
50800	0.0829915623324
50900	0.0829695645516
51000	0.0829950167771
51100	0.0829912056616
51200	0.0829817962371
51300	0.0829647059772
51400	0.082955510633
51500	0.0829495198892
51600	0.0829795765657
51700	0.0830130329755
51800	0.0830220889893
51900	0.0830094726021
52000	0.0830033439716
52100	0.0830002059098
52200	0.0830107203412
52300	0.0829979200275
52400	0.0830154084768
52500	0.083023120064
52600	0.0830425589457
52700	0.0830558705002
52800	0.0830527083196
52900	0.0830399480507
53000	0.0830252770046
53100	0.0830279488485
53200	0.083027582956
53300	0.083016478958
53400	0.0830044208136
53500	0.0830084443696
53600	0.0830189906586
53700	0.083025856808
53800	0.0830156290693
53900	0.0830341594576
54000	0.083042860534
54100	0.0830280749743
54200	0.0830411205796
54300	0.083036498705
54400	0.0830314260812
54500	0.0830273070883
54600	0.0830268192907
54700	0.0830247233892
54800	0.0830042854556
54900	0.0830269354046
55000	0.0830394969006
55100	0.0830375241473
55200	0.083043486458
55300	0.0830596317435
55400	0.0830551736685
55500	0.0830572449667
55600	0.0830542515721
55700	0.0830480224945
55800	0.0830366503459
55900	0.083029775176
56000	0.0830382520034
56100	0.0830411321957
56200	0.0830398683307
56300	0.0830413118907
56400	0.0830326354298
56500	0.0830405602019
56600	0.0830354974683
56700	0.0830456577546
56800	0.0830659741725
56900	0.0830499334092
57000	0.0830682235495
57100	0.0830409121258
57200	0.0830656812931
57300	0.0830759161221
57400	0.0830556469778
57500	0.0830591412189
57600	0.0830519456291
57700	0.0830634676656
57800	0.0830743900958
57900	0.0830909412197
58000	0.0830927881939
58100	0.0831170680592
58200	0.0831197333869
58300	0.0830967631554
58400	0.0830959451504
58500	0.0831142420342
58600	0.083103742743
58700	0.0831164211193
58800	0.0830904099299
58900	0.0830855938543
59000	0.0831065620654
59100	0.0831082685902
59200	0.0831319627694
59300	0.083159868469
59400	0.0831702907324
59500	0.0831830255294
59600	0.0831714192102
59700	0.0831838642223
59800	0.083199879875
59900	0.0831891991606
60000	0.0831831586917
60100	0.083187641794
60200	0.0831976305123
60300	0.0831782446813
60400	0.083169063305
60500	0.0831764364757
60600	0.0831783560333
60700	0.0831900896839
60800	0.0831966708738
60900	0.083214361417
61000	0.0832198870143
61100	0.0832477435376
61200	0.0832546973795
61300	0.0832490593688
61400	0.0832652280281
61500	0.0832655144008
61600	0.0832731597587
61700	0.0832788569225
61800	0.0832545589179
61900	0.0832508404041
62000	0.0832468731844
62100	0.0832418639518
62200	0.0832530544163
62300	0.0832519007831
62400	0.0832587845266
62500	0.0832683740975
62600	0.0832718735904
62700	0.0832560555409
62800	0.0832448214313
62900	0.0832482722348
63000	0.0832601455535
63100	0.0832613452284
63200	0.0832569982127
63300	0.0832534818376
63400	0.0832647822896
63500	0.0832650823839
63600	0.0832614782668
63700	0.0832563058415
63800	0.0832643210188
63900	0.0832501679143
64000	0.0832480591284
64100	0.0832384340847
64200	0.0832415372947
64300	0.0832479475424
64400	0.0832477924811
64500	0.0832555148456
64600	0.0832509534236
64700	0.0832550189131
64800	0.0832480867753
64900	0.083266727971
65000	0.0832754247363
65100	0.0832689519124
65200	0.0832798061339
65300	0.0832767346725
65400	0.0832710080613
65500	0.0832821686442
65600	0.083282499285
65700	0.0832945837432
65800	0.0833047042314
65900	0.0833236264735
66000	0.0833508347637
66100	0.0833407626668
66200	0.0833667666167
66300	0.0833610144771
66400	0.083360029121
66500	0.0833484222201
66600	0.0833732266437
66700	0.0833496485937
66800	0.0833503875718
66900	0.0833618419331
67000	0.0833607328586
67100	0.0833544108243
67200	0.0833613510997
67300	0.0833789275181
67400	0.0833902508795
67500	0.0833872086447
67600	0.083405248423
67700	0.0833986411126
67800	0.0833869718191
67900	0.0834037216687
68000	0.0834207191737
68100	0.0834135236035
68200	0.0834219428994
68300	0.08342031647
68400	0.0834338157498
68500	0.0834374414704
68600	0.0834366343548
68700	0.083435571574
68800	0.0834454381406
68900	0.0834392266834
69000	0.0834395019162
69100	0.0834287562907
69200	0.0834157330937
69300	0.0834169066605
69400	0.0834104031997
69500	0.0833906414212
69600	0.0833961596961
69700	0.0833945336179
69800	0.083378190754
69900	0.0833918482277
70000	0.0833918067706
70100	0.0833846137711
70200	0.0833786726898
70300	0.0833797693289
70400	0.0833717276239
70500	0.0833859947717
70600	0.0833853648885
70700	0.083392981044
70800	0.0833934317193
70900	0.083395111454
71000	0.0833952925534
71100	0.0834104687674
71200	0.0834047833003
71300	0.0833999840601
71400	0.0834054190262
71500	0.0834100586138
71600	0.0834121084212
71700	0.0834118998976
71800	0.0834102977774
71900	0.0834309547708
72000	0.0834201477071
72100	0.0834104958221
72200	0.0834051021776
72300	0.0833958301053
72400	0.0833942675327
72500	0.0834073314762
72600	0.0834261245669
72700	0.0834267939864
72800	0.0834347581631
72900	0.0834317979489
73000	0.0834404703752
73100	0.083446748411
73200	0.0834588888624
73300	0.0834798783592
73400	0.0834693788095
73500	0.0834616081748
73600	0.0834492730149
73700	0.0834646130908
73800	0.0834709775968
73900	0.0834821422669
74000	0.0834938370318
74100	0.0834952554156
74200	0.0834942340819
74300	0.083480339995
74400	0.0834858724445
74500	0.0834823717485
74600	0.0835049243798
74700	0.0834944129815
74800	0.0834996661874
74900	0.0835089053675
75000	0.0835086421587
75100	0.0834860435528
75200	0.0834943444968
75300	0.0834969666262
75400	0.0834919407232
75500	0.0835125219042
75600	0.0835006448614
75700	0.0834926022664
75800	0.0835053456874
75900	0.0835027203835
76000	0.0834980518653
76100	0.0834753512819
76200	0.0834741992866
76300	0.083480367101
76400	0.0834816552906
76500	0.0834906870287
76600	0.0834936483135
76700	0.0834999977082
76800	0.0835008275603
76900	0.0835006269447
77000	0.0834859522999
77100	0.0834650866585
77200	0.083460922861
77300	0.0834760735909
77400	0.0834815999842
77500	0.0834967129051
77600	0.0834934940162
77700	0.0835059560673
77800	0.0834968929114
77900	0.0834877889472
78000	0.0834769763445
78100	0.0834678503351
78200	0.0834671321437
78300	0.083478657063
78400	0.083480781754
78500	0.0834652610104
78600	0.0834557672775
78700	0.0834553498344
78800	0.0834563372084
78900	0.0834636328782
79000	0.0834631022751
79100	0.0834802867007
79200	0.0834768299055
79300	0.0834692184354
79400	0.0834723519439
79500	0.0834760445953
79600	0.0834681966413
79700	0.0834565484503
79800	0.0834555012057
79900	0.0834611279632
80000	0.0834624505127
80100	0.0834721393298
80200	0.083469457589
80300	0.0834578388324
80400	0.0834539249013
80500	0.0834409246961
80600	0.0834492953992
80700	0.0834587395703
80800	0.0834590390147
80900	0.0834555012926
81000	0.0834621817232
81100	0.0834720155084
81200	0.0834653513899
81300	0.0834563663325
81400	0.0834582154309
81500	0.0834712429378
81600	0.0834656620114
81700	0.0834521231295
81800	0.0834494450672
81900	0.0834475063831
82000	0.0834393610701
82100	0.0834387184253
82200	0.0834459903747
82300	0.0834476315658
82400	0.0834562966917
82500	0.0834407683824
82600	0.0834488234068
82700	0.0834462571276
82800	0.0834497449523
82900	0.0834425514412
83000	0.0834418856927
83100	0.0834335972553
83200	0.0834473194246
83300	0.0834494498694
83400	0.0834587050084
83500	0.0834710255493
83600	0.0834613418446
83700	0.0834529490007
83800	0.0834583254636
83900	0.0834506430314
84000	0.0834570536139
84100	0.0834546252335
84200	0.0834679330454
84300	0.083458477862
84400	0.0834397096687
84500	0.0834439952362
84600	0.0834443912086
84700	0.0834357850565
84800	0.0834303714688
84900	0.0834362039284
85000	0.0834242832136
85100	0.0834214185004
85200	0.0834413650163
85300	0.0834352117461
85400	0.0834196064871
85500	0.0834164316858
85600	0.0834098982888
85700	0.0834189120912
85800	0.0834195625314
85900	0.0834256520488
86000	0.0834232142134
86100	0.0834233010044
86200	0.0834268932049
86300	0.0834252896951
86400	0.0834350761624
86500	0.08342224542
86600	0.0834155324771
86700	0.0834097273864
86800	0.0833976214194
86900	0.0834029301211
87000	0.0833989290493
87100	0.0833963077056
87200	0.0833934383282
87300	0.0833971934335
87400	0.0833953906864
87500	0.0834015131739
87600	0.0834185543301
87700	0.0834079975109
87800	0.0834199000354
87900	0.0834220169178
88000	0.0834272756515
88100	0.0834300587734
88200	0.0834248624662
88300	0.0834231845482
88400	0.0834271546378
88500	0.0834269876229
88600	0.0834280532695
88700	0.0834303500445
88800	0.0834320565184
88900	0.0834328141048
89000	0.0834380391208
89100	0.0834380418915
89200	0.0834274903353
89300	0.083438871046
89400	0.0834241300941
89500	0.0834271653545
89600	0.0834188551573
89700	0.0834129253612
89800	0.0834122046362
89900	0.0834103444297
90000	0.0834136043739
90100	0.0834016183841
90200	0.0834019442083
90300	0.0834024305394
90400	0.0833936273008
90500	0.0834062053454
90600	0.0834089041175
90700	0.0834183770553
90800	0.0834223999041
90900	0.0834228614818
91000	0.0834180062946
91100	0.083424555988
91200	0.083409823193
91300	0.0834024802283
91400	0.0833979350196
91500	0.0833905488944
91600	0.0834086877947
91700	0.0834168260924
91800	0.0834086971422
91900	0.083408720111
92000	0.0834207561395
92100	0.0834364607046
92200	0.0834344825951
92300	0.0834399527259
92400	0.0834424483854
92500	0.0834501183087
92600	0.0834513531406
92700	0.0834324022335
92800	0.08342073855
92900	0.0834140724835
93000	0.0834052347698
93100	0.0834072099273
93200	0.0834051075423
93300	0.0833961357422
93400	0.0834105727238
93500	0.0834000342677
93600	0.0833935126375
93700	0.0834112250217
93800	0.0834206215194
93900	0.0834091898886
94000	0.0834072280614
94100	0.0833916045504
94200	0.0833901184579
94300	0.0833964209953
94400	0.0834117971408
94500	0.0834127444576
94600	0.083418154929
94700	0.0834185522973
94800	0.0834245846167
94900	0.083426044199
95000	0.0834341299074
95100	0.0834419627648
95200	0.083433923101
95300	0.0834342991113
95400	0.0834435091483
95500	0.0834447353415
95600	0.0834438271438
95700	0.0834506289472
95800	0.0834504294099
95900	0.0834611161468
96000	0.0834758720407
96100	0.0834702989031
96200	0.0834722291559
96300	0.0834756058983
96400	0.0834837568681
96500	0.0834750140455
96600	0.083475994095
96700	0.0834737686765
96800	0.0834605584716
96900	0.0834440767709
97000	0.0834498565176
97100	0.0834544989673
97200	0.0834581534157
97300	0.0834569430495
97400	0.083470919212
97500	0.0834702138348
97600	0.0834693167691
97700	0.0834802138352
97800	0.0834781851893
97900	0.0834714024304
98000	0.0834637485094
98100	0.0834742013113
98200	0.0834726714856
98300	0.0834832986792
98400	0.083496062146
98500	0.0834932396973
98600	0.0834924425454
98700	0.083497366069
98800	0.0834945916751
98900	0.0834955867003
99000	0.0834787294859
99100	0.0834701355073
99200	0.0834689185572
99300	0.0834670146892
99400	0.0834697161551
99500	0.0834715413115
99600	0.0834633944316
99700	0.0834602589326
99800	0.0834644870287
99900	0.0834710264021
100000	0.083472971049
100100	0.0834715721641
100200	0.0834735559226
100300	0.0834755625645
100400	0.0834639309352
100500	0.0834688470123
100600	0.0834707556269
100700	0.0834652538747
100800	0.0834744953175
100900	0.083475849491
101000	0.0834755409914
101100	0.0834669765261
101200	0.0834650092882
101300	0.0834773449875
101400	0.0834805749107
101500	0.0834765897736
101600	0.0834700724867
101700	0.0834636931171
101800	0.0834525141966
101900	0.0834410212463
102000	0.0834472558073
102100	0.0834433750557
102200	0.0834455381039
102300	0.0834445779197
102400	0.0834403425902
102500	0.0834331969655
102600	0.0834260374085
102700	0.083414694213
102800	0.0834132823329
102900	0.0834036886394
103000	0.0833981274607
103100	0.0834082997564
103200	0.0834076447822
103300	0.0833966949696
103400	0.0833878122266
103500	0.083388528377
103600	0.0833779734991
103700	0.0833843429161
103800	0.0833812172364
103900	0.0833723291954
104000	0.0833789393792
104100	0.0833728516496
104200	0.0833791124955
104300	0.0833911898035
104400	0.0833992253234
104500	0.0833987279197
104600	0.0833956779695
104700	0.0833846232368
104800	0.0833925304644
104900	0.0833946651491
105000	0.0833995822922
105100	0.0834185823804
105200	0.0834312718998
105300	0.0834345308663
105400	0.0834190441561
105500	0.0834175714488
105600	0.083407876284
105700	0.0834062255904
105800	0.0834016478339
105900	0.0834091534185
106000	0.0834056123637
106100	0.0833952960077
106200	0.083404856501
106300	0.083402469776
106400	0.0834097387444
106500	0.0834069954283
106600	0.0833985046938
106700	0.0834059629876
106800	0.0834166627569
106900	0.0834147523173
107000	0.083423407398
107100	0.0834219038963
107200	0.0834255484964
107300	0.0834309674891
107400	0.0834304459156
107500	0.0834275414762
107600	0.0834240217457
107700	0.0834270097546
107800	0.0834283169217
107900	0.0834263561074
108000	0.0834178065359
108100	0.0834182760834
108200	0.0834222614478
108300	0.0834299575236
108400	0.0834297560501
108500	0.0834308880481
108600	0.0834266417368
108700	0.0834212150583
108800	0.0834180735225
108900	0.0834233269127
109000	0.0834219622351
109100	0.0834232591292
109200	0.0834275972536
109300	0.0834320473407
109400	0.0834296714229
109500	0.0834206502479
109600	0.0834136722021
109700	0.083410324746
109800	0.083413074735
109900	0.0834126187437
110000	0.083407131712
110100	0.0834075970052
110200	0.08341109981
110300	0.0834064734353
110400	0.083404978916
110500	0.0834184711931
110600	0.0834261277246
110700	0.0834312639455
110800	0.083441032773
110900	0.0834470062758
111000	0.0834534118067
111100	0.0834602551945
111200	0.083460536196
111300	0.0834619174553
111400	0.0834578202352
111500	0.0834619120768
111600	0.0834521054902
111700	0.0834513789293
111800	0.0834441764728
111900	0.0834492437703
112000	0.0834473597331
112100	0.0834530756034
112200	0.0834438629672
112300	0.0834376566564
112400	0.083441468043
112500	0.0834493107912
112600	0.0834361534989
112700	0.0834274123451
112800	0.083422399763
112900	0.0834113288413
113000	0.0834212588168
113100	0.0834335046095
113200	0.0834480072515
113300	0.0834517698484
113400	0.0834419424418
113500	0.0834382127546
113600	0.0834461185857
113700	0.0834424242072
113800	0.0834358439245
113900	0.0834409101569
114000	0.0834348089797
114100	0.0834295858468
114200	0.0834222697644
114300	0.0834269025364
114400	0.083431289035
114500	0.0834312721245
114600	0.0834306070783
114700	0.0834308522721
114800	0.0834305789675
114900	0.0834208061373
115000	0.0834210359242
115100	0.0834426692819
115200	0.083446091422
115300	0.0834464348359
115400	0.0834566592215
115500	0.0834581557442
115600	0.0834541176661
115700	0.0834591059798
115800	0.0834562292479
115900	0.0834664335621
116000	0.0834697651515
116100	0.0834665804339
116200	0.0834666629058
116300	0.0834592613191
116400	0.083450794991
116500	0.083449263164
116600	0.0834422770013
116700	0.0834523171155
116800	0.0834515287228
116900	0.0834443076987
117000	0.0834343756918
117100	0.083424543418
117200	0.0834173935192
117300	0.0834072363625
117400	0.0834004366488
117500	0.0833982902827
117600	0.0834062618476
117700	0.0834034669674
117800	0.0833989515203
117900	0.0833973500768
118000	0.0833938200134
118100	0.0833903267444
118200	0.0833969307864
118300	0.0833995019662
118400	0.0834011103274
118500	0.083403995533
118600	0.08339325092
118700	0.0833988470738
118800	0.0833952637754
118900	0.083398109313
119000	0.0834106359423
119100	0.0834090011122
119200	0.0834109372714
119300	0.0834156811327
119400	0.0834127170373
119500	0.0833987114748
119600	0.0834065296758
119700	0.0834153235297
119800	0.0834130902989
119900	0.0834154805398
120000	0.0834163648835
120100	0.0834076308852
120200	0.0834007762851
120300	0.0834022840994
120400	0.0834027022998
120500	0.0834045968521
120600	0.0834021846753
120700	0.0834004980538
120800	0.0834007852446
120900	0.0834021409674
121000	0.0834054537697
121100	0.0833938238074
121200	0.0833870882782
121300	0.083387876269
121400	0.0833898094111
121500	0.0833958320984
121600	0.0833919874943
121700	0.0833843212746
121800	0.083386546809
121900	0.0833811409149
122000	0.083371866977
122100	0.083363883531
122200	0.0833626743562
122300	0.0833709859079
122400	0.0833644403364
122500	0.0833582364587
122600	0.0833566340272
122700	0.0833634929692
122800	0.0833692959259
122900	0.0833663216802
123000	0.0833738815571
123100	0.083365282181
123200	0.0833646751467
123300	0.0833582436465
123400	0.0833525285451
123500	0.0833411026385
123600	0.0833448946969
123700	0.0833346882261
123800	0.0833384035909
123900	0.0833378301889
124000	0.0833423897071
124100	0.0833380653692
124200	0.0833437154113
124300	0.083341461781
124400	0.0833364460693
124500	0.0833363280706
124600	0.0833339409774
124700	0.0833320178984
124800	0.0833387247239
124900	0.0833361794269
125000	0.0833447452869
125100	0.083344846705
125200	0.083336423752
125300	0.0833426648802
125400	0.0833562901643
125500	0.0833437613131
125600	0.0833584568838
125700	0.0833615459057
125800	0.0833620300614
125900	0.0833653406822
126000	0.0833621459269
126100	0.0833623735022
126200	0.0833581094273
126300	0.0833632555126
126400	0.0833758451324
126500	0.0833729937409
126600	0.0833776213143
126700	0.0833772184229
126800	0.083373337847
126900	0.0833655057747
127000	0.0833671934002
127100	0.0833581747808
127200	0.0833618460824
127300	0.0833578134052
127400	0.083359579746
127500	0.0833529877029
127600	0.083351979562
127700	0.083348685204
127800	0.0833473485333
127900	0.0833474297536
128000	0.0833452011787
128100	0.083348007468
128200	0.0833441427534
128300	0.0833478703606
128400	0.0833453897466
128500	0.0833426261564
128600	0.083347254931
128700	0.0833459602185
128800	0.0833577819451
128900	0.0833520422604
129000	0.083351914725
129100	0.0833631265074
129200	0.0833574007559
129300	0.083359863767
129400	0.0833665264715
129500	0.0833825694871
129600	0.0833851721179
129700	0.0833849067172
129800	0.0833743421184
129900	0.0833742143895
130000	0.0833757368718
130100	0.0833728408849
130200	0.0833683548878
130300	0.0833751460807
130400	0.083377564312
130500	0.0833775108983
130600	0.0833783877018
130700	0.0833839375375
130800	0.0833874122329
130900	0.0833832330596
131000	0.0833896545418
131100	0.0833903025785
131200	0.0833882531574
131300	0.083388125628
131400	0.0833901714029
131500	0.0833889864212
131600	0.0833780201479
131700	0.0833793396411
131800	0.083383685172
131900	0.0833839250108
132000	0.0833769467581
132100	0.0833686558832
132200	0.0833521117414
132300	0.083355600612
132400	0.0833633663901
132500	0.0833568856649
132600	0.0833537808682
132700	0.0833612388268
132800	0.0833635699682
132900	0.0833666439011
133000	0.0833735613709
133100	0.0833744432988
133200	0.0833739415835
133300	0.0833823291133
133400	0.0833817809301
133500	0.0833854518878
133600	0.0833828755469
133700	0.0833778693148
133800	0.0833812491845
133900	0.0833734217764
134000	0.0833713828292
134100	0.0833740098536
134200	0.0833733779139
134300	0.0833598297506
134400	0.0833595552463
134500	0.0833510271923
134600	0.0833529076288
134700	0.0833592962854
134800	0.0833576518713
134900	0.0833623367163
135000	0.0833639000735
135100	0.0833611165221
135200	0.0833596729262
135300	0.0833579750405
135400	0.0833529917291
135500	0.0833486019972
135600	0.0833482448542
135700	0.0833514430427
135800	0.0833564917368
135900	0.0833563756745
136000	0.0833535642242
136100	0.0833530189335
136200	0.0833621694116
136300	0.0833547657642
136400	0.083359079113
136500	0.083361415876
136600	0.083360439506
136700	0.0833604526916
136800	0.0833608585579
136900	0.0833616822394
137000	0.0833621060265
137100	0.0833545270882
137200	0.0833529810655
137300	0.0833463205304
137400	0.0833419200593
137500	0.083348604655
137600	0.0833479338781
137700	0.0833466601443
137800	0.0833411302542
137900	0.0833391670615
138000	0.0833379918171
138100	0.0833279298566
138200	0.0833234617792
138300	0.0833222359305
138400	0.0833186989374
138500	0.0833239697476
138600	0.0833201564217
138700	0.0833151621137
138800	0.0833073527782
138900	0.0833105172722
139000	0.0833134706976
139100	0.0833121216851
139200	0.0833143253167
139300	0.0833095915875
139400	0.0833126107809
139500	0.0833164275718
139600	0.0833220927588
139700	0.0833261522397
139800	0.0833300808176
139900	0.0833223589315
140000	0.083333236852
140100	0.0833340592883
140200	0.0833224816874
140300	0.0833226529518
140400	0.0833161328704
140500	0.0833195545495
140600	0.0833215625416
140700	0.0833208289806
140800	0.0833141243317
140900	0.083313783458
141000	0.0833048910598
141100	0.0833055858594
141200	0.0832956359939
141300	0.0832958446768
141400	0.0833019533606
141500	0.0833033009161
141600	0.0833061050278
141700	0.0833046346479
141800	0.0832964907669
141900	0.0832952153319
142000	0.0832929065679
142100	0.0832846637935
142200	0.0832808615976
142300	0.0832860887359
142400	0.0832958913381
142500	0.0832916404883
142600	0.0832870664948
142700	0.0832863241247
142800	0.0832850344186
142900	0.0832927931185
143000	0.0833029461975
143100	0.0833018859794
143200	0.0833014803465
143300	0.0832903291973
143400	0.0832851504995
143500	0.0832837304847
143600	0.0832809530033
143700	0.0832819542465
143800	0.0832780587975
143900	0.0832824208997
144000	0.0832762492347
144100	0.0832738850323
144200	0.083272029963
144300	0.0832701778448
144400	0.0832637226289
144500	0.0832664828141
144600	0.0832717926089
144700	0.0832705141874
144800	0.0832706912395
144900	0.0832602803222
145000	0.0832603121552
145100	0.0832574883972
145200	0.0832492745595
145300	0.0832458592117
145400	0.0832507599758
145500	0.08325079672
145600	0.0832489874361
145700	0.0832571839482
145800	0.0832504481108
145900	0.0832494971238
146000	0.0832582271685
146100	0.0832645160284
146200	0.0832628743169
146300	0.0832558841326
146400	0.0832602700406
146500	0.0832662664724
146600	0.0832723373219
146700	0.0832731399219
146800	0.0832711816563
146900	0.083278024568
147000	0.0832803434834
147100	0.0832754826819
147200	0.0832784976429
147300	0.0832815510723
147400	0.0832871965592
147500	0.08328792377
147600	0.0832876967477
147700	0.0832830862965
147800	0.0832901643225
147900	0.08329634593
148000	0.0832906697118
148100	0.0832934998364
148200	0.0832983842441
148300	0.083299704435
148400	0.0832954990809
148500	0.0833067335352
148600	0.0833087934746
148700	0.0833093288146
148800	0.0833067771087
148900	0.0833123568751
149000	0.0833124059502
149100	0.0833164511291
149200	0.0833092930685
149300	0.0833175533266
149400	0.0833167078255
149500	0.0833198083137
149600	0.0833243196751
149700	0.0833320915886
149800	0.0833361152768
149900	0.0833345615628
150000	0.0833377727304
150100	0.0833379283123
150200	0.0833360563871
150300	0.0833428902427
150400	0.0833427187531
150500	0.0833490917215
150600	0.0833545668566
150700	0.0833514498991
150800	0.083355478185
150900	0.083361636636
151000	0.0833602474463
151100	0.0833604351801
151200	0.0833522382565
151300	0.0833473981664
151400	0.0833405412658
151500	0.08334019116
151600	0.083349870316
151700	0.0833480618793
151800	0.0833472375442
151900	0.0833478175392
152000	0.0833515330853
152100	0.0833584268542
152200	0.0833566464283
152300	0.0833603364346
152400	0.0833602509258
152500	0.0833595232401
152600	0.0833649642959
152700	0.0833587896931
152800	0.0833595719175
152900	0.0833604430133
153000	0.0833552698513
153100	0.0833507684429
153200	0.0833521696609
153300	0.0833432276282
153400	0.0833382983245
153500	0.0833400092996
153600	0.0833372706313
153700	0.0833372742974
153800	0.0833316821135
153900	0.0833289403428
154000	0.0833298388614
154100	0.0833291746629
154200	0.0833333046
154300	0.0833339514216
154400	0.0833311807555
154500	0.0833388337864
154600	0.0833424336942
154700	0.0833505227079
154800	0.0833516417486
154900	0.08334951846
155000	0.0833495607402
155100	0.0833494384297
155200	0.0833483903351
155300	0.0833466327423
155400	0.0833412308274
155500	0.0833436513183
155600	0.0833465772475
155700	0.0833493303522
155800	0.083353982753
155900	0.0833435143854
156000	0.0833410097531
156100	0.0833339273719
156200	0.0833380732914
156300	0.0833355875428
156400	0.0833319920246
156500	0.0833308990208
156600	0.0833281327276
156700	0.0833258852864
156800	0.0833204936811
156900	0.0833200914847
157000	0.0833151043163
157100	0.0833103393717
157200	0.0833128791877
157300	0.0833126301735
157400	0.0833119524171
157500	0.0833104739161
157600	0.08332115479
157700	0.0833184400192
157800	0.0833178720343
157900	0.0833158881931
158000	0.0833221888756
158100	0.0833291963292
158200	0.0833363161455
158300	0.0833292663942
158400	0.0833231369887
158500	0.0833237521268
158600	0.0833144302982
158700	0.0833133144484
158800	0.0833169730195
158900	0.08332618507
159000	0.0833323718855
159100	0.0833373080102
159200	0.0833348383158
159300	0.0833320770126
159400	0.083323443557
159500	0.0833260737995
159600	0.0833381851076
159700	0.0833335182309
159800	0.0833354325509
159900	0.083328021828
160000	0.0833361842335
160100	0.0833354907018
160200	0.0833393731554
160300	0.0833332780567
160400	0.0833358175703
160500	0.0833417171449
160600	0.0833336634731
160700	0.0833294752298
160800	0.0833237532445
160900	0.0833188046239
161000	0.0833139302529
161100	0.0833113681817
161200	0.0833028114392
161300	0.0833052910852
161400	0.0833042270806
161500	0.0832968320563
161600	0.0832954986757
161700	0.0832899830772
161800	0.0832910012555
161900	0.0832879462037
162000	0.0832865073523
162100	0.0832842317616
162200	0.0832882250778
162300	0.0832873608792
162400	0.0832933186561
162500	0.0832967020508
162600	0.0832965737353
162700	0.0832905022774
162800	0.0832937684137
162900	0.0832946789975
163000	0.0832951812126
163100	0.0832999549694
163200	0.0833018932312
163300	0.0833038302119
163400	0.0833055659344
163500	0.0833141632488
163600	0.0833071701934
163700	0.0833150996777
163800	0.0833138778123
163900	0.083316831217
164000	0.0833078175996
164100	0.0833133762845
164200	0.083309567358
164300	0.08331340026
164400	0.0833096694119
164500	0.0833093857174
164600	0.0833073960811
164700	0.0833050199776
164800	0.0833030614301
164900	0.0833001386354
165000	0.0833047274225
165100	0.0833108536924
165200	0.0833083293092
165300	0.0833094863535
165400	0.0833127278333
165500	0.0833137679679
165600	0.0833103369441
165700	0.0833107473512
165800	0.0833028935342
165900	0.0833085709103
166000	0.083302378225
166100	0.0832965072189
166200	0.0832940279775
166300	0.0832958438554
166400	0.083295538221
166500	0.0832924185498
166600	0.0832845203704
166700	0.0832832421861
166800	0.0832850126895
166900	0.0832821089442
167000	0.0832826473323
167100	0.0832734870394
167200	0.0832740474794
167300	0.0832707706338
167400	0.0832698598966
167500	0.0832657040301
167600	0.0832633768588
167700	0.0832582869333
167800	0.0832604309828
167900	0.0832563193869
168000	0.08326382087
168100	0.0832710354107
168200	0.0832640549673
168300	0.0832621496434
168400	0.0832666913816
168500	0.0832627642211
168600	0.0832618081746
168700	0.0832642379854
168800	0.0832630852831
168900	0.0832675207174
169000	0.0832688111598
169100	0.0832638092448
169200	0.0832580880065
169300	0.0832565591984
169400	0.0832547788025
169500	0.0832618524346
169600	0.0832585437993
169700	0.083266736324
169800	0.083271073042
169900	0.0832740958852
170000	0.0832718193397
170100	0.0832716211443
170200	0.0832799074663
170300	0.0832838145204
170400	0.083281681263
170500	0.0832850396353
170600	0.083284828434
170700	0.0832775400332
170800	0.0832803038895
170900	0.0832799691306
171000	0.0832826097718
171100	0.0832761514456
171200	0.0832741307547
171300	0.0832710094556
171400	0.083273232588
171500	0.0832741068627
171600	0.0832707683971
171700	0.0832701704691
171800	0.083274835542
171900	0.0832757008068
172000	0.0832737665414
172100	0.0832717182492
172200	0.0832746783673
172300	0.0832705528127
172400	0.083266462463
172500	0.083271289035
172600	0.083276716819
172700	0.0832711865727
172800	0.0832689471543
172900	0.0832717380366
173000	0.083270421007
173100	0.0832681241056
173200	0.0832625695072
173300	0.0832646601185
173400	0.0832650017734
173500	0.0832604410837
173600	0.0832656181984
173700	0.0832676627528
173800	0.083259702783
173900	0.0832645333174
174000	0.0832632379617
174100	0.0832673065538
174200	0.0832691424978
174300	0.0832705796054
174400	0.0832715968727
174500	0.0832681718953
174600	0.0832728510836
174700	0.0832733317895
174800	0.0832753177728
174900	0.0832735486754
175000	0.0832632331051
175100	0.0832643510759
175200	0.0832674454941
175300	0.0832716093989
175400	0.0832737272001
175500	0.0832811381849
175600	0.0832910207227
175700	0.0832870279097
175800	0.0832905188105
175900	0.0832951168557
176000	0.0832953400072
176100	0.0832958755804
176200	0.08330048503
176300	0.0832996439302
176400	0.0833020040122
176500	0.0833049705939
176600	0.0833005604311
176700	0.0832955004731
176800	0.0832928000557
176900	0.0832922005979
177000	0.0832946473216
177100	0.0832961322701
177200	0.0832924699816
177300	0.0832869023159
177400	0.0832840794271
177500	0.083283391927
177600	0.0832813217551
177700	0.0832818670981
177800	0.0832820792952
177900	0.0832816305828
178000	0.0832723198869
178100	0.0832751834655
178200	0.083271856666
178300	0.0832671365541
178400	0.0832644021237
178500	0.0832685630801
178600	0.0832664878664
178700	0.0832703954819
178800	0.0832666626902
178900	0.0832704421881
179000	0.0832720141009
179100	0.0832665882783
179200	0.083266640852
179300	0.0832702958812
179400	0.0832709644333
179500	0.0832702297373
179600	0.0832728286397
179700	0.0832701309381
179800	0.0832689411892
179900	0.0832767518155
180000	0.0832766482097
180100	0.0832686328611
180200	0.083266358668
180300	0.0832641499709
180400	0.083264433872
180500	0.0832629938662
180600	0.0832611510824
180700	0.0832709381033
180800	0.083268535099
180900	0.0832715167412
181000	0.0832661748967
181100	0.0832602409103
181200	0.0832602881181
181300	0.0832647258556
181400	0.0832595217505
181500	0.0832605867155
181600	0.0832582805881
181700	0.0832625174498
181800	0.0832606981174
181900	0.0832560513262
182000	0.0832497767952
182100	0.0832569103879
182200	0.0832576140581
182300	0.0832555011317
182400	0.0832554072375
182500	0.0832555669758
182600	0.0832571193218
182700	0.0832616905038
182800	0.0832606887724
182900	0.0832646977279
183000	0.0832645493407
183100	0.0832632713507
183200	0.0832648907584
183300	0.0832694017231
183400	0.0832712102683
183500	0.0832681463175
183600	0.0832692694987
183700	0.0832697092308
183800	0.0832748795331
183900	0.0832752234154
184000	0.0832754826924
184100	0.0832751816424
184200	0.0832698490901
184300	0.0832662269666
184400	0.0832669078085
184500	0.0832668117138
184600	0.0832690881023
184700	0.0832690581663
184800	0.0832654146468
184900	0.0832668847968
185000	0.0832659171237
185100	0.0832633280634
185200	0.0832581283542
185300	0.0832505284973
185400	0.0832501580789
185500	0.083251458182
185600	0.083250408465
185700	0.0832479828494
185800	0.0832446204095
185900	0.0832472905461
186000	0.0832435451749
186100	0.083241576417
186200	0.0832436935429
186300	0.0832436026536
186400	0.0832393375415
186500	0.0832399621948
186600	0.0832346431529
186700	0.0832384560041
186800	0.0832334890341
186900	0.0832326446843
187000	0.0832372481319
187100	0.0832379916995
187200	0.0832346449857
187300	0.0832392050738
187400	0.0832385137532
187500	0.0832333005195
187600	0.0832311538927
187700	0.0832301804629
187800	0.0832367042912
187900	0.0832338571837
188000	0.0832302007743
188100	0.0832343643012
188200	0.0832365148538
188300	0.0832410897248
188400	0.083240739488
188500	0.0832416348633
188600	0.0832401183153
188700	0.0832422796072
188800	0.0832380352468
188900	0.0832380126753
189000	0.0832355856461
189100	0.0832405536933
189200	0.0832429897832
189300	0.0832429176043
189400	0.083239830481
189500	0.0832367317198
189600	0.0832385240184
189700	0.0832382778796
189800	0.0832461178175
189900	0.0832479437344
190000	0.0832445816739
190100	0.0832424578818
190200	0.0832400176198
190300	0.083243606309
190400	0.0832474949611
190500	0.0832469984707
190600	0.0832458630401
190700	0.0832524049217
190800	0.0832629548605
190900	0.0832621091188
191000	0.0832647704989
191100	0.0832640553711
191200	0.0832595457698
191300	0.0832673578025
191400	0.0832589069379
191500	0.0832586306649
191600	0.0832539244483
191700	0.0832504753224
191800	0.0832472505055
191900	0.083246033348
192000	0.0832455861398
192100	0.083246340049
192200	0.0832445472249
192300	0.0832421465764
192400	0.0832443130796
192500	0.0832471918579
192600	0.0832460399655
192700	0.0832437888582
192800	0.0832456375242
192900	0.0832419652532
193000	0.0832408220886
193100	0.0832376358425
193200	0.0832390072164
193300	0.083237324247
193400	0.0832378525917
193500	0.0832411884805
193600	0.0832419666519
193700	0.0832491488045
193800	0.0832543354399
193900	0.0832477110475
194000	0.0832424507059
194100	0.0832364789405
194200	0.0832355736668
194300	0.0832330437509
194400	0.0832321832272
194500	0.0832383876189
194600	0.0832390417475
194700	0.0832414687776
194800	0.0832513502945
194900	0.083255876637
195000	0.0832492960909
195100	0.0832533142725
195200	0.0832503948875
195300	0.0832493290703
195400	0.0832552022088
195500	0.0832473263261
195600	0.083244859813
195700	0.0832408531587
195800	0.0832391070739
195900	0.0832368226277
196000	0.0832416642912
196100	0.0832431412211
196200	0.0832420150084
196300	0.0832403947655
196400	0.0832367216398
196500	0.0832456328655
196600	0.0832460794477
196700	0.0832441416931
196800	0.0832451659337
196900	0.0832426993378
197000	0.0832439589771
197100	0.0832454155075
197200	0.0832486465757
197300	0.0832439523739
197400	0.0832479577843
197500	0.0832463400935
197600	0.0832522778137
197700	0.0832555752669
197800	0.0832586998864
197900	0.0832608909194
198000	0.0832562250092
198100	0.0832551944313
198200	0.0832484957927
198300	0.0832402159067
198400	0.0832426320881
198500	0.0832462496702
198600	0.0832500731423
198700	0.0832497814305
198800	0.0832507477684
198900	0.0832545024562
199000	0.0832458611173
199100	0.0832467945416
199200	0.0832485569492
199300	0.083248782947
199400	0.0832419526174
199500	0.0832393745823
199600	0.0832358840457
199700	0.0832379037286
199800	0.0832423984246
199900	0.0832427277101
200000	0.083237744458
200100	0.0832308620516
200200	0.0832274819852
200300	0.0832322370607
200400	0.083232246327
200500	0.0832395866451
200600	0.0832342076881
200700	0.0832414106185
200800	0.0832446433635
200900	0.0832440581262
201000	0.0832407695795
201100	0.0832421433799
201200	0.0832452582743
201300	0.0832441702308
201400	0.083245065252
201500	0.0832427309845
201600	0.0832389662089
201700	0.0832378815661
201800	0.0832338075849
201900	0.0832249518734
202000	0.083223569155
202100	0.0832237879573
202200	0.0832249266013
202300	0.0832199361961
202400	0.0832200178604
202500	0.0832209940272
202600	0.0832241343307
202700	0.0832272737149
202800	0.0832256813774
202900	0.0832269210611
203000	0.0832357967045
203100	0.0832407930645
203200	0.0832465008718
203300	0.0832507378784
203400	0.0832528942242
203500	0.0832574571065
203600	0.0832582375637
203700	0.0832620126892
203800	0.0832592747819
203900	0.0832634610198
204000	0.0832643776113
204100	0.0832622738695
204200	0.0832678960708
204300	0.0832715862001
204400	0.083267886414
204500	0.0832712765752
204600	0.0832740569297
204700	0.0832762599496
204800	0.0832725529832
204900	0.0832690778924
205000	0.08326958793
205100	0.0832673100939
205200	0.0832705310932
205300	0.0832737618857
205400	0.083270080451
205500	0.0832647949106
205600	0.0832650144362
205700	0.0832630445773
205800	0.0832630070648
205900	0.0832641358196
206000	0.0832666021018
206100	0.0832628966746
206200	0.0832674766085
206300	0.0832646824809
206400	0.0832634008042
206500	0.0832612763195
206600	0.0832599811096
206700	0.0832626390376
206800	0.0832622026521
206900	0.0832611866246
207000	0.0832612131423
207100	0.083257673826
207200	0.08325041795
207300	0.0832560804173
207400	0.0832534062977
207500	0.0832543013929
207600	0.0832518198745
207700	0.0832532203956
207800	0.0832480531567
207900	0.0832502874205
208000	0.0832550919604
208100	0.0832542499166
208200	0.0832512851194
208300	0.0832576460809
208400	0.0832564829752
208500	0.0832540479698
208600	0.0832530200795
208700	0.0832509154159
208800	0.0832519950078
208900	0.0832512943294
209000	0.0832504717318
209100	0.0832522124093
209200	0.0832549814682
209300	0.0832531074322
209400	0.083251502919
209500	0.0832460603432
209600	0.0832433610194
209700	0.0832437146053
209800	0.0832463408495
209900	0.0832395124255
210000	0.0832430037183
210100	0.0832394912944
210200	0.0832394747918
210300	0.0832415979093
210400	0.0832437307932
210500	0.0832500464072
210600	0.0832533660712
210700	0.0832558624419
210800	0.0832548237953
210900	0.0832570253787
211000	0.0832614542894
211100	0.0832584232926
211200	0.0832610676005
211300	0.0832633522228
211400	0.0832577538111
211500	0.0832641327467
211600	0.0832661089235
211700	0.0832654242459
211800	0.0832605114248
211900	0.0832678370965
212000	0.083266987058
212100	0.0832651040976
212200	0.083268073287
212300	0.0832612536284
212400	0.0832663113125
212500	0.0832707143041
212600	0.0832724202371
212700	0.0832684419374
212800	0.0832697193928
212900	0.0832691203154
213000	0.0832773940809
213100	0.0832836800465
213200	0.0832840456856
213300	0.0832844829214
213400	0.0832838359993
213500	0.0832847436525
213600	0.0832882348772
213700	0.0832881406451
213800	0.0832898825585
213900	0.0832864456335
214000	0.0832848958236
214100	0.0832786854829
214200	0.0832764883422
214300	0.0832754612715
214400	0.083276154188
214500	0.0832772234353
214600	0.0832785420084
214700	0.0832776581536
214800	0.0832856000388
214900	0.0832828807819
215000	0.083280798814
215100	0.0832861266826
215200	0.083282978621
215300	0.0832797848985
215400	0.0832786683848
215500	0.0832769736874
215600	0.0832764613495
215700	0.0832758527791
215800	0.0832736072712
215900	0.0832818191631
216000	0.0832777014882
216100	0.0832776398594
216200	0.083278200937
216300	0.0832784715491
216400	0.0832847478029
216500	0.0832854017486
216600	0.0832869762069
216700	0.0832775565158
216800	0.0832733336023
216900	0.0832723167602
217000	0.08327089845
217100	0.083269679019
217200	0.0832648065449
217300	0.0832645920171
217400	0.083263429289
217500	0.0832622640511
217600	0.08325478243
217700	0.0832546911032
217800	0.0832487624077
217900	0.0832447458214
218000	0.083245615669
218100	0.0832465613315
218200	0.0832522840738
218300	0.0832501665131
218400	0.083249910003
218500	0.0832540135842
218600	0.0832543122541
218700	0.0832549662066
218800	0.0832552860237
218900	0.0832562051558
219000	0.0832532028329
219100	0.0832502245849
219200	0.0832465884089
219300	0.0832454786606
219400	0.0832472428413
219500	0.0832508553505
219600	0.0832478405313
219700	0.0832436398895
219800	0.0832449733478
219900	0.0832447417983
220000	0.0832454325874
220100	0.083248083124
220200	0.0832441390259
220300	0.083241651388
220400	0.0832387315589
220500	0.0832464070199
220600	0.0832482446115
220700	0.0832483362789
220800	0.0832528399349
220900	0.0832508553581
221000	0.08325242697
221100	0.0832566239178
221200	0.0832642620835
221300	0.0832584669063
221400	0.0832619870201
221500	0.0832609101893
221600	0.0832641301904
221700	0.0832659679141
221800	0.0832686562226
221900	0.0832759607472
222000	0.0832761451978
222100	0.0832739793375
222200	0.0832709833296
222300	0.0832712994069
222400	0.0832722966367
222500	0.0832724198677
222600	0.0832684119152
222700	0.0832685859024
222800	0.0832635282316
222900	0.0832634406468
223000	0.083262323537
223100	0.0832649919191
223200	0.0832627310207
223300	0.0832613600313
223400	0.083260264462
223500	0.0832585883312
223600	0.0832631993047
223700	0.0832660818348
223800	0.0832673852222
223900	0.0832677479814
224000	0.0832609557448
224100	0.0832633215533
224200	0.0832603686353
224300	0.0832605263195
224400	0.0832586630818
224500	0.0832677714259
224600	0.0832622629526
224700	0.0832628391747
224800	0.0832603795809
224900	0.0832618103071
225000	0.0832581508761
225100	0.0832593775541
225200	0.083258850167
225300	0.0832544753877
225400	0.0832514375012
225500	0.083246408775
225600	0.0832416884551
225700	0.083250490371
225800	0.083251946611
225900	0.0832543896112
226000	0.0832557072853
226100	0.0832537791944
226200	0.083249768748
226300	0.0832504127775
226400	0.0832488347245
226500	0.0832508933986
226600	0.0832525784839
226700	0.0832531911362
226800	0.0832506104104
226900	0.0832538373564
227000	0.0832515507522
227100	0.0832457008633
227200	0.0832447786988
227300	0.0832447232742
227400	0.0832404883724
227500	0.0832406671289
227600	0.0832396395944
227700	0.0832356502775
227800	0.0832312661793
227900	0.0832340516855
228000	0.0832330464305
228100	0.0832280839184
228200	0.0832318019377
228300	0.0832316046189
228400	0.0832270985258
228500	0.0832300784802
228600	0.0832296640363
228700	0.083229526659
228800	0.0832326791477
228900	0.0832316425987
229000	0.0832328908325
229100	0.0832329627785
229200	0.0832312963467
229300	0.0832292756535
229400	0.0832310491795
229500	0.0832308928672
229600	0.0832261427906
229700	0.0832288289363
229800	0.0832261298983
229900	0.0832235296341
230000	0.0832266244866
230100	0.0832295165562
230200	0.0832268723973
230300	0.0832258894929
230400	0.0832258791729
230500	0.0832283994662
230600	0.0832298700061
230700	0.0832309527343
230800	0.0832368283109
230900	0.0832371313481
231000	0.0832343543225
231100	0.0832361972566
231200	0.0832372106407
231300	0.0832354615608
231400	0.083238455135
231500	0.0832369649154
231600	0.0832357908837
231700	0.0832360138374
231800	0.0832348679121
231900	0.0832365763257
232000	0.0832331297658
232100	0.0832338326044
232200	0.0832392795414
232300	0.0832372679077
232400	0.0832356294401
232500	0.0832329904614
232600	0.0832281870151
232700	0.0832279130674
232800	0.0832321785351
232900	0.0832355905703
233000	0.0832370555253
233100	0.083241320621
233200	0.0832381374451
233300	0.083234928694
233400	0.0832302122101
233500	0.0832336611736
233600	0.0832331134157
233700	0.0832352062509
233800	0.0832381810619
233900	0.0832381847113
234000	0.0832411064714
234100	0.0832373511852
234200	0.0832361792489
234300	0.083242532233
234400	0.083244548739
234500	0.0832428995154
234600	0.0832385299199
234700	0.0832400668336
234800	0.0832357856937
234900	0.0832323121648
235000	0.0832356143576
235100	0.0832398708641
235200	0.0832417344287
235300	0.0832388062978
235400	0.0832385334511
235500	0.0832392183127
235600	0.0832375033799
235700	0.0832397326549
235800	0.0832423463591
235900	0.083240356122
236000	0.0832408732835
236100	0.0832383208901
236200	0.083236763438
236300	0.0832346690517
236400	0.0832385507973
236500	0.0832435640316
236600	0.0832480177123
236700	0.0832513305288
236800	0.0832547540637
236900	0.0832587913406
237000	0.0832580360782
237100	0.0832550944963
237200	0.0832516665992
237300	0.0832577744977
237400	0.083256907579
237500	0.0832553514969
237600	0.0832524259135
237700	0.0832544935172
237800	0.0832510634171
237900	0.0832549716422
238000	0.08325845595
238100	0.0832603756819
238200	0.0832634908913
238300	0.0832661431944
238400	0.0832650691075
238500	0.0832603810793
238600	0.0832544963059
238700	0.0832547379077
238800	0.0832607447316
238900	0.0832620394377
239000	0.0832575581048
239100	0.0832576480919
239200	0.0832633276132
239300	0.0832614644323
239400	0.0832589281563
239500	0.0832570673408
239600	0.0832565249296
239700	0.0832587843977
239800	0.0832586964047
239900	0.0832599290741
240000	0.0832519157781
240100	0.0832547993905
240200	0.0832563691598
240300	0.083253376707
240400	0.0832497672901
240500	0.0832542299823
240600	0.0832537708219
240700	0.0832597507505
240800	0.0832599272927
240900	0.083256345205
241000	0.0832591054365
241100	0.0832523541084
241200	0.083251114651
241300	0.0832486015701
241400	0.0832497320904
241500	0.0832514356444
241600	0.0832511336185
241700	0.0832512952766
241800	0.083246578965
241900	0.083251032002
242000	0.0832532229618
242100	0.0832501768028
242200	0.0832500835652
242300	0.0832483532307
242400	0.0832491665725
242500	0.0832471703452
242600	0.0832490927697
242700	0.083248592751
242800	0.0832506342615
242900	0.0832446897235
243000	0.0832448352197
243100	0.0832438537034
243200	0.083250584209
243300	0.0832445338392
243400	0.0832459040447
243500	0.0832502679959
243600	0.0832514226374
243700	0.0832492737065
243800	0.083249833402
243900	0.0832543110598
244000	0.0832562561053
244100	0.0832592102944
244200	0.0832603632489
244300	0.0832589711757
244400	0.0832601557158
244500	0.0832591596218
244600	0.0832582122021
244700	0.0832594215961
244800	0.0832586838077
244900	0.0832557917463
245000	0.0832548248628
245100	0.0832559511058
245200	0.0832597690025
245300	0.0832652292807
245400	0.0832650960291
245500	0.0832687517403
245600	0.0832695006776
245700	0.0832698712595
245800	0.0832707300107
245900	0.0832670220763
246000	0.0832697233362
246100	0.0832711512435
246200	0.0832719032026
246300	0.0832708094941
246400	0.083268888649
246500	0.0832721188386
246600	0.0832689801562
246700	0.0832692498392
246800	0.0832689846863
246900	0.0832676257394
247000	0.0832681958596
247100	0.0832640536912
247200	0.0832692427348
247300	0.0832658156562
247400	0.0832674148945
247500	0.0832701957438
247600	0.0832728999336
247700	0.0832735799058
247800	0.0832671565347
247900	0.0832673829187
248000	0.0832663737558
248100	0.0832635260995
248200	0.0832662096464
248300	0.083268984311
248400	0.0832699848886
248500	0.0832662800326
248600	0.0832702485306
248700	0.0832728629447
248800	0.0832750752627
248900	0.0832785151596
249000	0.0832813450477
249100	0.0832793179936
249200	0.0832795626662
249300	0.0832719193408
249400	0.0832705757072
249500	0.0832768601976
249600	0.0832795171058
249700	0.0832790598315
249800	0.0832706058428
249900	0.0832669762603
250000	0.0832685283338
250100	0.083266921584
250200	0.0832671229879
250300	0.0832650626052
250400	0.0832634056338
250500	0.0832579441436
250600	0.0832558417327
250700	0.0832552491562
250800	0.0832571289902
250900	0.0832578405476
251000	0.083260286816
251100	0.0832570994763
251200	0.0832627316634
251300	0.083262795337
251400	0.0832630196452
251500	0.0832624022884
251600	0.0832624691889
251700	0.0832607676165
251800	0.0832577927098
251900	0.0832581626422
252000	0.0832558462965
252100	0.0832508687581
252200	0.083255807853
252300	0.0832543728971
252400	0.0832526700491
252500	0.0832562566078
252600	0.0832548785062
252700	0.0832597929108
252800	0.083258420519
252900	0.0832561593805
253000	0.0832546606892
253100	0.0832522479659
253200	0.0832516421864
253300	0.0832489453077
253400	0.0832504309653
253500	0.0832471757443
253600	0.0832487100545
253700	0.0832548152002
253800	0.0832593191552
253900	0.0832638096134
254000	0.0832653431998
254100	0.0832655050169
254200	0.083263375504
254300	0.0832619354456
254400	0.08325894224
254500	0.0832617346014
254600	0.0832615851967
254700	0.0832603716663
254800	0.0832606287266
254900	0.0832600183183
255000	0.0832604056237
255100	0.0832580944178
255200	0.0832555485946
255300	0.0832567010506
255400	0.0832580733146
255500	0.0832520812793
255600	0.0832491494028
255700	0.083253261935
255800	0.0832563027719
255900	0.0832608330037
256000	0.0832603935573
256100	0.0832605087402
256200	0.0832568261929
256300	0.0832616011278
256400	0.0832594875081
256500	0.08326395334
256600	0.0832685443136
256700	0.0832707057161
256800	0.0832657876869
256900	0.0832692326279
257000	0.0832635268295
257100	0.0832600773773
257200	0.0832580374933
257300	0.0832586106035
257400	0.0832583369898
257500	0.0832606725248
257600	0.0832619318721
257700	0.083259547946
257800	0.0832663957253
257900	0.083264651011
258000	0.0832599484561
258100	0.0832560439096
258200	0.0832562380434
258300	0.083258837342
258400	0.0832600446029
258500	0.0832581066112
258600	0.0832585484738
258700	0.0832509853423
258800	0.0832460241129
258900	0.0832443572853
259000	0.0832479641763
259100	0.0832491198176
259200	0.0832390400071
259300	0.0832408676564
259400	0.08324669126
259500	0.0832477204816
259600	0.0832483355937
259700	0.0832457904112
259800	0.083244601614
259900	0.0832467417244
260000	0.0832455513954
260100	0.0832472374934
260200	0.0832483210115
260300	0.0832472853827
260400	0.0832450385566
260500	0.0832426231186
260600	0.0832462310027
260700	0.0832430366738
260800	0.0832403483981
260900	0.0832441941358
261000	0.0832429612065
261100	0.0832482695323
261200	0.0832477165731
261300	0.0832522997909
261400	0.0832525924396
261500	0.0832519311897
261600	0.0832508438507
261700	0.0832508053767
261800	0.083248341735
261900	0.0832520173755
262000	0.0832511026719
262100	0.0832506324873
262200	0.083250053119
262300	0.0832495969299
262400	0.0832484619522
262500	0.0832512911038
262600	0.0832515887424
262700	0.0832508062291
262800	0.083249320523
262900	0.0832434680898
263000	0.0832457024427
263100	0.0832436194901
263200	0.0832419572977
263300	0.0832444352257
263400	0.0832463023327
263500	0.0832464453553
263600	0.0832445702245
263700	0.0832410877729
263800	0.0832451091956
263900	0.0832433461577
264000	0.0832454615426
264100	0.0832470430675
264200	0.0832498389978
264300	0.0832536528174
264400	0.083256291552
264500	0.0832595200729
264600	0.083259669392
264700	0.0832605232745
264800	0.0832608722647
264900	0.083257443734
265000	0.0832531907166
265100	0.0832538158387
265200	0.0832529646256
265300	0.0832530935054
265400	0.0832539719773
265500	0.0832511906966
265600	0.0832562101935
265700	0.0832585225063
265800	0.0832556021216
265900	0.0832562294105
266000	0.0832589611021
266100	0.0832608595356
266200	0.0832662902351
266300	0.0832716015503
266400	0.083266364959
266500	0.0832634923434
266600	0.0832631022849
266700	0.0832625075045
266800	0.0832607312709
266900	0.0832586020935
267000	0.0832540667791
267100	0.0832554015624
267200	0.0832539554061
267300	0.0832548115282
267400	0.0832536034644
267500	0.083256275192
267600	0.0832533264076
267700	0.0832541434529
267800	0.0832572162573
267900	0.0832603785493
268000	0.0832577797234
268100	0.0832558255905
268200	0.0832550871469
268300	0.0832546751485
268400	0.0832519792575
268500	0.0832523012027
268600	0.0832529178484
268700	0.0832558568008
268800	0.0832537404736
268900	0.0832513974259
269000	0.0832523596189
269100	0.0832509764067
269200	0.0832507447544
269300	0.0832468429752
269400	0.0832432063824
269500	0.0832415547183
269600	0.0832441224312
269700	0.0832439525306
269800	0.0832434150906
269900	0.0832420767125
270000	0.0832417219297
270100	0.0832402224573
270200	0.083241057131
270300	0.083235621802
270400	0.0832358524551
270500	0.0832416329831
270600	0.0832406127094
270700	0.0832424207852
270800	0.0832449987951
270900	0.0832447834138
271000	0.0832470418226
271100	0.0832473423564
271200	0.0832455691414
271300	0.0832464448966
271400	0.0832449990501
271500	0.0832419498832
271600	0.0832405682946
271700	0.0832445478581
271800	0.083245290476
271900	0.0832468142347
272000	0.0832452757154
272100	0.0832453158241
272200	0.083244228792
272300	0.0832433734255
272400	0.0832445456157
272500	0.0832454746229
272600	0.0832430269757
272700	0.0832437583622
272800	0.0832427084286
272900	0.0832425233467
273000	0.0832436054456
273100	0.0832399066361
273200	0.0832409480998
273300	0.0832415937904
273400	0.0832406954971
273500	0.0832401214822
273600	0.0832352711556
273700	0.0832375585446
273800	0.083234542109
273900	0.0832379563536
274000	0.0832341558758
274100	0.0832290788372
274200	0.0832262721255
274300	0.0832303975036
274400	0.0832305318409
274500	0.0832302823197
274600	0.0832324973978
274700	0.0832285125935
274800	0.0832277373148
274900	0.0832313063625
275000	0.0832319117832
275100	0.0832338578791
275200	0.0832351673469
275300	0.083235348732
275400	0.0832366359674
275500	0.0832349791393
275600	0.0832322468206
275700	0.0832309292632
275800	0.0832311531379
275900	0.083229218068
276000	0.0832256516864
276100	0.0832280237898
276200	0.0832270412671
276300	0.083224011878
276400	0.0832198297911
276500	0.0832212962559
276600	0.0832197030861
276700	0.08321745413
276800	0.0832165901171
276900	0.0832163228224
277000	0.0832144528745
277100	0.0832146370597
277200	0.0832177155786
277300	0.08321823633
277400	0.0832184865117
277500	0.0832162638918
277600	0.0832166148096
277700	0.0832149390146
277800	0.0832183056989
277900	0.0832192796747
278000	0.0832234505145
278100	0.0832260166042
278200	0.0832301433715
278300	0.083230288132
278400	0.0832312428683
278500	0.0832350211636
278600	0.0832323742442
278700	0.0832319320934
278800	0.0832283531245
278900	0.0832277187899
279000	0.0832302385711
279100	0.0832268098003
279200	0.0832282840858
279300	0.083235421016
279400	0.0832336315547
279500	0.0832344392047
279600	0.0832362611932
279700	0.083232024161
279800	0.0832285298804
279900	0.0832290578423
280000	0.0832259971876
280100	0.0832259553756
280200	0.0832283698302
280300	0.0832308055334
280400	0.083230414659
280500	0.0832282206289
280600	0.083229358648
280700	0.0832238573697
280800	0.0832231955198
280900	0.0832223005642
281000	0.0832215740313
281100	0.083223177156
281200	0.0832233776853
281300	0.0832231963566
281400	0.0832220966016
281500	0.0832210386259
281600	0.0832214454664
281700	0.0832227041436
281800	0.0832205467332
281900	0.0832181693278
282000	0.0832172822122
282100	0.0832196173778
282200	0.0832158389352
282300	0.0832175822032
282400	0.083217155943
282500	0.0832123027676
282600	0.0832146889798
282700	0.0832173199977
282800	0.0832177746132
282900	0.0832183325265
283000	0.0832169654997
283100	0.0832182936813
283200	0.0832176569378
283300	0.0832154636163
283400	0.0832231618845
283500	0.0832232808215
283600	0.0832238938648
283700	0.0832258342195
283800	0.0832237971699
283900	0.0832249384647
284000	0.0832247329808
284100	0.0832277185072
284200	0.0832241095661
284300	0.0832233414115
284400	0.0832236845654
284500	0.0832257923907
284600	0.0832214376285
284700	0.0832190989155
284800	0.0832206286953
284900	0.0832196438193
285000	0.0832208217069
285100	0.0832187963184
285200	0.0832165449944
285300	0.0832181109189
285400	0.0832250541344
285500	0.0832263203851
285600	0.0832249243967
285700	0.0832197537633
285800	0.0832144161642
285900	0.0832191137901
286000	0.0832221632546
286100	0.0832259520323
286200	0.0832298187807
286300	0.0832322624845
286400	0.0832265242762
286500	0.0832265594336
286600	0.083226672372
286700	0.0832269242925
286800	0.0832242324547
286900	0.0832263349193
287000	0.0832266832274
287100	0.0832260225114
287200	0.0832247382335
287300	0.0832227521407
287400	0.0832216134585
287500	0.083221538923
287600	0.0832230730526
287700	0.0832239892097
287800	0.0832259283466
287900	0.0832259057094
288000	0.083227434008
288100	0.0832237363347
288200	0.083225226555
288300	0.0832276085287
288400	0.0832253579983
288500	0.083227249501
288600	0.083236208789
288700	0.0832331240024
288800	0.0832352304108
288900	0.0832310764123
289000	0.0832322260595
289100	0.0832323024209
289200	0.0832358867252
289300	0.0832366665314
289400	0.0832416287733
289500	0.0832403437045
289600	0.0832434878777
289700	0.0832415408958
289800	0.0832409350171
289900	0.0832426293169
290000	0.0832385503392
290100	0.0832334243326
290200	0.0832345917316
290300	0.0832346996033
290400	0.0832363687602
290500	0.0832321614578
290600	0.0832312197292
290700	0.0832307214021
290800	0.0832316915239
290900	0.0832266512283
291000	0.0832245102189
291100	0.0832190623179
291200	0.0832187664297
291300	0.083218719563
291400	0.0832167430332
291500	0.0832154296715
291600	0.0832153830085
291700	0.083213356803
291800	0.0832153205646
291900	0.083213739285
292000	0.0832167327056
292100	0.083215643877
292200	0.0832167885702
292300	0.0832181248814
292400	0.0832143807745
292500	0.0832137057866
292600	0.0832141804421
292700	0.0832145183091
292800	0.0832141472351
292900	0.0832143433119
293000	0.0832160965017
293100	0.0832172081284
293200	0.0832163956453
293300	0.0832143058153
293400	0.0832135128289
293500	0.0832147290284
293600	0.0832150186229
293700	0.0832156094622
293800	0.0832123177083
293900	0.0832040793159
294000	0.0832044968707
294100	0.0832039835315
294200	0.0832014454864
294300	0.0832032482078
294400	0.083202082441
294500	0.0832014334845
294600	0.0832038408902
294700	0.0832015519718
294800	0.0832002347243
294900	0.0831991644839
295000	0.0831954357905
295100	0.0831961923655
295200	0.0831995729126
295300	0.0831971517199
295400	0.0831961486863
295500	0.0831985993019
295600	0.0831994477618
295700	0.0832007298405
295800	0.0831991016444
295900	0.0831976502904
296000	0.0831996962383
296100	0.0831987848878
296200	0.0832017363414
296300	0.0832006901111
296400	0.0832029825969
296500	0.0832039739736
296600	0.0832073225237
296700	0.0832083453545
296800	0.0832044877655
296900	0.0832039316006
297000	0.0832087554137
297100	0.0832128866493
297200	0.0832117822244
297300	0.0832115953883
297400	0.0832110167643
297500	0.0832076968146
297600	0.0832067253951
297700	0.0832055622083
297800	0.0832106108476
297900	0.0832080829603
298000	0.0832090943586
298100	0.0832076909934
298200	0.0832077519282
298300	0.0832102117888
298400	0.08321220983
298500	0.0832125236604
298600	0.0832115083152
298700	0.0832072175351
298800	0.0832132064363
298900	0.0832141034128
299000	0.0832157805843
299100	0.0832178021307
299200	0.0832208797134
299300	0.0832204727708
299400	0.0832174308109
299500	0.08321813618
299600	0.0832201674336
299700	0.0832212555501
299800	0.0832203299048
299900	0.0832186005291
300000	0.0832157110639
300100	0.0832155472179
300200	0.0832134019832
300300	0.083214274116
300400	0.0832187086816
300500	0.083216757734
300600	0.0832201998698
300700	0.0832219134864
300800	0.0832176799086
300900	0.0832158401059
301000	0.0832139423695
301100	0.0832127226898
301200	0.0832166172189
301300	0.0832171618086
301400	0.0832167265375
301500	0.0832174909489
301600	0.0832161357257
301700	0.0832160003286
301800	0.0832173045074
301900	0.0832192631876
302000	0.083220580072
302100	0.0832190443481
302200	0.0832184312984
302300	0.0832183665176
302400	0.0832176401786
302500	0.0832162801868
302600	0.0832144743943
302700	0.0832162270148
302800	0.083214041182
302900	0.0832159208532
303000	0.0832155366947
303100	0.0832200540973
303200	0.0832206374295
303300	0.083220782009
303400	0.0832225308195
303500	0.0832192073915
303600	0.0832214486272
303700	0.0832181553936
303800	0.0832180570786
303900	0.0832158600657
304000	0.0832148491556
304100	0.083214742206
304200	0.0832151170878
304300	0.0832177540146
304400	0.0832138634453
304500	0.0832172323274
304600	0.083217087253
304700	0.0832164268358
304800	0.0832193410779
304900	0.0832223753888
305000	0.0832232294837
305100	0.083222941947
305200	0.0832208849487
305300	0.083218562845
305400	0.0832195224888
305500	0.0832233595489
305600	0.0832242849865
305700	0.083224995218
305800	0.0832268973114
305900	0.08322969128
306000	0.0832256981391
306100	0.0832200998313
306200	0.0832213815992
306300	0.0832185837302
306400	0.0832173253289
306500	0.0832218520711
306600	0.0832237461107
306700	0.0832241361849
306800	0.0832201873081
306900	0.0832168380131
307000	0.0832175576973
307100	0.0832207001089
307200	0.0832187949279
307300	0.0832221751915
307400	0.0832202331488
307500	0.0832142243262
307600	0.083213380957
307700	0.0832125379685
307800	0.0832132002994
307900	0.0832102663714
308000	0.0832101761552
308100	0.08320911576
308200	0.0832091517936
308300	0.0832129908208
308400	0.0832148469599
308500	0.083215432475
308600	0.0832171560223
308700	0.0832176073318
308800	0.0832167631933
308900	0.0832165054956
309000	0.0832185489707
309100	0.0832165626678
309200	0.0832194513922
309300	0.0832197818144
309400	0.0832218641868
309500	0.0832247514746
309600	0.0832258510652
309700	0.0832296406366
309800	0.083223966748
309900	0.0832235850543
310000	0.083226710958
310100	0.0832253818192
310200	0.0832304888539
310300	0.0832328404787
310400	0.083233659869
310500	0.0832306307638
310600	0.0832267959123
310700	0.0832265595742
310800	0.0832249599082
310900	0.0832234536771
311000	0.0832247245891
311100	0.0832206527756
311200	0.0832182597487
311300	0.083216503261
311400	0.0832173440657
311500	0.0832161181535
311600	0.0832151455075
311700	0.0832169914676
311800	0.0832141831978
311900	0.0832145194338
312000	0.0832191493792
312100	0.0832213305675
312200	0.0832226140665
312300	0.0832175171683
312400	0.0832191682957
312500	0.0832181934297
312600	0.0832147092086
312700	0.0832133478805
312800	0.0832164172462
312900	0.0832151232662
313000	0.0832134719218
313100	0.0832128690541
313200	0.0832130675231
313300	0.0832161766235
313400	0.0832189007885
313500	0.083218190322
313600	0.0832204775682
313700	0.083224459887
313800	0.0832244615749
313900	0.0832264580682
314000	0.0832284756613
314100	0.0832244100733
314200	0.0832270409804
314300	0.0832319417036
314400	0.0832338267123
314500	0.0832336480185
314600	0.0832339797975
314700	0.0832310909036
314800	0.0832318096874
314900	0.08322854439
315000	0.0832266326328
315100	0.0832271698461
315200	0.083227903702
315300	0.0832291479091
315400	0.0832294691105
315500	0.0832276124709
315600	0.0832344837163
315700	0.0832357683115
315800	0.0832380858872
315900	0.0832361820672
316000	0.083235377134
316100	0.083237504321
316200	0.0832390569752
316300	0.083241944938
316400	0.0832440823956
316500	0.083245996898
316600	0.0832489298773
316700	0.0832486409488
316800	0.0832466410301
316900	0.0832481041021
317000	0.0832484803419
317100	0.0832476954106
317200	0.0832498953275
317300	0.0832487137157
317400	0.0832506656314
317500	0.0832515769754
317600	0.0832500295998
317700	0.0832519259592
317800	0.0832558540778
317900	0.0832562111281
318000	0.083253963617
318100	0.0832536488477
318200	0.0832524598368
318300	0.0832555793648
318400	0.0832593784584
318500	0.0832589187338
318600	0.0832624989795
318700	0.0832613759221
318800	0.0832605911633
318900	0.0832592661348
319000	0.083255485439
319100	0.0832565871667
319200	0.0832552459756
319300	0.0832530720793
319400	0.0832507820656
319500	0.0832488271938
319600	0.0832506989873
319700	0.0832534552961
319800	0.0832500061262
319900	0.0832508822639
320000	0.0832480202311
320100	0.0832460355505
320200	0.0832444734274
320300	0.0832419375848
320400	0.08324150469
320500	0.0832394188708
320600	0.0832379950802
320700	0.0832363620038
320800	0.0832389323126
320900	0.0832407170502
321000	0.0832398681501
321100	0.0832365203295
321200	0.0832357418919
321300	0.0832353082806
321400	0.0832371012042
321500	0.0832365650717
321600	0.0832403157182
321700	0.0832382924126
321800	0.083237882612
321900	0.0832419670322
322000	0.0832447982835
322100	0.0832457352824
322200	0.0832462171656
322300	0.0832445087746
322400	0.0832446658287
322500	0.0832449043999
322600	0.0832442928185
322700	0.0832436288388
322800	0.0832448735186
322900	0.0832477040454
323000	0.0832501426833
323100	0.0832506258162
323200	0.0832525091271
323300	0.0832533268057
323400	0.0832545362073
323500	0.0832534318381
323600	0.0832529052073
323700	0.0832545119926
323800	0.0832531076965
323900	0.0832499089345
324000	0.0832490510904
324100	0.0832478837068
324200	0.0832439645663
324300	0.083244820328
324400	0.0832417893709
324500	0.083246209972
324600	0.0832472482385
324700	0.0832462564644
324800	0.0832441944055
324900	0.0832419086722
325000	0.083244030136
325100	0.0832472440106
325200	0.0832454212862
325300	0.0832446756879
325400	0.0832439572642
325500	0.0832480049861
325600	0.083250291839
325700	0.083254252669
325800	0.0832524578946
325900	0.0832536368286
326000	0.0832493984012
326100	0.0832489229065
326200	0.0832521540293
326300	0.083250670538
326400	0.0832500341017
326500	0.0832504505845
326600	0.0832493739116
326700	0.0832460884837
326800	0.0832470441723
326900	0.0832467569546
327000	0.0832483955571
327100	0.083246208738
327200	0.0832457631734
327300	0.0832472592854
327400	0.08324739738
327500	0.0832432399602
327600	0.0832409179972
327700	0.0832403630305
327800	0.083240113793
327900	0.0832382912527
328000	0.0832369563165
328100	0.0832375143999
328200	0.0832379380328
328300	0.0832420632819
328400	0.0832417010325
328500	0.0832402200335
328600	0.0832393564172
328700	0.0832441147073
328800	0.0832423878146
328900	0.0832445379649
329000	0.0832422762612
329100	0.083244664635
329200	0.0832424902999
329300	0.0832402929015
329400	0.083240574328
329500	0.0832353050334
329600	0.0832351768702
329700	0.0832324233471
329800	0.0832339222956
329900	0.0832309309843
330000	0.0832317699077
330100	0.0832334731638
330200	0.0832324109333
330300	0.0832319863947
330400	0.0832347080856
330500	0.0832340153663
330600	0.0832314920224
330700	0.0832313378492
330800	0.0832287863264
330900	0.0832290289551
331000	0.0832319502928
331100	0.08323111708
331200	0.0832314559665
331300	0.0832288358133
331400	0.0832284249281
331500	0.0832307724493
331600	0.0832333007714
331700	0.0832356822746
331800	0.0832312932207
331900	0.0832312005696
332000	0.0832367001623
332100	0.083236030395
332200	0.0832393257953
332300	0.0832401709559
332400	0.0832374985051
332500	0.0832364445761
332600	0.0832390281984
332700	0.0832395051214
332800	0.0832401998512
332900	0.0832425861339
333000	0.083244975079
333100	0.0832464072187
333200	0.0832458894976
333300	0.0832448491585
333400	0.0832432084846
333500	0.0832423379522
333600	0.0832459149418
333700	0.083244723505
333800	0.0832454903486
333900	0.0832434220238
334000	0.0832411842063
334100	0.083241725758
334200	0.0832411240279
334300	0.0832384698996
334400	0.0832366159592
334500	0.0832360428228
334600	0.0832333082116
334700	0.0832308131779
334800	0.0832321058152
334900	0.083231822907
335000	0.0832356046274
335100	0.0832371754618
335200	0.0832384246445
335300	0.0832373236347
335400	0.0832372507923
335500	0.0832368191088
335600	0.0832355805763
335700	0.0832347338102
335800	0.0832319049043
335900	0.0832310610556
336000	0.0832296850418
336100	0.0832294263896
336200	0.0832289121204
336300	0.0832300250323
336400	0.083236055126
336500	0.0832334446792
336600	0.0832345424594
336700	0.0832379132446
336800	0.0832400262695
336900	0.0832396100188
337000	0.0832380765947
337100	0.0832408080897
337200	0.0832428074052
337300	0.0832435085434
337400	0.083248039577
337500	0.0832506756092
337600	0.0832522255812
337700	0.0832555494307
337800	0.0832577275046
337900	0.0832571172056
338000	0.0832574084856
338100	0.0832570031573
338200	0.0832592512161
338300	0.0832594441237
338400	0.0832600162424
338500	0.0832608643888
338600	0.0832605605091
338700	0.0832581733084
338800	0.083261788172
338900	0.0832628416756
339000	0.0832646431183
339100	0.08326844209
339200	0.0832704112337
339300	0.0832713615421
339400	0.0832709924536
339500	0.0832727317381
339600	0.0832750075804
339700	0.0832771640007
339800	0.08327576019
339900	0.0832740909415
340000	0.0832762989732
340100	0.0832770191862
340200	0.0832803222048
340300	0.0832786519738
340400	0.0832797407883
340500	0.0832802451974
340600	0.0832786545354
340700	0.0832825693386
340800	0.0832850489218
340900	0.0832851721489
341000	0.0832897872666
341100	0.0832936715092
341200	0.0832935625989
341300	0.083297436313
341400	0.0832978764266
341500	0.0833015822987
341600	0.0833045513252
341700	0.0833075356513
341800	0.0833074263502
341900	0.083306828165
342000	0.0833059471133
342100	0.0833052689657
342200	0.0833052190116
342300	0.0833054336382
342400	0.0833053242989
342500	0.0833063536296
342600	0.0833102073669
342700	0.0833107826237
342800	0.0833132286601
342900	0.08331310538
343000	0.0833099910483
343100	0.0833083148258
343200	0.0833055342405
343300	0.0833036241442
343400	0.0833016010983
343500	0.0833041570506
343600	0.0833029895679
343700	0.0833066411639
343800	0.0833061753082
343900	0.0833065436053
344000	0.0833085326653
344100	0.0833092905473
344200	0.0833110789204
344300	0.083309604327
344400	0.083309235328
344500	0.0833093108625
344600	0.0833095904942
344700	0.083308696319
344800	0.0833081477816
344900	0.0833089535675
345000	0.0833119169475
345100	0.0833118805407
345200	0.0833131882759
345300	0.0833111897756
345400	0.083312471272
345500	0.0833145984521
345600	0.0833158611985
345700	0.0833161652527
345800	0.0833148810288
345900	0.0833147653816
346000	0.0833118382943
346100	0.0833089180497
346200	0.0833095055303
346300	0.0833121437004
346400	0.0833131862099
346500	0.0833102547878
346600	0.0833121580878
346700	0.0833108109717
346800	0.0833088785058
346900	0.083308448148
347000	0.0833074668629
347100	0.0833129761143
347200	0.0833124002937
347300	0.0833101374438
347400	0.0833098773237
347500	0.0833099239196
347600	0.0833086997737
347700	0.0833111102392
347800	0.0833097568527
347900	0.0833102018808
348000	0.0833099269551
348100	0.0833097178163
348200	0.0833102319724
348300	0.0833106413714
348400	0.0833116607515
348500	0.083312855012
348600	0.0833099715027
348700	0.0833051390639
348800	0.0833052757092
348900	0.083308598734
349000	0.083310314874
349100	0.083308822518
349200	0.0833062429439
349300	0.0833124810017
349400	0.0833139393807
349500	0.0833149258934
349600	0.0833164735619
349700	0.0833141502606
349800	0.0833082920362
349900	0.0833061151357
