100	0.0994007779837
200	0.0986889319643
300	0.0941212906102
400	0.0937851131536
500	0.0905434027906
600	0.0914301937155
700	0.0932493739551
800	0.0930706083
900	0.0908630358058
1000	0.0924524849604
1100	0.0907602766214
1200	0.0903184656505
1300	0.0916173698247
1400	0.0916967692121
1500	0.0907137075267
1600	0.091169687
1700	0.0920417091601
1800	0.0919419258031
1900	0.0925509524115
2000	0.0918859591445
2100	0.0923177140952
2200	0.0921046040517
2300	0.0915325659705
2400	0.0921690912201
2500	0.0922366242312
2600	0.0912718479202
2700	0.0909172877754
2800	0.091101375019
2900	0.0905743293057
3000	0.0903456619044
3100	0.0899755745439
3200	0.0895107623022
3300	0.0896294923038
3400	0.0894578263078
3500	0.0891299269449
3600	0.0894067269265
3700	0.0892836802471
3800	0.0892120926424
3900	0.0885668476007
4000	0.0886259324307
4100	0.0888837580343
4200	0.0890716730418
4300	0.0894500624807
4400	0.089644308012
4500	0.0895475949688
4600	0.0895317741484
4700	0.0895609065511
4800	0.0893589537515
4900	0.0891844057863
5000	0.0889142528834
5100	0.0888624689878
5200	0.0887996256366
5300	0.0887726584949
5400	0.0889259538552
5500	0.0889948680685
5600	0.0892033943263
5700	0.0892167859536
5800	0.0889990747904
5900	0.0892267853248
6000	0.0889504034685
6100	0.089092274186
6200	0.0890943898977
6300	0.0890160733112
6400	0.0889533629231
6500	0.0888776858919
6600	0.0887918700468
6700	0.0887447991314
6800	0.0887377704383
6900	0.0886953469394
7000	0.0886538283947
7100	0.0887453106108
7200	0.088611966981
7300	0.0886614200642
7400	0.0888531415056
7500	0.0887120258309
7600	0.0887905021536
7700	0.0890183494041
7800	0.0891133387143
7900	0.0890010875666
8000	0.0888574422978
8100	0.0891842505902
8200	0.0890997772415
8300	0.0890462179889
8400	0.0890919334771
8500	0.0890520326062
8600	0.0888525296673
8700	0.088858793467
8800	0.0888775024373
8900	0.0889100093774
9000	0.0890195879063
9100	0.0890443416887
9200	0.089062650627
9300	0.0889661092862
9400	0.0889783010464
9500	0.0890430921231
9600	0.0890685958376
9700	0.0890923182296
9800	0.0891765188169
9900	0.0893066005075
10000	0.0893112253401
10100	0.0892110854088
10200	0.0892119394179
10300	0.0892074343343
10400	0.0891679198284
10500	0.0890769357342
10600	0.089016907719
10700	0.0888735325447
10800	0.0889845866875
10900	0.0890544829068
11000	0.0888817824034
11100	0.0887079607555
11200	0.0887845517402
11300	0.0889143072648
11400	0.0889708564348
11500	0.0889590205656
11600	0.0889143432588
11700	0.0889167170094
11800	0.088878401415
11900	0.0888833693972
12000	0.0890248857551
12100	0.0890986187028
12200	0.0890428320145
12300	0.0890282758208
12400	0.0890466892114
12500	0.0890205285121
12600	0.0889044897938
12700	0.0889035506338
12800	0.0889156954982
12900	0.0888364767177
13000	0.0888737584635
13100	0.0889249968213
13200	0.0889728446223
13300	0.0889206810835
13400	0.088826294475
13500	0.0887114723089
13600	0.0886646500582
13700	0.0885627692856
13800	0.0885023735672
13900	0.0885065100599
14000	0.0886202502559
14100	0.088696078631
14200	0.0886634676952
14300	0.0886806433444
14400	0.0886672130064
14500	0.0887023533753
14600	0.0886498206175
14700	0.0886351117014
14800	0.0886089326266
14900	0.0885527352873
15000	0.0887378112046
15100	0.0886725943946
15200	0.0885827011142
15300	0.0885313061088
15400	0.0885701801359
15500	0.088541030087
15600	0.0884605878288
15700	0.0884899347352
15800	0.088625888165
15900	0.0887158813501
16000	0.0887443093833
16100	0.088778167277
16200	0.088784140751
16300	0.0888239642318
16400	0.0888537779566
16500	0.0888597425589
16600	0.0888198385442
16700	0.088756138853
16800	0.088822237728
16900	0.0888135867467
17000	0.0888866709524
17100	0.0888802470403
17200	0.0888058239326
17300	0.0888236844357
17400	0.0890136743923
17500	0.0890258416493
17600	0.0891215215419
17700	0.0890803894823
17800	0.0890517289872
17900	0.0891000370023
18000	0.0891739372043
18100	0.0892082408603
18200	0.0892088001184
18300	0.0891778715454
18400	0.0891197889559
18500	0.0890622278826
18600	0.089083146633
18700	0.0890687701051
18800	0.0890956529943
18900	0.0890374088947
19000	0.0889769053013
19100	0.0888777652095
19200	0.0888190735275
19300	0.08885200234
19400	0.0888500358844
19500	0.0887611118757
19600	0.0887220344944
19700	0.0887010147298
19800	0.0886429714874
19900	0.0886862342593
20000	0.0887519312827
20100	0.0887139074949
20200	0.0887469599359
20300	0.0887572703746
20400	0.0887235630503
20500	0.0887002097283
20600	0.0887656233285
20700	0.088677730098
20800	0.0887722506442
20900	0.0887476360665
21000	0.0887942347334
21100	0.0887312078925
21200	0.088759000988
21300	0.0887760575627
21400	0.0887331537699
21500	0.0887903081023
21600	0.0888548120056
21700	0.0888207136465
21800	0.0888786987338
21900	0.0888957814091
22000	0.0889196505644
22100	0.0889465086117
22200	0.0889002345034
22300	0.0888457713902
22400	0.0888286941587
22500	0.0888765670356
22600	0.0888740384806
22700	0.0888852240601
22800	0.0889357108322
22900	0.0889493963529
23000	0.0889798682612
23100	0.089007181181
23200	0.0890664442191
23300	0.0890954975408
23400	0.089116421056
23500	0.0891494220711
23600	0.0891683568336
23700	0.0891709566995
23800	0.08914147719
23900	0.0891450687129
24000	0.0891350959693
24100	0.0891346331534
24200	0.0891118043004
24300	0.0890673606217
24400	0.0890899834877
24500	0.0890949128339
24600	0.0891282485564
24700	0.0891010725253
24800	0.0891457732353
24900	0.0891026311367
25000	0.0890969820673
25100	0.0891205904737
25200	0.0891323708065
25300	0.0890755076136
25400	0.0890433745593
25500	0.089060685503
25600	0.0890320345175
25700	0.0889434613987
25800	0.0889151177387
25900	0.0889612113896
26000	0.0889337628418
26100	0.0888853124472
26200	0.088989929699
26300	0.088960593144
26400	0.088984001173
26500	0.0889574965671
26600	0.088959177516
26700	0.0889325149627
26800	0.088870098144
26900	0.0888516085869
27000	0.088897730467
27100	0.0888585957114
27200	0.0888672226441
27300	0.0888331810201
27400	0.0888186525447
27500	0.0888262132494
27600	0.0888367347191
27700	0.0888427437101
27800	0.0888862550262
27900	0.0888610586468
28000	0.0889370050834
28100	0.0889652842767
28200	0.0890001347143
28300	0.0890378584522
28400	0.0890392365404
28500	0.0890214056231
28600	0.0889957187051
28700	0.0889937912336
28800	0.089083659247
28900	0.0890553680872
29000	0.0891173876173
29100	0.0891692788147
29200	0.0891252789121
29300	0.0890770282258
29400	0.0890223050525
29500	0.0889575464051
29600	0.0889549552249
29700	0.0889632300869
29800	0.0889814720768
29900	0.0890021392875
30000	0.0889918473935
30100	0.0889977083102
30200	0.0889938333685
30300	0.0889900952007
30400	0.0889457004922
30500	0.0889600484639
30600	0.088948928722
30700	0.0889568642945
30800	0.0889665080383
30900	0.0889631990615
31000	0.0889460843551
31100	0.0889512551228
31200	0.0889656186972
31300	0.088965581527
31400	0.088962224797
31500	0.0889223529644
31600	0.0889021812346
31700	0.0889153630839
31800	0.0888909221796
31900	0.0889026060838
32000	0.0888834782694
32100	0.0888380905182
32200	0.088825034787
32300	0.0888523505168
32400	0.0888406180333
32500	0.0887895688005
32600	0.0887459021233
32700	0.0887158579861
32800	0.0887545887791
32900	0.0887751108591
33000	0.0887886049985
33100	0.0887788816492
33200	0.0888067396156
33300	0.0888183058214
33400	0.0888274536869
33500	0.0888068631397
33600	0.0887928380184
33700	0.0887939521139
33800	0.0888058554944
33900	0.0887542672655
34000	0.088748673753
34100	0.0887831986994
34200	0.0887863364329
34300	0.0887726919665
34400	0.0887522839734
34500	0.088751306325
34600	0.0887494987942
34700	0.0887311153495
34800	0.0887410632772
34900	0.0887447238473
35000	0.0888392856007
35100	0.0888420087705
35200	0.0888623133107
35300	0.0888325071287
35400	0.088805511746
35500	0.0887851747783
35600	0.0888427031062
35700	0.0888158650103
35800	0.0888206701902
35900	0.088851747554
36000	0.0888339461188
36100	0.0887956552948
36200	0.0887709403685
36300	0.088792637735
36400	0.0887733665585
36500	0.0887644149326
36600	0.0888139081533
36700	0.0888388825167
36800	0.0888451581308
36900	0.0888481067783
37000	0.0888843212983
37100	0.0889063929449
37200	0.088885068022
37300	0.0889130721334
37400	0.0889052537809
37500	0.0889311316932
37600	0.0889547472026
37700	0.0889418360533
37800	0.0889467571845
37900	0.0888945568631
38000	0.0888829005581
38100	0.0888685030859
38200	0.0888545060076
38300	0.0888550708906
38400	0.0888528946975
38500	0.0888502697631
38600	0.088866607991
38700	0.0888800853323
38800	0.0888851861822
38900	0.0889216478164
39000	0.0889350367327
39100	0.0888661431507
39200	0.0888780027181
39300	0.0888621412208
39400	0.0888788134463
39500	0.0888847592653
39600	0.0888802286518
39700	0.0889317874174
39800	0.0889582303856
39900	0.0889658379928
40000	0.0889731028559
40100	0.0890174154043
40200	0.0890307883021
40300	0.0890314268573
40400	0.0890291706512
40500	0.0890274317782
40600	0.0890648978341
40700	0.0890281674014
40800	0.089016808862
40900	0.0890179209416
41000	0.0890013647512
41100	0.0890045118857
41200	0.0889933964774
41300	0.0890509650042
41400	0.0890594291328
41500	0.0890704306801
41600	0.0890465601597
41700	0.089054404578
41800	0.0890522096337
41900	0.0890279322522
42000	0.0890184826844
42100	0.0889917045562
42200	0.0889874126019
42300	0.0890072005448
42400	0.0889624775336
42500	0.0889464829246
42600	0.0889405073358
42700	0.08890883679
42800	0.0889056464649
42900	0.0889212374671
43000	0.0889359647413
43100	0.088945287667
43200	0.0889267141206
43300	0.0889448324915
43400	0.0889639318172
43500	0.0889604540503
43600	0.0889631903848
43700	0.0889688714382
43800	0.0889610419618
43900	0.0889552735103
44000	0.0889286586341
44100	0.08890115916
44200	0.0888982810269
44300	0.0888875893676
44400	0.0888854231566
44500	0.0889008137473
44600	0.0889197564585
44700	0.0889098194151
44800	0.0889325718096
44900	0.0889482563877
45000	0.0889736670862
45100	0.0889867551146
45200	0.0889707301413
45300	0.0889788600316
45400	0.0889909390616
45500	0.0889916962708
45600	0.0889546254794
45700	0.0889303521092
45800	0.0889141999685
45900	0.0888998498989
46000	0.0888717780406
46100	0.0888872299155
46200	0.0888627772018
46300	0.0888300486522
46400	0.0888628251378
46500	0.0889001641622
46600	0.0888777459622
46700	0.0888747255152
46800	0.0888675733148
46900	0.0888969667474
47000	0.0888897789561
47100	0.0888720658609
47200	0.0888508840265
47300	0.0888224512014
47400	0.0888390239125
47500	0.0888548579028
47600	0.088864572442
47700	0.0888505207852
47800	0.0888559144981
47900	0.0888417218686
48000	0.0888524320049
48100	0.0888555619516
48200	0.0888566802883
48300	0.0888438307736
48400	0.0888493140763
48500	0.0888142217202
48600	0.0888151240795
48700	0.0888141460847
48800	0.0888171676506
48900	0.0888322382243
49000	0.0888073071822
49100	0.088860411515
49200	0.088892627329
49300	0.088877068918
49400	0.088909406998
49500	0.0889087200224
49600	0.0889489928371
49700	0.0889771063201
49800	0.0889555809828
49900	0.0889647466008
50000	0.0889388850605
50100	0.0889274603275
50200	0.0889043417637
50300	0.0889026610241
50400	0.0889072502991
50500	0.0889183744248
50600	0.0889022795698
50700	0.0889193113808
50800	0.0889099316153
50900	0.088880388631
51000	0.0888910873727
51100	0.0888744758728
51200	0.0888616701976
51300	0.0888134894663
51400	0.0887951848199
51500	0.0887912598039
51600	0.0888093439749
51700	0.0888519617478
51800	0.0888378067097
51900	0.0888194686817
52000	0.0888540550679
52100	0.0888581812938
52200	0.088875524139
52300	0.0888614881071
52400	0.08887693398
52500	0.0888899290353
52600	0.0889148668225
52700	0.0889355030015
52800	0.0889343077164
52900	0.0889072837925
53000	0.088899024752
53100	0.0889014222734
53200	0.0889167782866
53300	0.088913672931
53400	0.0889107455843
53500	0.0889242103504
53600	0.0889477326787
53700	0.0889418950923
53800	0.088924135768
53900	0.0889428858798
54000	0.0889623227135
54100	0.0889403740075
54200	0.0889251224531
54300	0.0889443164376
54400	0.0889315151123
54500	0.0889310692618
54600	0.0889228360669
54700	0.0889167013371
54800	0.0888935273836
54900	0.0889152447143
55000	0.08893533112
55100	0.0889362315541
55200	0.0889482685795
55300	0.0889544559976
55400	0.0889358763748
55500	0.0889454901308
55600	0.0889407656889
55700	0.0889416863486
55800	0.0889319286676
55900	0.0889225526147
56000	0.0889383615608
56100	0.0889469058427
56200	0.0889343736296
56300	0.0889452117175
56400	0.0889325206752
56500	0.0889346790831
56600	0.0889194359186
56700	0.0889296704896
56800	0.0889343203256
56900	0.088921693787
57000	0.0889301892352
57100	0.0888996053266
57200	0.0889128046056
57300	0.0889086864059
57400	0.0888908186245
57500	0.0889065269694
57600	0.0888974967827
57700	0.0889088852582
57800	0.0889241226168
57900	0.0889379837385
58000	0.0889327151141
58100	0.0889479126311
58200	0.0889471656654
58300	0.0889176461275
58400	0.0889260911762
58500	0.0889463416038
58600	0.0889322477687
58700	0.088924425793
58800	0.0888904954751
58900	0.0888955399485
59000	0.0889038046257
59100	0.0888948354529
59200	0.0889233539038
59300	0.0889525019981
59400	0.0889623054714
59500	0.088982179493
59600	0.0889802120116
59700	0.089008661987
59800	0.0890413445408
59900	0.0890215617907
60000	0.0890229940097
60100	0.0890258543174
60200	0.0890217847065
60300	0.0889999112644
60400	0.0889860235467
60500	0.0889941890378
60600	0.0889993977957
60700	0.089024877481
60800	0.0890396990328
60900	0.0890586751283
61000	0.0890760928992
61100	0.0891178255941
61200	0.0891327440615
61300	0.0891155185561
61400	0.0891367333583
61500	0.089153661853
61600	0.0891763439545
61700	0.089179462992
61800	0.0891449493061
61900	0.0891291400196
62000	0.0891040481646
62100	0.0890947828222
62200	0.0891042006592
62300	0.0890893316884
62400	0.0890932375523
62500	0.0890927170252
62600	0.0890799078522
62700	0.0890644548317
62800	0.0890594602856
62900	0.0890573381428
63000	0.0890606639574
63100	0.0890749053335
63200	0.0890857928085
63300	0.089079468054
63400	0.0890888459833
63500	0.0890916356492
63600	0.0890795150084
63700	0.0890731935457
63800	0.0890756402649
63900	0.0890598472486
64000	0.089063936769
64100	0.0890532584813
64200	0.0890722278232
64300	0.0890835469587
64400	0.0890916808105
64500	0.0890928621231
64600	0.0890714122763
64700	0.0890698314581
64800	0.0890637692289
64900	0.0890709831775
65000	0.089086713575
65100	0.0890796942926
65200	0.0890954492741
65300	0.089093523968
65400	0.0890889930834
65500	0.089098482406
65600	0.0891085715675
65700	0.089128434449
65800	0.0891380061481
65900	0.0891477543386
66000	0.0891860897894
66100	0.0891760581123
66200	0.0892182423121
66300	0.0892086756695
66400	0.0892003967838
66500	0.0891920652609
66600	0.0892186663562
66700	0.0891892363888
66800	0.0891844308656
66900	0.0891946942799
67000	0.089194183963
67100	0.0891771265591
67200	0.0891836005452
67300	0.0891940669845
67400	0.0892075077581
67500	0.0891957326175
67600	0.0892184708604
67700	0.0891951592649
67800	0.0891743336562
67900	0.0891866138502
68000	0.0892046058005
68100	0.0891967782
68200	0.0892017438348
68300	0.0892003587629
68400	0.0892135650506
68500	0.089210464191
68600	0.0892136360049
68700	0.0892010596403
68800	0.0892052235899
68900	0.0891814761256
69000	0.0891721578528
69100	0.089144306892
69200	0.089132045427
69300	0.0891307959274
69400	0.0891305673055
69500	0.0891082498794
69600	0.089109368934
69700	0.0891167953879
69800	0.0890916625103
69900	0.0891111901134
70000	0.0891177560905
70100	0.089114017548
70200	0.08910977614
70300	0.0891259177945
70400	0.0891312138651
70500	0.0891384908608
70600	0.0891309730923
70700	0.0891369302793
70800	0.0891334868913
70900	0.0891253033801
71000	0.0891141346854
71100	0.0891278982971
71200	0.0891095049768
71300	0.089111322349
71400	0.089116547594
71500	0.0891119790841
71600	0.0891039292327
71700	0.0890975928239
71800	0.0891064713774
71900	0.0891169157075
72000	0.0891029471567
72100	0.0891060455252
72200	0.0890974170328
72300	0.0890798487221
72400	0.0890783607042
72500	0.0890860827053
72600	0.0891058438999
72700	0.0891005755845
72800	0.0891064040494
72900	0.0891066188496
73000	0.0891079784426
73100	0.0891149323006
73200	0.0891202252811
73300	0.0891519243824
73400	0.0891423872249
73500	0.0891377693414
73600	0.0891316990587
73700	0.0891437520577
73800	0.0891441474819
73900	0.0891573465849
74000	0.0891620505553
74100	0.0891583224853
74200	0.0891427197129
74300	0.0891237230188
74400	0.0891388311269
74500	0.0891273241863
74600	0.0891570637917
74700	0.0891426181062
74800	0.0891527157633
74900	0.0891558810654
75000	0.0891619387899
75100	0.0891362259695
75200	0.089150438136
75300	0.0891536313085
75400	0.08915397208
75500	0.0891785666733
75600	0.089163023462
75700	0.0891578574109
75800	0.0891705600115
75900	0.0891741657135
76000	0.0891719269467
76100	0.0891529355057
76200	0.0891494159024
76300	0.0891424683443
76400	0.0891481389892
76500	0.0891605399729
76600	0.0891587700629
76700	0.0891649094333
76800	0.0891679410888
76900	0.0891744345714
77000	0.0891604462905
77100	0.0891398761964
77200	0.0891364380767
77300	0.0891453289364
77400	0.0891436412819
77500	0.089159948387
77600	0.0891616895666
77700	0.0891725371902
77800	0.0891563114098
77900	0.0891509045465
78000	0.0891382822516
78100	0.0891258511317
78200	0.0891129365569
78300	0.0891260751468
78400	0.0891343796763
78500	0.0891127603698
78600	0.089093081554
78700	0.0890827140283
78800	0.0890749454896
78900	0.0890883984279
79000	0.0890896511018
79100	0.0891066695411
79200	0.0891042937592
79300	0.0890945427999
79400	0.0891000910159
79500	0.089102821859
79600	0.0891028384626
79700	0.0891006658157
79800	0.0890840220939
79900	0.0891004208114
80000	0.0890958863329
80100	0.0891117484792
80200	0.08910529599
80300	0.0890877743805
80400	0.0890815104281
80500	0.0890618319572
80600	0.0890702572576
80700	0.0890762397107
80800	0.0890779547435
80900	0.0890714691879
81000	0.0890752458355
81100	0.0890987332843
81200	0.0890876889977
81300	0.0890763118686
81400	0.0890676262337
81500	0.0890790000796
81600	0.0890709059696
81700	0.0890553160058
81800	0.0890426816321
81900	0.0890515379621
82000	0.0890452081841
82100	0.0890474096513
82200	0.0890560435679
82300	0.0890611006442
82400	0.0890787971814
82500	0.0890683360458
82600	0.0890681204228
82700	0.0890455968611
82800	0.0890447433841
82900	0.089036952509
83000	0.0890415156215
83100	0.0890371596859
83200	0.0890525453392
83300	0.0890484935891
83400	0.0890524395766
83500	0.0890717446329
83600	0.0890591880865
83700	0.0890537833121
83800	0.0890613497062
83900	0.0890546501207
84000	0.0890568500072
84100	0.0890576595293
84200	0.0890676445403
84300	0.0890499305501
84400	0.0890236422008
84500	0.0890285947495
84600	0.0890363867449
84700	0.0890361143096
84800	0.0890389515737
84900	0.0890359678579
85000	0.0890260272125
85100	0.08902240236
85200	0.0890455448388
85300	0.0890379614361
85400	0.0890194082992
85500	0.0890160068388
85600	0.0890114314866
85700	0.0890217773425
85800	0.0890253531837
85900	0.0890390518464
86000	0.0890287377651
86100	0.0890386041206
86200	0.089048439897
86300	0.0890365833501
86400	0.0890391893727
86500	0.0890251705311
86600	0.0890116040772
86700	0.0890047860695
86800	0.088997466771
86900	0.0890103712
87000	0.0890073098289
87100	0.0890014690315
87200	0.0890053509364
87300	0.0890117666928
87400	0.0890133657046
87500	0.0890019125785
87600	0.0890112357987
87700	0.089002201989
87800	0.0890215481395
87900	0.0890289454488
88000	0.089033811333
88100	0.0890365743102
88200	0.0890311652217
88300	0.0890281180477
88400	0.0890262212078
88500	0.08901909108
88600	0.0890208545597
88700	0.0890316663854
88800	0.0890402122497
88900	0.0890358685633
89000	0.0890291250206
89100	0.0890301138302
89200	0.0890199831941
89300	0.0890257897349
89400	0.0890006784715
89500	0.0890082085577
89600	0.0889997688067
89700	0.0889905951572
89800	0.0889970355055
89900	0.0889934550738
90000	0.0890030291708
90100	0.0889819102554
90200	0.0889767669546
90300	0.0889810415227
90400	0.088969666728
90500	0.0889803172279
90600	0.0889843331131
90700	0.0889950724572
90800	0.0889898757696
90900	0.0889836419923
91000	0.0889812025854
91100	0.0889867360087
91200	0.0889741480077
91300	0.0889727021489
91400	0.0889773583884
91500	0.0889728903419
91600	0.0889934353977
91700	0.0889956523295
91800	0.0889902221309
91900	0.0890035712306
92000	0.0890204298243
92100	0.0890303184365
92200	0.0890392066601
92300	0.089044672468
92400	0.0890448048694
92500	0.0890607167422
92600	0.0890762862911
92700	0.0890526669865
92800	0.0890339307535
92900	0.0890243194978
93000	0.0890230655746
93100	0.0890312884161
93200	0.0890324911023
93300	0.0890172900297
93400	0.0890258865386
93500	0.0890137114647
93600	0.0890071201467
93700	0.0890332377084
93800	0.0890383046201
93900	0.0890241994984
94000	0.0890279881698
94100	0.0890154297433
94200	0.0890078385305
94300	0.0890255695773
94400	0.0890473962884
94500	0.0890493291884
94600	0.0890502132555
94700	0.0890569356673
94800	0.0890684329548
94900	0.0890804287036
95000	0.0890893843231
95100	0.0890936509378
95200	0.089078751755
95300	0.0890775734453
95400	0.0890909814757
95500	0.0890913516462
95600	0.0890867474722
95700	0.0890872054216
95800	0.0890889801265
95900	0.0890917154384
96000	0.0890959463154
96100	0.0890873349955
96200	0.0890776518073
96300	0.0890767639156
96400	0.0890911835348
96500	0.0890822641621
96600	0.0890780519962
96700	0.0890785287825
96800	0.0890706771528
96900	0.0890530050404
97000	0.0890627319229
97100	0.089069866845
97200	0.0890790437814
97300	0.0890873746817
97400	0.089093456829
97500	0.0890909444661
97600	0.0890833717755
97700	0.0890894834176
97800	0.0890815140845
97900	0.0890813511093
98000	0.0890734584396
98100	0.0890754986098
98200	0.0890816298983
98300	0.089092996
98400	0.0891151494275
98500	0.0891155992688
98600	0.0891102037878
98700	0.0891186698097
98800	0.0891122438158
98900	0.0891070981921
99000	0.0890836466505
99100	0.0890825169296
99200	0.0890743684158
99300	0.0890750748185
99400	0.0890756555389
99500	0.0890832527997
99600	0.0890763304383
99700	0.0890651077005
99800	0.0890678987875
99900	0.0890724532046
100000	0.0890700661664
100100	0.0890697425193
100200	0.0890643390714
100300	0.0890696376114
100400	0.0890571431336
100500	0.0890612591749
100600	0.0890657727572
100700	0.0890588972589
100800	0.0890645784884
100900	0.0890582480639
101000	0.0890581563084
101100	0.0890390968428
101200	0.089031991206
101300	0.0890368326366
101400	0.0890442355965
101500	0.0890467578045
101600	0.0890390026038
101700	0.0890314379403
101800	0.0890173910365
101900	0.0890089528827
102000	0.0890121181461
102100	0.0890119144384
102200	0.0890111844984
102300	0.0890132811115
102400	0.089012582819
102500	0.0890078725976
102600	0.088999719605
102700	0.0889843082531
102800	0.0889718772589
102900	0.0889568315314
103000	0.0889480734489
103100	0.0889710730974
103200	0.088969941651
103300	0.0889635179634
103400	0.0889546448406
103500	0.0889569029195
103600	0.0889536454058
103700	0.088961846176
103800	0.0889548883226
103900	0.0889410836468
104000	0.0889523231796
104100	0.0889484901869
104200	0.0889500142127
104300	0.0889625686227
104400	0.0889741535496
104500	0.0889651907432
104600	0.0889614851436
104700	0.0889555025111
104800	0.0889612943217
104900	0.0889590031353
105000	0.0889608323124
105100	0.0889737251821
105200	0.0889882303491
105300	0.0889879741289
105400	0.0889730743829
105500	0.0889624771875
105600	0.0889454598816
105700	0.0889387635047
105800	0.0889312591384
105900	0.088942108649
106000	0.0889336509579
106100	0.0889219200842
106200	0.0889305398509
106300	0.0889283122487
106400	0.0889328498968
106500	0.0889311348049
106600	0.0889228757629
106700	0.0889248879306
106800	0.0889328593326
106900	0.0889216953544
107000	0.0889335304277
107100	0.0889295486632
107200	0.0889256170229
107300	0.0889316132653
107400	0.0889331274209
107500	0.0889351854496
107600	0.0889328121707
107700	0.0889405236223
107800	0.0889435013975
107900	0.0889357910758
108000	0.088929628149
108100	0.0889254921546
108200	0.088922419674
108300	0.0889271979876
108400	0.0889274524152
108500	0.0889328388494
108600	0.0889271540923
108700	0.0889288371127
108800	0.0889200915075
108900	0.0889291101502
109000	0.0889297183435
109100	0.0889361950312
109200	0.0889448361441
109300	0.0889593277204
109400	0.0889526386678
109500	0.0889436296841
109600	0.0889376320905
109700	0.0889439054161
109800	0.0889483609985
109900	0.0889393042796
110000	0.0889297389126
110100	0.0889287191132
110200	0.0889311433157
110300	0.0889299259684
110400	0.088921941462
110500	0.088932631697
110600	0.0889367725652
110700	0.0889432763859
110800	0.0889503228882
110900	0.0889630270728
111000	0.0889693939009
111100	0.0889760421166
111200	0.0889859461732
111300	0.0889934109517
111400	0.0889942943016
111500	0.0890013496546
111600	0.0889845585654
111700	0.088983556049
111800	0.0889712129266
111900	0.0889835660775
112000	0.0889777944757
112100	0.0889822105639
112200	0.0889740003705
112300	0.0889640517972
112400	0.0889518605237
112500	0.0889540679484
112600	0.0889448649434
112700	0.0889358134364
112800	0.0889319885448
112900	0.0889142941629
113000	0.0889244174207
113100	0.0889496169996
113200	0.0889725990229
113300	0.0889669006237
113400	0.0889569605354
113500	0.0889448085023
113600	0.088949578968
113700	0.088937870473
113800	0.0889372835633
113900	0.0889465165568
114000	0.0889432144136
114100	0.0889338561563
114200	0.088937864765
114300	0.0889424860475
114400	0.0889521689703
114500	0.0889527170826
114600	0.0889492978368
114700	0.0889583425279
114800	0.0889522750513
114900	0.0889409667657
115000	0.0889426962373
115100	0.0889777459517
115200	0.0889846529949
115300	0.0889874229451
115400	0.0889954148489
115500	0.0889935379583
115600	0.0889996028409
115700	0.0889966504803
115800	0.0889908778676
115900	0.0890038396546
116000	0.0890060384938
116100	0.0890101362476
116200	0.0890119440949
116300	0.0890003424745
116400	0.0889947960588
116500	0.0889985407291
116600	0.0889978392532
116700	0.0890142060014
116800	0.0890078790738
116900	0.0890015125404
117000	0.0889897069451
117100	0.0889815322746
117200	0.088968730002
117300	0.0889629984468
117400	0.0889515836016
117500	0.0889555086165
117600	0.0889642161265
117700	0.0889680435815
117800	0.088967402207
117900	0.0889700775203
118000	0.0889654250883
118100	0.0889653657648
118200	0.0889727465825
118300	0.0889782793526
118400	0.0889870735414
118500	0.0889826740746
118600	0.0889663544422
118700	0.0889781962885
118800	0.0889720377911
118900	0.0889796024646
119000	0.0889865675011
119100	0.0889830492516
119200	0.0889902607787
119300	0.088987445321
119400	0.0889890828834
119500	0.0889743214072
119600	0.0889899197472
119700	0.088996479164
119800	0.0889950130432
119900	0.0889912022115
120000	0.0889914732656
120100	0.0889798992209
120200	0.0889785860871
120300	0.0889834243914
120400	0.088983145115
120500	0.0889843624896
120600	0.088977958919
120700	0.088982110682
120800	0.0889933321673
120900	0.0889909468494
121000	0.0889925988917
121100	0.0889792599828
121200	0.0889681443567
121300	0.0889629928733
121400	0.0889666745884
121500	0.08897011983
121600	0.0889584166074
121700	0.0889568526686
121800	0.088962233797
121900	0.0889551809418
122000	0.0889448600045
122100	0.088939526355
122200	0.088935117179
122300	0.0889380592321
122400	0.0889333919273
122500	0.0889228914083
122600	0.0889153668243
122700	0.0889298160051
122800	0.0889353047005
122900	0.0889362114212
123000	0.0889438061832
123100	0.0889347129926
123200	0.0889278466462
123300	0.0889237137422
123400	0.0889255066546
123500	0.0889205200526
123600	0.0889261307501
123700	0.0889196970371
123800	0.0889229741047
123900	0.0889236009588
124000	0.0889219667487
124100	0.0889164186312
124200	0.0889231524088
124300	0.0889207864871
124400	0.0889131200866
124500	0.088915847512
124600	0.0889114733553
124700	0.0889053725803
124800	0.0889093412287
124900	0.0889124594484
125000	0.088917471325
125100	0.0889149097232
125200	0.0889048724129
125300	0.0889156582974
125400	0.0889299648997
125500	0.0889123450123
125600	0.0889203223665
125700	0.088926920094
125800	0.0889276747564
125900	0.0889268252321
126000	0.0889244963876
126100	0.0889262698061
126200	0.0889220171829
126300	0.088926649913
126400	0.0889446347091
126500	0.0889432256521
126600	0.0889445458878
126700	0.088944576568
126800	0.0889405597801
126900	0.0889366708104
127000	0.0889365224712
127100	0.088926261119
127200	0.0889307440301
127300	0.0889216299083
127400	0.088927187608
127500	0.0889282871776
127600	0.0889287053356
127700	0.0889286532432
127800	0.0889285904217
127900	0.0889352618718
128000	0.0889230083748
128100	0.0889286024858
128200	0.0889188790515
128300	0.0889206065937
128400	0.0889173064375
128500	0.0889203627647
128600	0.0889223840568
128700	0.0889253022584
128800	0.0889393745286
128900	0.0889396131649
129000	0.0889408663725
129100	0.0889561114495
129200	0.0889528832605
129300	0.0889558425981
129400	0.088967079666
129500	0.0889814296618
129600	0.0889841879609
129700	0.088980320744
129800	0.0889743979305
129900	0.088969076259
130000	0.0889703352146
130100	0.0889750934697
130200	0.0889685387258
130300	0.088976617362
130400	0.0889780090526
130500	0.088973318281
130600	0.088967115387
130700	0.0889809561135
130800	0.0889805149155
130900	0.0889831584444
131000	0.088990898328
131100	0.0889908263773
131200	0.0889808460774
131300	0.0889771688541
131400	0.0889823414865
131500	0.0889756169447
131600	0.0889661735878
131700	0.0889625971667
131800	0.0889654179507
131900	0.08896589373
132000	0.0889548516611
132100	0.08894613716
132200	0.0889253440385
132300	0.0889252903933
132400	0.0889290823441
132500	0.088919136305
132600	0.0889143582426
132700	0.0889264201938
132800	0.08892294039
132900	0.088930640471
133000	0.0889394045071
133100	0.0889321732803
133200	0.0889296488065
133300	0.0889333491296
133400	0.08892486498
133500	0.0889301622663
133600	0.0889289822551
133700	0.0889203504236
133800	0.0889254916759
133900	0.0889192889181
134000	0.0889193801307
134100	0.0889169100807
134200	0.088916898544
134300	0.0889043497087
134400	0.0888987530905
134500	0.0888891124408
134600	0.0888968336692
134700	0.0889027060822
134800	0.0889023546903
134900	0.0889048944937
135000	0.0889014113126
135100	0.0888959194663
135200	0.0888951586488
135300	0.0888944861489
135400	0.0888914476511
135500	0.0888876595961
135600	0.088889518909
135700	0.0888953042664
135800	0.0889025517335
135900	0.0888982981836
136000	0.0888943801393
136100	0.0888923586
136200	0.0888958447214
136300	0.0888832442451
136400	0.0888900026734
136500	0.0888930052288
136600	0.088894482155
136700	0.0888887152669
136800	0.0888874458609
136900	0.0888936129294
137000	0.0888946839616
137100	0.0888854364862
137200	0.0888826534141
137300	0.088871962768
137400	0.0888661587003
137500	0.0888782827115
137600	0.0888765558589
137700	0.0888745534115
137800	0.0888682009047
137900	0.0888729058652
138000	0.0888678572015
138100	0.0888596129317
138200	0.0888642251665
138300	0.0888600764755
138400	0.0888563925212
138500	0.0888612994751
138600	0.0888528575095
138700	0.0888432786718
138800	0.0888348505752
138900	0.0888337058547
139000	0.0888377349942
139100	0.08883236362
139200	0.0888355646322
139300	0.0888280177408
139400	0.0888312619967
139500	0.0888335136147
139600	0.0888373861167
139700	0.0888398787723
139800	0.0888465742623
139900	0.0888387048335
140000	0.0888449649862
140100	0.0888410988165
140200	0.0888307346272
140300	0.0888228697109
140400	0.0888204806764
140500	0.0888208928611
140600	0.0888199626379
140700	0.0888206835083
140800	0.0888204831613
140900	0.0888197062483
141000	0.0888069341284
141100	0.0888048265338
141200	0.0887906806265
141300	0.0887903818603
141400	0.0887946866724
141500	0.0888009692508
141600	0.0888057374526
141700	0.0887981775177
141800	0.0887841463364
141900	0.0887809242638
142000	0.0887798181842
142100	0.0887674700845
142200	0.0887600805334
142300	0.0887608364204
142400	0.0887640520271
142500	0.0887573761436
142600	0.0887517465455
142700	0.0887535048778
142800	0.0887436984821
142900	0.088752431602
143000	0.0887659487414
143100	0.0887681246932
143200	0.0887728941692
143300	0.0887635491728
143400	0.0887552849272
143500	0.0887535923879
143600	0.0887461483989
143700	0.0887467637805
143800	0.0887445215603
143900	0.0887430108489
144000	0.0887336085594
144100	0.0887304633307
144200	0.0887282911063
144300	0.0887285075099
144400	0.0887190544189
144500	0.0887245880395
144600	0.0887282338584
144700	0.0887263566792
144800	0.0887244082651
144900	0.0887094038462
145000	0.0887073437687
145100	0.0887004888178
145200	0.0886923714314
145300	0.0886910240128
145400	0.0886991902584
145500	0.0886995797032
145600	0.0886971528721
145700	0.0887039273081
145800	0.0887025036856
145900	0.0887008517655
146000	0.0887130510481
146100	0.0887236481105
146200	0.0887222861158
146300	0.0887174122412
146400	0.088718786074
146500	0.0887251951707
146600	0.0887317740841
146700	0.0887329857627
146800	0.0887309595116
146900	0.0887391382904
147000	0.0887377375834
147100	0.0887351624152
147200	0.0887342264096
147300	0.0887378510138
147400	0.0887410785368
147500	0.0887435727633
147600	0.0887455306583
147700	0.088741071943
147800	0.0887465165751
147900	0.0887546373174
148000	0.0887476896821
148100	0.0887599266272
148200	0.0887609953044
148300	0.088757528737
148400	0.0887459474587
148500	0.0887595562869
148600	0.088759997914
148700	0.0887670567975
148800	0.0887685777962
148900	0.0887771922561
149000	0.0887802002796
149100	0.0887847879763
149200	0.0887707458918
149300	0.0887782131141
149400	0.0887750609632
149500	0.0887723849744
149600	0.0887754904134
149700	0.088777145364
149800	0.0887794300966
149900	0.0887838017939
150000	0.0887881743941
150100	0.0887854495999
150200	0.088781369277
150300	0.0887900515043
150400	0.0887918067949
150500	0.0888025711964
150600	0.0888049812561
150700	0.0888039337552
150800	0.0888092145378
150900	0.0888157086357
151000	0.0888148747129
151100	0.0888104873857
151200	0.0888005802747
151300	0.0887946038368
151400	0.0887901628356
151500	0.088788442403
151600	0.0887979750231
151700	0.0888019661585
151800	0.0888106322408
151900	0.0888145875864
152000	0.0888183582758
152100	0.0888242293638
152200	0.088820901327
152300	0.0888229941084
152400	0.0888220286195
152500	0.0888161481506
152600	0.0888222511451
152700	0.0888180218502
152800	0.0888144945074
152900	0.0888100833173
153000	0.0888091226457
153100	0.0888030654003
153200	0.0888047633738
153300	0.0887952973995
153400	0.0887910090687
153500	0.0887926443128
153600	0.0887920567612
153700	0.0887906522069
153800	0.0887850911998
153900	0.088776740523
154000	0.0887797103379
154100	0.0887774610299
154200	0.0887780272295
154300	0.0887777138753
154400	0.0887727443249
154500	0.0887846409899
154600	0.0887882197908
154700	0.0888034366532
154800	0.0888069910775
154900	0.0888075946076
155000	0.0888071077873
155100	0.0888117946779
155200	0.0888098075017
155300	0.0887997647078
155400	0.0887899261095
155500	0.0887925937985
155600	0.0887949655308
155700	0.0887983146396
155800	0.0888124109663
155900	0.0888040375719
156000	0.0888012452786
156100	0.0887936068018
156200	0.0887913396687
156300	0.0887875705528
156400	0.0887834216749
156500	0.0887764896581
156600	0.0887699300915
156700	0.0887715758187
156800	0.0887711841001
156900	0.08877149838
157000	0.0887635576351
157100	0.0887555961783
157200	0.0887599091862
157300	0.0887601944025
157400	0.0887680800093
157500	0.0887655311747
157600	0.088771892165
157700	0.0887726403076
157800	0.0887644692488
157900	0.0887650757508
158000	0.0887790121801
158100	0.0887807172342
158200	0.0887840287457
158300	0.0887752413117
158400	0.0887632287791
158500	0.0887667434501
158600	0.0887592898883
158700	0.0887556899531
158800	0.0887602323047
158900	0.0887696447401
159000	0.0887756589738
159100	0.08877799158
159200	0.0887742033397
159300	0.0887696589973
159400	0.088761609015
159500	0.0887609440106
159600	0.0887711523896
159700	0.0887724604851
159800	0.0887724697492
159900	0.0887662873584
160000	0.0887731084787
160100	0.088772151837
160200	0.0887780305278
160300	0.0887693972527
160400	0.0887736450571
160500	0.0887804294327
160600	0.0887702413789
160700	0.0887634248306
160800	0.0887590373437
160900	0.0887541445058
161000	0.0887521187953
161100	0.0887505273443
161200	0.0887468828218
161300	0.0887498720524
161400	0.0887487147798
161500	0.08874493102
161600	0.0887481076809
161700	0.0887442034947
161800	0.0887479195647
161900	0.0887483138576
162000	0.0887475309494
162100	0.088743063955
162200	0.0887466182033
162300	0.0887426139293
162400	0.0887446924248
162500	0.0887518423714
162600	0.0887493969651
162700	0.0887453800432
162800	0.0887433837354
162900	0.0887455247193
163000	0.0887508692625
163100	0.0887624001634
163200	0.0887607192602
163300	0.0887601004392
163400	0.0887631960156
163500	0.0887753160627
163600	0.0887683844385
163700	0.0887756988969
163800	0.0887793646031
163900	0.0887776781833
164000	0.0887651547531
164100	0.0887649007566
164200	0.0887626900885
164300	0.088765905003
164400	0.0887652242948
164500	0.0887650500061
164600	0.0887708423983
164700	0.0887702541965
164800	0.0887668024632
164900	0.0887646733094
165000	0.0887618733133
165100	0.0887716696206
165200	0.088772954916
165300	0.0887773476026
165400	0.0887823054035
165500	0.0887832044704
165600	0.0887749358673
165700	0.088777499106
165800	0.0887694785226
165900	0.0887707935295
166000	0.0887673540095
166100	0.0887633909703
166200	0.0887616599996
166300	0.0887654010297
166400	0.0887652386885
166500	0.0887593775493
166600	0.0887502640463
166700	0.0887533077623
166800	0.0887575389176
166900	0.088749110672
167000	0.0887499171225
167100	0.0887454622309
167200	0.0887448237752
167300	0.0887463272183
167400	0.0887445871215
167500	0.0887394897322
167600	0.0887373373219
167700	0.088734987864
167800	0.0887343126777
167900	0.0887304831986
168000	0.0887428510348
168100	0.0887525196537
168200	0.0887485492511
168300	0.0887438445961
168400	0.0887474590132
168500	0.0887457281465
168600	0.0887461216467
168700	0.0887501767195
168800	0.0887494108417
168900	0.088754577266
169000	0.0887614307488
169100	0.0887541929531
169200	0.088743257512
169300	0.0887423934961
169400	0.088738736278
169500	0.0887479607056
169600	0.088746268866
169700	0.088760712695
169800	0.0887654072957
169900	0.0887695715858
170000	0.0887729341203
170100	0.0887707612592
170200	0.0887846617955
170300	0.0887856767822
170400	0.0887798251005
170500	0.0887857082565
170600	0.0887873725989
170700	0.0887785895753
170800	0.0887834013463
170900	0.0887783011786
171000	0.0887799408477
171100	0.0887728349161
171200	0.0887681378105
171300	0.0887642966187
171400	0.0887725876609
171500	0.088770375084
171600	0.088763137766
171700	0.0887640698946
171800	0.0887649834345
171900	0.0887617062404
172000	0.0887553861307
172100	0.0887549070947
172200	0.0887558120499
172300	0.0887490876085
172400	0.0887472630655
172500	0.0887523111411
172600	0.0887520004804
172700	0.0887430659181
172800	0.0887466288821
172900	0.0887459065174
173000	0.0887477815003
173100	0.088743821868
173200	0.0887441343222
173300	0.0887441437618
173400	0.0887450761203
173500	0.0887442878485
173600	0.0887512920827
173700	0.0887515066046
173800	0.0887441561618
173900	0.088748091216
174000	0.0887464430565
174100	0.0887575177387
174200	0.0887600075729
174300	0.0887617840174
174400	0.088759278122
174500	0.088753286607
174600	0.0887535443697
174700	0.0887612697791
174800	0.0887717996625
174900	0.0887702003904
175000	0.0887603018352
175100	0.0887608122389
175200	0.088763413534
175300	0.0887657443327
175400	0.088765161073
175500	0.0887704509755
175600	0.0887729829828
175700	0.0887641715954
175800	0.0887653629774
175900	0.0887707801954
176000	0.0887688459246
176100	0.0887721844545
176200	0.0887798303212
176300	0.0887787760402
176400	0.0887777325436
176500	0.088783711637
176600	0.0887822535068
176700	0.0887761691791
176800	0.0887730198606
176900	0.0887743221421
177000	0.0887776064355
177100	0.0887838832645
177200	0.0887778238465
177300	0.0887710092865
177400	0.0887695743188
177500	0.088763691426
177600	0.0887596881856
177700	0.088763122124
177800	0.088762702621
177900	0.0887631046567
178000	0.0887507491453
178100	0.0887536927264
178200	0.0887521205669
178300	0.088747392614
178400	0.088748835419
178500	0.0887526945011
178600	0.0887459670195
178700	0.0887539094272
178800	0.0887512107966
178900	0.0887556335385
179000	0.0887529946743
179100	0.0887429809891
179200	0.088746816765
179300	0.0887498642794
179400	0.0887491529074
179500	0.0887461507071
179600	0.0887446706243
179700	0.0887402348421
179800	0.08874289588
179900	0.0887485981164
180000	0.0887464368841
180100	0.0887344806235
180200	0.0887334769085
180300	0.088733589139
180400	0.0887347000204
180500	0.0887315203664
180600	0.0887290666519
180700	0.0887359439031
180800	0.0887321325304
180900	0.0887333639155
181000	0.0887302767455
181100	0.0887167707372
181200	0.0887181751092
181300	0.0887236866186
181400	0.0887171315351
181500	0.0887173216037
181600	0.0887157419213
181700	0.0887231228804
181800	0.0887197817669
181900	0.088715485474
182000	0.0887075940034
182100	0.0887169989777
182200	0.0887247211904
182300	0.0887235130534
182400	0.0887192796242
182500	0.0887223032546
182600	0.0887239849598
182700	0.0887297867413
182800	0.0887308478031
182900	0.088731927219
183000	0.0887366685994
183100	0.0887369892552
183200	0.0887381994437
183300	0.0887455144581
183400	0.0887462639013
183500	0.0887388411913
183600	0.0887391649217
183700	0.0887399415976
183800	0.0887424755566
183900	0.0887401164346
184000	0.088735210351
184100	0.0887338556501
184200	0.0887323362135
184300	0.0887263766015
184400	0.0887267974485
184500	0.0887289093499
184600	0.0887301284384
184700	0.0887268588227
184800	0.0887212211139
184900	0.0887235791737
185000	0.0887194085444
185100	0.0887182148134
185200	0.0887101672138
185300	0.0887022346372
185400	0.0886983423805
185500	0.0886987541558
185600	0.0886982079873
185700	0.0886950648748
185800	0.0886944745824
185900	0.088697521122
186000	0.0886939967605
186100	0.0886944510384
186200	0.0886926877925
186300	0.0886919200886
186400	0.0886881027017
186500	0.0886882725441
186600	0.0886838203606
186700	0.0886888118726
186800	0.0886839471009
186900	0.0886897098869
187000	0.0886923057067
187100	0.0886945620083
187200	0.0886887000912
187300	0.0886891085125
187400	0.0886879443687
187500	0.0886795340687
187600	0.0886789384256
187700	0.0886799512517
187800	0.0886860789539
187900	0.0886787233837
188000	0.0886757821828
188100	0.0886759760656
188200	0.088675034261
188300	0.0886789722921
188400	0.0886767884764
188500	0.0886806873711
188600	0.0886827275822
188700	0.0886811716759
188800	0.0886772933682
188900	0.0886809585218
189000	0.08867961807
189100	0.0886838232029
189200	0.0886878954256
189300	0.0886880057627
189400	0.0886838402052
189500	0.088682621975
189600	0.0886832924277
189700	0.0886807549301
189800	0.0886883077197
189900	0.0886881606388
190000	0.0886909711713
190100	0.0886887597125
190200	0.0886847972231
190300	0.0886878231506
190400	0.0886849121977
190500	0.088691300672
190600	0.0886879453836
190700	0.088695341776
190800	0.0887025326056
190900	0.0887026998344
191000	0.0887044769573
191100	0.0887042488089
191200	0.0886970956313
191300	0.0887019543273
191400	0.0886902449821
191500	0.0886915186705
191600	0.0886836123829
191700	0.0886778255648
191800	0.0886758564421
191900	0.0886749491186
192000	0.0886708706694
192100	0.0886687955359
192200	0.0886641145604
192300	0.0886656108982
192400	0.0886709628658
192500	0.0886723375392
192600	0.0886715994866
192700	0.0886696991481
192800	0.0886695374756
192900	0.0886666246006
193000	0.0886590775928
193100	0.0886520006393
193200	0.0886562873242
193300	0.088652534748
193400	0.0886483066926
193500	0.0886479185017
193600	0.0886468261856
193700	0.088654072465
193800	0.0886571425801
193900	0.0886474411032
194000	0.0886449719832
194100	0.0886393751212
194200	0.0886380538093
194300	0.0886352614433
194400	0.0886332188284
194500	0.0886373662403
194600	0.0886407855327
194700	0.0886476106285
194800	0.0886629524862
194900	0.088670887223
195000	0.0886603625774
195100	0.0886612868503
195200	0.088656742895
195300	0.0886502657324
195400	0.0886511857178
195500	0.0886469256289
195600	0.088643810089
195700	0.0886392720833
195800	0.0886357313047
195900	0.0886348272814
196000	0.0886444942467
196100	0.0886480664428
196200	0.0886477494557
196300	0.0886466106973
196400	0.0886465469372
196500	0.0886528663148
196600	0.0886524308509
196700	0.0886485341063
196800	0.0886489625245
196900	0.0886437157919
197000	0.0886423960902
197100	0.088644410861
197200	0.0886546720385
197300	0.0886504087856
197400	0.0886484235559
197500	0.0886488272333
197600	0.0886561468749
197700	0.0886582916969
197800	0.0886566848251
197900	0.0886565255131
198000	0.0886488049969
198100	0.0886465337841
198200	0.0886437309552
198300	0.0886326305334
198400	0.0886373661102
198500	0.0886407879584
198600	0.0886454219526
198700	0.0886426223443
198800	0.088644422006
198900	0.0886506197784
199000	0.088640670631
199100	0.0886444067524
199200	0.0886485025092
199300	0.0886472056146
199400	0.0886371793102
199500	0.0886359337807
199600	0.0886273248544
199700	0.0886266025716
199800	0.0886326248082
199900	0.0886376074834
200000	0.088631438207
200100	0.0886236900749
200200	0.0886189063526
200300	0.0886195038726
200400	0.0886222255341
200500	0.0886332815619
200600	0.088631810305
200700	0.0886377300286
200800	0.0886411303243
200900	0.0886413733681
201000	0.0886394124404
201100	0.0886429889847
201200	0.0886423523085
201300	0.0886471612065
201400	0.0886488847138
201500	0.0886430375606
201600	0.0886464165528
201700	0.0886426842276
201800	0.0886367860595
201900	0.0886259037497
202000	0.0886238585965
202100	0.0886251642752
202200	0.0886297493769
202300	0.0886215342837
202400	0.0886200906863
202500	0.088615622913
202600	0.088624798073
202700	0.0886281416383
202800	0.0886323994405
202900	0.088636741399
203000	0.0886496893116
203100	0.088656232951
203200	0.0886661735341
203300	0.0886693402155
203400	0.0886722753506
203500	0.0886738153655
203600	0.0886769132645
203700	0.0886832217751
203800	0.0886821171863
203900	0.0886862508763
204000	0.0886851578667
204100	0.0886847398655
204200	0.0886866941342
204300	0.08869369224
204400	0.0886892905668
204500	0.0886966926686
204600	0.0887018572696
204700	0.0887061280158
204800	0.0887072678441
204900	0.0886996402251
205000	0.088700512577
205100	0.0887042137205
205200	0.0887069156611
205300	0.0887101234025
205400	0.0887058736575
205500	0.0887031289688
205600	0.0887062503965
205700	0.0887063177913
205800	0.0887098506259
205900	0.0887090789678
206000	0.0887153206822
206100	0.088710929726
206200	0.0887123694023
206300	0.0887071339499
206400	0.088704903675
206500	0.0887075866081
206600	0.0887075467361
206700	0.0887087641984
206800	0.0887087023614
206900	0.088708710073
207000	0.0887085733766
207100	0.0887051333051
207200	0.0887006489205
207300	0.0887115850699
207400	0.0887082779363
207500	0.0887076168593
207600	0.0887060628763
207700	0.0887078165179
207800	0.088700847512
207900	0.0887065293388
208000	0.088710516639
208100	0.0887095787572
208200	0.088707599506
208300	0.0887152125918
208400	0.0887074414134
208500	0.0887095700159
208600	0.0887099169519
208700	0.0887119889813
208800	0.0887113984292
208900	0.0887119683387
209000	0.0887110688284
209100	0.0887096193158
209200	0.0887138339602
209300	0.0887114186261
209400	0.0887082942035
209500	0.0887011421561
209600	0.0887018806713
209700	0.0887053314459
209800	0.0887072720143
209900	0.0887000483976
210000	0.0887036377448
210100	0.0887001761428
210200	0.0886990888449
210300	0.0887002494572
210400	0.0887045002662
210500	0.0887126251797
210600	0.0887178773994
210700	0.0887181796128
210800	0.0887153311905
210900	0.0887160589772
211000	0.0887210928506
211100	0.0887166739001
211200	0.0887229000153
211300	0.0887242347084
211400	0.088720922987
211500	0.0887293453886
211600	0.0887328623223
211700	0.0887315350254
211800	0.0887286588812
211900	0.0887345063028
212000	0.0887326957366
212100	0.0887297437277
212200	0.0887308106863
212300	0.0887249053836
212400	0.0887320799011
212500	0.0887361893294
212600	0.0887347494843
212700	0.0887340395171
212800	0.0887405294946
212900	0.0887384956082
213000	0.0887414986242
213100	0.0887465006052
213200	0.088748454357
213300	0.0887451156682
213400	0.0887460546593
213500	0.088746792524
213600	0.088748423093
213700	0.0887487519188
213800	0.0887496757043
213900	0.0887461547892
214000	0.0887468281219
214100	0.0887369967235
214200	0.0887363986946
214300	0.0887367093878
214400	0.0887367236857
214500	0.0887375950524
214600	0.0887415538195
214700	0.0887420402099
214800	0.0887485907813
214900	0.0887489785596
215000	0.0887493923649
215100	0.0887566066249
215200	0.0887496241779
215300	0.088751701529
215400	0.0887516665981
215500	0.088749940652
215600	0.0887528385023
215700	0.0887510411887
215800	0.0887464931196
215900	0.0887503291551
216000	0.0887469306909
216100	0.0887484918782
216200	0.0887493370741
216300	0.0887482358101
216400	0.0887567392187
216500	0.0887607976224
216600	0.0887628730993
216700	0.0887540387986
216800	0.088751151557
216900	0.0887507604716
217000	0.0887495015286
217100	0.0887490840093
217200	0.088742924143
217300	0.0887415350002
217400	0.0887360949092
217500	0.0887369097059
217600	0.0887269298545
217700	0.0887270673203
217800	0.0887242115177
217900	0.0887206584518
218000	0.0887204201013
218100	0.0887199058697
218200	0.0887232766208
218300	0.0887206251047
218400	0.0887218979071
218500	0.088727800204
218600	0.0887295095147
218700	0.0887283273465
218800	0.088727784886
218900	0.0887279061238
219000	0.088724298197
219100	0.0887205527963
219200	0.0887149295634
219300	0.0887130171285
219400	0.088712079826
219500	0.0887156531707
219600	0.0887100423918
219700	0.0887093416293
219800	0.0887109394711
219900	0.0887089447064
220000	0.0887087884929
220100	0.088711325926
220200	0.0887092166146
220300	0.0887070523321
220400	0.0887066514257
220500	0.0887174189186
220600	0.0887213301618
220700	0.0887188121984
220800	0.0887254080196
220900	0.0887200957124
221000	0.0887206460426
221100	0.0887268832951
221200	0.0887364237776
221300	0.0887271177572
221400	0.0887306713583
221500	0.0887277663632
221600	0.0887298099274
221700	0.0887306077104
221800	0.0887312221829
221900	0.0887435730681
222000	0.088742895658
222100	0.0887406457053
222200	0.0887406949938
222300	0.0887433550085
222400	0.088748851655
222500	0.0887482287851
222600	0.08873966398
222700	0.0887394392882
222800	0.0887361557774
222900	0.0887357185801
223000	0.088731903067
223100	0.0887319302704
223200	0.0887352621315
223300	0.0887355301676
223400	0.0887353186532
223500	0.0887329096041
223600	0.0887378432158
223700	0.0887404280527
223800	0.0887426322277
223900	0.0887456538102
224000	0.0887345410811
224100	0.0887405505017
224200	0.088734032958
224300	0.088733003742
224400	0.0887269074165
224500	0.0887380454628
224600	0.0887351378525
224700	0.0887409446489
224800	0.088738551242
224900	0.0887403554188
225000	0.088737305183
225100	0.0887361289064
225200	0.0887350835985
225300	0.0887295159284
225400	0.0887246237662
225500	0.0887192965821
225600	0.0887158792875
225700	0.0887239530054
225800	0.0887246321502
225900	0.0887285082552
226000	0.0887267358462
226100	0.0887251958222
226200	0.0887199912776
226300	0.0887231380045
226400	0.088725386681
226500	0.0887287050759
226600	0.0887312599825
226700	0.0887308604849
226800	0.0887262571833
226900	0.0887313268909
227000	0.088729945894
227100	0.0887229859968
227200	0.0887216915053
227300	0.08872035842
227400	0.0887145757844
227500	0.0887140344901
227600	0.0887177384722
227700	0.0887138510477
227800	0.0887089990088
227900	0.088712791177
228000	0.0887095482355
228100	0.0887029859817
228200	0.0887016023449
228300	0.0887035389512
228400	0.0887011633554
228500	0.0887026836184
228600	0.0887014817487
228700	0.0886999943269
228800	0.0887028310274
228900	0.0887007669459
229000	0.0887043598883
229100	0.0887092981272
229200	0.088708840526
229300	0.0887070137999
229400	0.0887128974319
229500	0.0887176932746
229600	0.0887185845301
229700	0.0887179532479
229800	0.0887183219088
229900	0.0887130082856
230000	0.0887189409201
230100	0.0887194926926
230200	0.0887192030672
230300	0.0887169494103
230400	0.0887183481935
230500	0.0887211935548
230600	0.0887210173559
230700	0.0887218581403
230800	0.0887254171727
230900	0.0887264744426
231000	0.0887242940013
231100	0.0887285860849
231200	0.0887304395022
231300	0.0887254385138
231400	0.0887278770788
231500	0.0887250412525
231600	0.0887244256359
231700	0.0887254158666
231800	0.0887254266577
231900	0.0887216896292
232000	0.0887204212503
232100	0.0887238314174
232200	0.0887277851803
232300	0.0887271744337
232400	0.0887268126598
232500	0.0887254516377
232600	0.0887181269822
232700	0.0887163416246
232800	0.088721417806
232900	0.0887258479556
233000	0.0887241823886
233100	0.0887266431529
233200	0.0887221939294
233300	0.0887194170569
233400	0.0887107908157
233500	0.0887127280368
233600	0.0887123888865
233700	0.088714162574
233800	0.0887177335163
233900	0.0887192859667
234000	0.0887193844869
234100	0.0887170232268
234200	0.0887152684715
234300	0.0887219316504
234400	0.0887207555944
234500	0.0887175291288
234600	0.0887135043525
234700	0.0887131299324
234800	0.0887104518065
234900	0.0887059034978
235000	0.0887113153019
235100	0.088712467319
235200	0.0887130819495
235300	0.0887088056791
235400	0.0887114258533
235500	0.0887112894609
235600	0.0887078751383
235700	0.0887118063561
235800	0.0887124051203
235900	0.0887087490834
236000	0.0887104602382
236100	0.0887083257926
236200	0.0887091775737
236300	0.0887084637002
236400	0.0887110060322
236500	0.088715843065
236600	0.0887182732417
236700	0.0887220734062
236800	0.0887263372311
236900	0.0887238870554
237000	0.08872547034
237100	0.0887259913485
237200	0.0887210388029
237300	0.0887330063453
237400	0.0887347307965
237500	0.088730529519
237600	0.0887264338395
237700	0.0887267278055
237800	0.0887259943445
237900	0.0887310736657
238000	0.0887354931563
238100	0.0887368575168
238200	0.0887435786176
238300	0.088741057395
238400	0.0887420725751
238500	0.0887404206357
238600	0.0887329797952
238700	0.0887346000144
238800	0.0887435483265
238900	0.0887449305111
239000	0.0887411729975
239100	0.0887424731835
239200	0.0887447133123
239300	0.0887428160209
239400	0.0887426920512
239500	0.0887427877466
239600	0.0887427168034
239700	0.0887413985167
239800	0.0887400093287
239900	0.0887433222355
240000	0.088735539484
240100	0.0887408291465
240200	0.0887432349173
240300	0.0887439783331
240400	0.0887437218087
240500	0.0887451535766
240600	0.0887447514204
240700	0.0887549325949
240800	0.0887535055422
240900	0.0887499778403
241000	0.0887500635061
241100	0.0887422383331
241200	0.0887436629106
241300	0.0887425522691
241400	0.0887462229285
241500	0.0887482464475
241600	0.0887456204571
241700	0.0887451640192
241800	0.0887357536082
241900	0.088737454306
242000	0.0887404620988
242100	0.0887396276302
242200	0.0887381962619
242300	0.0887388274759
242400	0.0887384686875
242500	0.0887399206711
242600	0.0887394807456
242700	0.0887396488661
242800	0.0887420066533
242900	0.0887346431179
243000	0.0887340911065
243100	0.088730643822
243200	0.0887418041159
243300	0.088733690113
243400	0.0887347438003
243500	0.088736879026
243600	0.0887370666039
243700	0.0887347191644
243800	0.0887348066157
243900	0.0887371866703
244000	0.0887417774807
244100	0.088748147035
244200	0.0887496032049
244300	0.088750391239
244400	0.0887511735093
244500	0.0887516573244
244600	0.0887516818328
244700	0.088753548892
244800	0.0887538454719
244900	0.0887521314393
245000	0.0887500420141
245100	0.0887484258012
245200	0.0887540541606
245300	0.0887579612453
245400	0.0887599453578
245500	0.0887606290885
245600	0.088760372661
245700	0.0887596677793
245800	0.0887602406542
245900	0.0887543662924
246000	0.0887587868439
246100	0.0887571772818
246200	0.0887608276391
246300	0.0887577834793
246400	0.0887581401249
246500	0.0887572291603
246600	0.0887555039802
246700	0.0887549098844
246800	0.0887569756685
246900	0.0887562610643
247000	0.0887553788517
247100	0.0887517096415
247200	0.0887598076996
247300	0.0887583674997
247400	0.0887600093028
247500	0.0887688803725
247600	0.0887708983064
247700	0.0887705670264
247800	0.0887660756661
247900	0.088764001885
248000	0.0887600115996
248100	0.0887532801859
248200	0.088754019145
248300	0.0887554528406
248400	0.0887603021293
248500	0.0887553436538
248600	0.0887603159833
248700	0.0887623448049
248800	0.0887641709079
248900	0.0887609681066
249000	0.0887630164637
249100	0.0887603453959
249200	0.0887596762934
249300	0.0887531202517
249400	0.0887524061005
249500	0.088757059248
249600	0.0887592350421
249700	0.0887605291444
249800	0.0887533826806
249900	0.0887527332553
250000	0.0887521248954
250100	0.0887524070386
250200	0.0887540484825
250300	0.0887525265981
250400	0.0887487204685
250500	0.0887423796413
250600	0.0887395258249
250700	0.0887380916798
250800	0.0887435915428
250900	0.0887489354071
251000	0.0887489248661
251100	0.0887416070573
251200	0.088749774095
251300	0.0887512770584
251400	0.0887516294603
251500	0.0887488161535
251600	0.0887469040808
251700	0.0887452130935
251800	0.0887406188761
251900	0.088737688475
252000	0.0887326299799
252100	0.0887285860776
252200	0.0887304886921
252300	0.088729184187
252400	0.0887230684439
252500	0.0887265025905
252600	0.08872777483
252700	0.0887327873942
252800	0.0887355980742
252900	0.0887328398148
253000	0.0887298002997
253100	0.0887263775842
253200	0.088724123475
253300	0.0887211448742
253400	0.0887215866246
253500	0.08871931302
253600	0.088721068368
253700	0.088730864172
253800	0.0887367698756
253900	0.0887439737142
254000	0.0887420200788
254100	0.0887443510186
254200	0.0887379762316
254300	0.0887374378182
254400	0.0887311824047
254500	0.0887329295983
254600	0.0887365246581
254700	0.0887355019054
254800	0.0887386167819
254900	0.0887374858539
255000	0.0887381558745
255100	0.0887327820238
255200	0.0887282804957
255300	0.0887270834569
255400	0.0887304503613
255500	0.0887210040138
255600	0.0887152455106
255700	0.0887228970637
255800	0.0887275542004
255900	0.0887314665021
256000	0.0887315729866
256100	0.0887312506269
256200	0.0887254887433
256300	0.0887298787671
256400	0.0887268533787
256500	0.0887311966767
256600	0.0887373668028
256700	0.0887440640376
256800	0.0887423139391
256900	0.0887453639039
257000	0.0887378995048
257100	0.0887320590069
257200	0.0887307330738
257300	0.0887319426668
257400	0.0887352824147
257500	0.0887367365704
257600	0.0887373055343
257700	0.088736145981
257800	0.0887457503359
257900	0.0887446329447
258000	0.0887404395836
258100	0.0887370765304
258200	0.0887329559024
258300	0.0887371087215
258400	0.0887378134233
258500	0.088734285529
258600	0.0887314926248
258700	0.0887238913195
258800	0.0887194727383
258900	0.0887182080752
259000	0.0887240493895
259100	0.0887283720954
259200	0.0887183185924
259300	0.0887204267455
259400	0.0887212556795
259500	0.0887205145678
259600	0.0887202561708
259700	0.0887166031119
259800	0.0887162830981
259900	0.0887174555883
260000	0.0887187080401
260100	0.0887223328476
260200	0.088723329281
260300	0.0887228435079
260400	0.0887219264851
260500	0.0887197979119
260600	0.088726276157
260700	0.0887208543281
260800	0.0887191570972
260900	0.0887247286972
261000	0.0887211713744
261100	0.0887307350538
261200	0.0887287832902
261300	0.0887322026536
261400	0.0887348336672
261500	0.0887355226324
261600	0.0887337594398
261700	0.0887317845228
261800	0.0887264189025
261900	0.0887280713366
262000	0.0887282634013
262100	0.0887265416664
262200	0.0887269939636
262300	0.0887273247279
262400	0.0887253015155
262500	0.0887291900208
262600	0.0887333531687
262700	0.088734393465
262800	0.0887342331414
262900	0.0887275488788
263000	0.0887347441083
263100	0.0887303713527
263200	0.0887295594066
263300	0.0887364138151
263400	0.0887372784368
263500	0.0887358196402
263600	0.0887307457904
263700	0.0887294513258
263800	0.0887322365714
263900	0.0887308143021
264000	0.0887324594091
264100	0.0887310022635
264200	0.088732727488
264300	0.0887386889061
264400	0.0887374782238
264500	0.0887395218833
264600	0.0887397640598
264700	0.0887415428916
264800	0.0887434031416
264900	0.0887395027473
265000	0.0887380457569
265100	0.0887379504749
265200	0.0887326116205
265300	0.0887340805719
265400	0.0887308507507
265500	0.0887279150009
265600	0.0887321507199
265700	0.0887325143103
265800	0.0887304504963
265900	0.0887313725122
266000	0.0887363786539
266100	0.0887343616747
266200	0.0887388870692
266300	0.0887471567844
266400	0.0887413495878
266500	0.0887374674118
266600	0.0887370324411
266700	0.0887375700151
266800	0.0887343878167
266900	0.0887315714536
267000	0.0887298955875
267100	0.08873226818
267200	0.088727735632
267300	0.0887246631995
267400	0.0887247667738
267500	0.0887292787988
267600	0.0887285339487
267700	0.0887295541466
267800	0.0887315539134
267900	0.0887387044236
268000	0.0887308341682
268100	0.088729008809
268200	0.0887276329249
268300	0.0887265510783
268400	0.0887265684334
268500	0.0887258865436
268600	0.0887276915847
268700	0.0887320739582
268800	0.0887302178116
268900	0.0887289347958
269000	0.0887311110973
269100	0.0887287705984
269200	0.0887253780023
269300	0.0887234132982
269400	0.0887200935544
269500	0.0887176797712
269600	0.0887184156582
269700	0.0887162782279
269800	0.08871804759
269900	0.0887142316679
270000	0.0887133235708
270100	0.0887115752577
270200	0.0887115257556
270300	0.0887034269734
270400	0.0887044827906
270500	0.0887102004183
270600	0.0887075074405
270700	0.0887059311543
270800	0.0887074437693
270900	0.0887058642441
271000	0.0887086693935
271100	0.0887111615281
271200	0.0887093799697
271300	0.0887126677817
271400	0.0887114417255
271500	0.0887082331127
271600	0.0887060358188
271700	0.0887064976686
271800	0.0887089307995
271900	0.0887121779568
272000	0.0887117484215
272100	0.0887104541759
272200	0.0887083259943
272300	0.0887026862579
272400	0.0887023829581
272500	0.0887013962918
272600	0.0886980209614
272700	0.0886995999178
272800	0.0886972041699
272900	0.0886964172306
273000	0.0886986528779
273100	0.0886961553169
273200	0.0886962571141
273300	0.0886974995445
273400	0.0886951274639
273500	0.0886957063796
273600	0.088692576522
273700	0.0886949175602
273800	0.0886920326538
273900	0.0886933860427
274000	0.0886888873383
274100	0.0886852006986
274200	0.0886830270375
274300	0.0886874506912
274400	0.0886905300245
274500	0.0886883839433
274600	0.0886864780861
274700	0.0886824414004
274800	0.0886814476982
274900	0.0886835269411
275000	0.0886838182236
275100	0.0886854688944
275200	0.088688261725
275300	0.0886882061011
275400	0.0886880704165
275500	0.0886868548585
275600	0.0886837263232
275700	0.0886799362677
275800	0.0886794132399
275900	0.0886805436942
276000	0.0886764542417
276100	0.0886805869228
276200	0.0886758937236
276300	0.0886733513348
276400	0.0886696100942
276500	0.0886713036032
276600	0.0886715370805
276700	0.0886713693495
276800	0.0886718470347
276900	0.0886698519318
277000	0.088669166788
277100	0.0886685888149
277200	0.0886689619701
277300	0.0886725016893
277400	0.0886707418849
277500	0.0886679124791
277600	0.088669684663
277700	0.0886697498515
277800	0.08867465234
277900	0.0886739138552
278000	0.0886810561027
278100	0.0886835227501
278200	0.0886903340012
278300	0.0886875354256
278400	0.0886907205033
278500	0.0886933186691
278600	0.0886887341408
278700	0.0886876811443
278800	0.0886830170141
278900	0.088682601271
279000	0.0886819215453
279100	0.0886766625804
279200	0.0886814671206
279300	0.0886890076255
279400	0.0886902130624
279500	0.0886901364247
279600	0.088691568241
279700	0.0886883334837
279800	0.0886847162587
279900	0.0886834129137
280000	0.0886790830118
280100	0.0886778927184
280200	0.0886814237428
280300	0.0886867596229
280400	0.0886860442132
280500	0.0886812565987
280600	0.0886804083334
280700	0.0886769696311
280800	0.0886787036213
280900	0.0886756633941
281000	0.0886751755824
281100	0.0886743784779
281200	0.088677067341
281300	0.0886766343552
281400	0.0886776207807
281500	0.088675523872
281600	0.0886794146989
281700	0.0886847654896
281800	0.0886781935511
281900	0.08867444119
282000	0.0886721499217
282100	0.0886698504373
282200	0.0886633781047
282300	0.0886669054134
282400	0.0886639754038
282500	0.0886588155454
282600	0.0886635906959
282700	0.0886672411416
282800	0.0886646044405
282900	0.088664405854
283000	0.0886608600949
283100	0.0886645127354
283200	0.0886643381679
283300	0.0886636456549
283400	0.0886744034311
283500	0.0886759696196
283600	0.0886783991521
283700	0.088680682524
283800	0.0886804562432
283900	0.0886822039702
284000	0.0886844346971
284100	0.0886850029904
284200	0.0886804675153
284300	0.0886764996231
284400	0.088672479699
284500	0.0886742388915
284600	0.0886707162505
284700	0.0886685728345
284800	0.0886717942225
284900	0.0886652143673
285000	0.0886666013591
285100	0.088665586014
285200	0.0886618479155
285300	0.0886637521612
285400	0.088669907532
285500	0.0886719753738
285600	0.0886743035654
285700	0.0886689318284
285800	0.0886638228475
285900	0.08866777432
286000	0.0886712259381
286100	0.0886734218435
286200	0.0886755175142
286300	0.0886738691105
286400	0.0886689573722
286500	0.0886718352986
286600	0.0886721059722
286700	0.0886748654176
286800	0.0886746653575
286900	0.0886762804853
287000	0.0886784259496
287100	0.0886756531035
287200	0.0886762513524
287300	0.0886732962212
287400	0.088670767516
287500	0.0886734316781
287600	0.0886741003621
287700	0.0886755490144
287800	0.088677090819
287900	0.0886770966689
288000	0.0886809160106
288100	0.0886803319657
288200	0.0886845944413
288300	0.088687835083
288400	0.0886853120722
288500	0.0886884656795
288600	0.0886959088889
288700	0.088694027167
288800	0.0886947254299
288900	0.0886894276058
289000	0.0886905782933
289100	0.0886909683303
289200	0.0886927339267
289300	0.0886914063029
289400	0.0887015568092
289500	0.0887023819881
289600	0.0887038208762
289700	0.0887023895036
289800	0.0887038877558
289900	0.08870521716
290000	0.088700648676
290100	0.0886950054737
290200	0.0886982572858
290300	0.088698112793
290400	0.0886975627402
290500	0.088693689638
290600	0.088693270624
290700	0.0886919841445
290800	0.0886915281023
290900	0.0886847719277
291000	0.0886827751584
291100	0.0886780738621
291200	0.0886793420748
291300	0.0886789408814
291400	0.0886766185616
291500	0.0886768777672
291600	0.0886754529257
291700	0.0886741636139
291800	0.0886760785214
291900	0.0886753664848
292000	0.0886808957612
292100	0.0886821406368
292200	0.088682291431
292300	0.0886848928332
292400	0.0886798165389
292500	0.0886788179679
292600	0.088678816132
292700	0.0886776120832
292800	0.088679361527
292900	0.0886804108577
293000	0.0886862278719
293100	0.0886820787254
293200	0.0886797898046
293300	0.0886787708819
293400	0.0886790313162
293500	0.0886777280888
293600	0.0886777526535
293700	0.0886777715944
293800	0.088673933125
293900	0.0886646704407
294000	0.0886648790883
294100	0.0886610115686
294200	0.0886564078789
294300	0.0886578802412
294400	0.0886574253464
294500	0.0886534218473
294600	0.0886545373734
294700	0.088649252453
294800	0.0886480820713
294900	0.0886477551462
295000	0.0886439338258
295100	0.0886437632872
295200	0.0886438932998
295300	0.0886412922177
295400	0.0886392744393
295500	0.0886430235606
295600	0.0886463267007
295700	0.088646599523
295800	0.0886463074393
295900	0.0886463612201
296000	0.088645994541
296100	0.088648050184
296200	0.0886569391181
296300	0.0886565890892
296400	0.0886578271825
296500	0.088655638494
296600	0.0886584013497
296700	0.0886618377194
296800	0.088658616185
296900	0.0886562678846
297000	0.0886626561122
297100	0.0886645545179
297200	0.0886654256343
297300	0.0886674524109
297400	0.0886658812859
297500	0.0886621988858
297600	0.0886618694944
297700	0.0886609791729
297800	0.0886664079079
297900	0.0886621133814
298000	0.0886604120543
298100	0.088660373274
298200	0.0886575958525
298300	0.0886594391224
298400	0.0886607051691
298500	0.0886624812245
298600	0.0886587699354
298700	0.0886552826251
298800	0.0886599139357
298900	0.0886577948567
299000	0.0886573054558
299100	0.0886566134611
299200	0.0886621440745
299300	0.0886626276113
299400	0.0886586331263
299500	0.0886596387876
299600	0.0886576198221
299700	0.0886607660158
299800	0.0886616879514
299900	0.0886596766909
300000	0.0886566559374
300100	0.0886586619026
300200	0.088653168683
300300	0.0886533566432
300400	0.088657769932
300500	0.0886550396201
300600	0.0886601715664
300700	0.0886636205864
300800	0.0886556612751
300900	0.0886557263694
301000	0.0886557736905
301100	0.088653705401
301200	0.0886598891672
301300	0.0886640597616
301400	0.0886659717292
301500	0.0886675432468
301600	0.0886650067842
301700	0.0886660632271
301800	0.0886666399966
301900	0.0886699540691
302000	0.088672791755
302100	0.0886688197707
302200	0.0886669416274
302300	0.0886632884243
302400	0.0886610371204
302500	0.0886582550702
302600	0.0886576606227
302700	0.0886609944594
302800	0.088656739002
302900	0.0886595382057
303000	0.088657968972
303100	0.0886652434584
303200	0.0886658217158
303300	0.0886662205705
303400	0.0886702665088
303500	0.0886657773691
303600	0.0886678559193
303700	0.0886631752406
303800	0.0886608800011
303900	0.0886551925512
304000	0.0886561341487
304100	0.0886558295971
304200	0.0886557107065
304300	0.088660395797
304400	0.0886571733224
304500	0.0886584374417
304600	0.0886541981314
304700	0.0886532653044
304800	0.088657246667
304900	0.0886599534285
305000	0.0886619389056
305100	0.0886625892718
305200	0.088661175007
305300	0.0886581312422
305400	0.0886607123377
305500	0.0886643793673
305600	0.088664426382
305700	0.0886672509824
305800	0.0886682494993
305900	0.0886734873851
306000	0.0886699644878
306100	0.0886667909112
306200	0.0886708899974
306300	0.0886671217074
306400	0.0886660647877
306500	0.0886719929376
306600	0.0886723243426
306700	0.088673991345
306800	0.0886712135772
306900	0.0886658225398
307000	0.088666094597
307100	0.0886711080248
307200	0.0886712377875
307300	0.0886728220932
307400	0.0886697659922
307500	0.0886641827701
307600	0.0886617209568
307700	0.0886621206189
307800	0.0886613960751
307900	0.0886567659227
308000	0.0886562497784
308100	0.0886538563574
308200	0.0886539672579
308300	0.0886549259479
308400	0.0886561919579
308500	0.0886573741933
308600	0.0886597765166
308700	0.0886633311812
308800	0.0886635521574
308900	0.0886634511555
309000	0.0886678589625
309100	0.0886665434233
309200	0.0886684055688
309300	0.08866656675
309400	0.088668792323
309500	0.088670689616
309600	0.0886754605724
309700	0.0886753892456
309800	0.0886708743007
309900	0.088671793929
310000	0.0886769484531
310100	0.0886728180921
310200	0.0886800044331
310300	0.0886844252463
310400	0.0886847231312
310500	0.0886807063407
310600	0.0886752484704
310700	0.0886763396744
310800	0.0886743046649
310900	0.0886729415093
311000	0.0886768271507
311100	0.0886709896597
311200	0.0886669391141
311300	0.0886648605968
311400	0.0886648038546
311500	0.0886655096888
311600	0.0886664853563
311700	0.088671442718
311800	0.0886676392823
311900	0.0886710151753
312000	0.0886753872924
312100	0.088682590308
312200	0.0886871146798
312300	0.0886833021363
312400	0.0886841906919
312500	0.0886850731813
312600	0.0886840608706
312700	0.0886839281061
312800	0.0886880610652
312900	0.0886854541416
313000	0.0886843199831
313100	0.0886866235508
313200	0.0886849700094
313300	0.0886878730368
313400	0.0886919851447
313500	0.0886922601848
313600	0.0886933152573
313700	0.0886951752918
313800	0.0886956270837
313900	0.0886965886493
314000	0.0886985010349
314100	0.0886947501118
314200	0.0886999179295
314300	0.0887065852033
314400	0.0887096995088
314500	0.0887083344191
314600	0.0887083505509
314700	0.0887071464465
314800	0.08870478896
314900	0.0887002354494
315000	0.0886976423728
315100	0.0886977996533
315200	0.088693703779
315300	0.0886964935469
315400	0.0886966930995
315500	0.0886949489457
315600	0.0887036265681
315700	0.0887047838614
315800	0.0887059103562
315900	0.0887027950389
316000	0.0886988240764
316100	0.0886997232396
316200	0.0886981589567
316300	0.0887021429133
316400	0.0887034270866
316500	0.0887086248519
316600	0.088713558045
316700	0.0887129768294
316800	0.0887122110821
316900	0.0887121591771
317000	0.0887108954608
317100	0.0887083822345
317200	0.0887116266832
317300	0.0887105752879
317400	0.0887149793564
317500	0.088716175215
317600	0.0887168113624
317700	0.0887185638004
317800	0.0887206080909
317900	0.0887203158921
318000	0.0887209836293
318100	0.0887194696331
318200	0.0887171924264
318300	0.0887217068696
318400	0.0887249929081
318500	0.0887261968497
318600	0.0887289122083
318700	0.0887297076181
318800	0.0887295912959
318900	0.0887276469376
319000	0.0887234839886
319100	0.0887241363238
319200	0.0887211684846
319300	0.0887192524067
319400	0.0887160528747
319500	0.0887134020439
319600	0.0887133966875
319700	0.0887151549765
319800	0.0887117052967
319900	0.0887103877297
320000	0.0887095085545
320100	0.0887053325428
320200	0.0887030793664
320300	0.0887000401814
320400	0.088700090785
320500	0.0886990446907
320600	0.0886978811512
320700	0.0886937392831
320800	0.0886914918922
320900	0.0886941203792
321000	0.0886927023783
321100	0.0886903533544
321200	0.0886853503705
321300	0.0886826505273
321400	0.088684236767
321500	0.0886876144509
321600	0.0886881217596
321700	0.0886852136176
321800	0.0886856656807
321900	0.0886931797181
322000	0.0886962223708
322100	0.088698872363
322200	0.0886986020163
322300	0.0886989089845
322400	0.0887017858786
322500	0.088703361668
322600	0.0887025546133
322700	0.0887003359397
322800	0.0887022614157
322900	0.0887057834616
323000	0.0887064795915
323100	0.0887059168097
323200	0.0887066926932
323300	0.0887091097205
323400	0.0887122080148
323500	0.0887099559843
323600	0.0887069658162
323700	0.0887091365477
323800	0.0887059347948
323900	0.0887032615309
324000	0.0887006155784
324100	0.0887013959987
324200	0.0886981561217
324300	0.0886968176701
324400	0.0886939951766
324500	0.0886981057322
324600	0.0886980127604
324700	0.0886968933664
324800	0.0886950186916
324900	0.0886927834075
325000	0.0886932023675
325100	0.0886967586201
325200	0.0886963271061
325300	0.0886957424862
325400	0.0886986287284
325500	0.0887044152203
325600	0.0887050332107
325700	0.0887128478835
325800	0.0887113685704
325900	0.0887131228333
326000	0.0887115463005
326100	0.0887131895303
326200	0.0887149113183
326300	0.088712584465
326400	0.0887130443443
326500	0.0887162376493
326600	0.0887143460504
326700	0.0887113978029
326800	0.0887110995768
326900	0.0887106338489
327000	0.0887141193488
327100	0.0887120222237
327200	0.0887084999321
327300	0.0887119128864
327400	0.0887072302872
327500	0.0887026300365
327600	0.0887009349717
327700	0.0887004099343
327800	0.0886981331996
327900	0.0886963529179
328000	0.088696150194
328100	0.0886940610354
328200	0.0886936610064
328300	0.088701030235
328400	0.0887002727683
328500	0.0886990293813
328600	0.0886989953247
328700	0.0887049449827
328800	0.0887030041619
328900	0.0887045285259
329000	0.088702217189
329100	0.0887062160882
329200	0.0887049070345
329300	0.0887028311417
329400	0.0887044282728
329500	0.0886989310889
329600	0.0887021330593
329700	0.088698251049
329800	0.0886990406819
329900	0.0886953772073
330000	0.0886977999235
330100	0.0887023632992
330200	0.0886989581682
330300	0.0887009774605
330400	0.0887040682625
330500	0.088702783458
330600	0.0886998195213
330700	0.0887011532196
330800	0.0886974596005
330900	0.0886984303796
331000	0.0887034596419
331100	0.0886997322537
331200	0.0887033195141
331300	0.0887029621155
331400	0.0887019924465
331500	0.0887090230911
331600	0.0887162492164
331700	0.0887178424744
331800	0.0887121215581
331900	0.0887101864032
332000	0.0887173981075
332100	0.0887176612507
332200	0.0887216301952
332300	0.0887200336904
332400	0.0887176113239
332500	0.0887166233202
332600	0.088719198301
332700	0.0887193516846
332800	0.0887191158518
332900	0.0887192748606
333000	0.0887223021276
333100	0.0887257580329
333200	0.0887270139623
333300	0.0887262094748
333400	0.0887242390346
333500	0.0887234858949
333600	0.0887234066509
333700	0.0887193944907
333800	0.0887211314026
333900	0.0887196310775
334000	0.0887162431321
334100	0.0887175873927
334200	0.0887164233773
334300	0.0887137963571
334400	0.0887098324787
334500	0.0887059304318
334600	0.0887032953495
334700	0.0886982096461
334800	0.088697096205
334900	0.0886972529296
335000	0.0887009006608
335100	0.0887037112685
335200	0.0887016467984
335300	0.0887001224512
335400	0.0886986225253
335500	0.0886974159824
335600	0.0886959561319
335700	0.0886967428254
335800	0.0886934398411
335900	0.0886928281092
336000	0.0886897576862
336100	0.0886887500143
336200	0.0886858240249
336300	0.0886847590148
336400	0.0886878765938
336500	0.0886860881337
336600	0.0886878286428
336700	0.0886921738353
336800	0.0886966090012
336900	0.0886946373278
337000	0.0886928832334
337100	0.0886969229761
337200	0.0886988476485
337300	0.0886991844179
337400	0.0887007395212
337500	0.0887028267344
337600	0.0887051955418
337700	0.0887098589248
337800	0.0887119553476
337900	0.0887113078103
338000	0.0887119709919
338100	0.0887126375656
338200	0.0887145189783
338300	0.088712377473
338400	0.0887125998586
338500	0.088714267358
338600	0.0887129597521
338700	0.0887096694464
338800	0.0887129168886
338900	0.0887120354205
339000	0.0887167472878
339100	0.0887225709547
339200	0.0887253045503
339300	0.0887270871873
339400	0.088727015656
339500	0.0887307585525
339600	0.0887331030509
339700	0.0887356714364
339800	0.0887324221204
339900	0.0887285424837
340000	0.0887319319422
340100	0.088731702482
340200	0.0887334551725
340300	0.0887303988289
340400	0.0887314471238
340500	0.0887318682309
340600	0.088728680623
340700	0.0887325892578
340800	0.0887326978056
340900	0.0887313995461
341000	0.0887352792252
341100	0.0887398585108
341200	0.0887394686692
341300	0.0887443362964
341400	0.0887441327605
341500	0.0887496157834
341600	0.0887529110698
341700	0.0887534137228
341800	0.0887562817977
341900	0.0887542486523
342000	0.0887539243239
342100	0.08875254838
342200	0.0887542516126
342300	0.0887549032059
342400	0.0887519725021
342500	0.0887511005763
342600	0.088754923009
342700	0.0887567341023
342800	0.0887589769706
342900	0.0887589971499
343000	0.0887561381058
343100	0.0887529148642
343200	0.0887507144727
343300	0.0887491655025
343400	0.0887458791033
343500	0.0887476741331
343600	0.088748287657
343700	0.0887509842931
343800	0.0887503163733
343900	0.08874879995
344000	0.0887511420547
344100	0.0887515968644
344200	0.0887549956656
344300	0.0887549726858
344400	0.0887529627318
344500	0.0887521653781
344600	0.0887529667163
344700	0.0887510914697
344800	0.0887507453687
344900	0.0887502881252
345000	0.0887528081644
345100	0.0887533847758
345200	0.0887572115701
345300	0.0887523113005
345400	0.0887536348767
345500	0.0887552955541
345600	0.0887590986017
345700	0.0887601888429
345800	0.0887579512113
345900	0.0887614391151
346000	0.0887572342265
346100	0.0887511932054
346200	0.0887531924037
346300	0.0887544060803
346400	0.0887551282911
346500	0.0887512537289
346600	0.0887531510446
346700	0.0887542084337
346800	0.0887532079261
346900	0.0887519340264
347000	0.0887513054629
347100	0.0887570054188
347200	0.0887567033287
347300	0.0887537573918
347400	0.0887549078652
347500	0.0887534369394
347600	0.0887500891751
347700	0.0887527886759
347800	0.0887529439117
347900	0.088752377647
348000	0.0887549547072
348100	0.0887528516914
348200	0.0887560301635
348300	0.0887589989551
348400	0.0887588226246
348500	0.0887624452804
348600	0.0887590799098
348700	0.0887571682077
348800	0.0887570695486
348900	0.0887602388909
349000	0.0887618254763
349100	0.0887588754563
349200	0.0887556109928
349300	0.0887648192554
349400	0.0887672133067
349500	0.0887684333325
349600	0.0887702576925
349700	0.0887673858127
349800	0.0887590577254
349900	0.088755322355
