100	0.0457683046421
200	0.04935041025
300	0.0505600508162
400	0.0548933514788
500	0.0543888923489
600	0.0556076972352
700	0.05545301283
800	0.0553023803415
900	0.0556834810912
1000	0.0565000433296
1100	0.0556896802177
1200	0.0556249179156
1300	0.0555618627017
1400	0.0566050414331
1500	0.0562398765161
1600	0.0557083250107
1700	0.0562176468875
1800	0.0561463058294
1900	0.05624180275
2000	0.0557499832356
2100	0.0558800835495
2200	0.0562903198789
2300	0.055802458927
2400	0.0559608793392
2500	0.0559075763383
2600	0.0551367160316
2700	0.0548260437157
2800	0.0551542344699
2900	0.0548500490846
3000	0.0551157214742
3100	0.0548138650727
3200	0.0546338042443
3300	0.0545503819092
3400	0.0543625689299
3500	0.0543262792387
3600	0.0543022343517
3700	0.0541920896676
3800	0.0542523080309
3900	0.0540221498516
4000	0.0541338168971
4100	0.0541230149018
4200	0.0541641240392
4300	0.0545539425872
4400	0.0547194343783
4500	0.0546504764839
4600	0.0546777753808
4700	0.054567201671
4800	0.0543249427708
4900	0.0543065561725
5000	0.0542980673699
5100	0.0543424645698
5200	0.0544850697743
5300	0.0544887564124
5400	0.0545321768791
5500	0.0545900578699
5600	0.0547519121035
5700	0.054811356944
5800	0.0545912306885
5900	0.0548271251169
6000	0.0546793577045
6100	0.0549182808478
6200	0.0550157484398
6300	0.0549452574024
6400	0.0549513586742
6500	0.0549937976459
6600	0.0549776129364
6700	0.0548654680742
6800	0.0547842489495
6900	0.0547658390979
7000	0.0548610278308
7100	0.0548610255673
7200	0.0546917647509
7300	0.0549143652631
7400	0.055055105639
7500	0.0550380225954
7600	0.0549512378604
7700	0.0551126359539
7800	0.055090215779
7900	0.0550582062264
8000	0.0550636267834
8100	0.055083428702
8200	0.0550775832406
8300	0.0550974959863
8400	0.0550507300109
8500	0.0550965711354
8600	0.0549650285788
8700	0.0549954948717
8800	0.055145248099
8900	0.0551313852463
9000	0.0551953439096
9100	0.0552305105764
9200	0.0552832271057
9300	0.0552420305586
9400	0.0553397988938
9500	0.0552938297817
9600	0.0553444349187
9700	0.055374557047
9800	0.0554483467273
9900	0.0555905460849
10000	0.0555938800173
10100	0.0554639115228
10200	0.0553247697273
10300	0.0553263859024
10400	0.0552964200253
10500	0.055253551222
10600	0.0552251532128
10700	0.0551071142563
10800	0.0551617166008
10900	0.0551106679953
11000	0.0550821617689
11100	0.0549794300205
11200	0.0550382231531
11300	0.0550329631236
11400	0.0551329988454
11500	0.0551852382548
11600	0.0551470116674
11700	0.055090624587
11800	0.055138922474
11900	0.0551103475443
12000	0.0552169831919
12100	0.0551805432788
12200	0.0551173344556
12300	0.055091447465
12400	0.0551410356199
12500	0.055138954929
12600	0.0551648468621
12700	0.0551114157628
12800	0.0551254784417
12900	0.0551774278463
13000	0.0552029054627
13100	0.0551762094004
13200	0.0552310117386
13300	0.0552200440483
13400	0.0551272630961
13500	0.0550406578162
13600	0.0551045677649
13700	0.0550272223259
13800	0.0549358992753
13900	0.0549459282652
14000	0.0549788158879
14100	0.0549836429277
14200	0.0549799850842
14300	0.0549653499061
14400	0.0549719800124
14500	0.0550492737896
14600	0.0550910416552
14700	0.0551486987222
14800	0.0551010133313
14900	0.0550949151155
15000	0.0551901515062
15100	0.0552041571621
15200	0.0552569387454
15300	0.0552963832107
15400	0.0553059989179
15500	0.0553114036509
15600	0.0552857010435
15700	0.055243337362
15800	0.0552166509188
15900	0.0552547472309
16000	0.0552168167196
16100	0.0552098889486
16200	0.0551761456464
16300	0.0552334392325
16400	0.0552664710719
16500	0.0552896844984
16600	0.0552427461368
16700	0.0552028879808
16800	0.0552526905995
16900	0.0552469109204
17000	0.055252603333
17100	0.055280717242
17200	0.0552328395378
17300	0.0552773372107
17400	0.0552460849446
17500	0.0552169976874
17600	0.0552615613443
17700	0.0552263844471
17800	0.0551798917472
17900	0.0552265510092
18000	0.0551932977339
18100	0.0551687043495
18200	0.0551854027718
18300	0.0552575655686
18400	0.055246989155
18500	0.055197827606
18600	0.0551355701901
18700	0.0551268677198
18800	0.0551936216822
18900	0.0552142602083
19000	0.0551866290146
19100	0.0551713629942
19200	0.0551719780826
19300	0.055148200538
19400	0.0551387368065
19500	0.0551137762677
19600	0.0550619850497
19700	0.0550682886181
19800	0.0550303357581
19900	0.0550487007628
20000	0.0550674348818
20100	0.0550645352063
20200	0.0550878194166
20300	0.0551056609075
20400	0.0550951236183
20500	0.0550896082411
20600	0.0551370923159
20700	0.0550870472829
20800	0.0551164498492
20900	0.0551275054464
21000	0.0551481722087
21100	0.0551048023416
21200	0.0550985044594
21300	0.0551384887064
21400	0.0551201177698
21500	0.0550725950696
21600	0.0550782586959
21700	0.0550417264661
21800	0.0550410873809
21900	0.0550231662678
22000	0.0550380765412
22100	0.0550845745499
22200	0.0550601490251
22300	0.055051777618
22400	0.0550333540194
22500	0.0550718142917
22600	0.0550266021158
22700	0.0550254428836
22800	0.0550470116959
22900	0.0550653687855
23000	0.0550940972447
23100	0.0551314213729
23200	0.0551756753961
23300	0.0551757038366
23400	0.0551952223086
23500	0.0552255911129
23600	0.0551898460938
23700	0.0551823355841
23800	0.0551517202481
23900	0.0551539698818
24000	0.0551338942454
24100	0.0551246765539
24200	0.0551131322615
24300	0.0550882303478
24400	0.0550639094587
24500	0.0550381728683
24600	0.0550947932561
24700	0.0550560836291
24800	0.0550818692482
24900	0.0550439219084
25000	0.0550632877657
25100	0.0550599272501
25200	0.0550982607515
25300	0.0550397544936
25400	0.0550425119342
25500	0.0550716844725
25600	0.0550594206351
25700	0.0550149055817
25800	0.0549633546504
25900	0.0550063206355
26000	0.05501622755
26100	0.0549985885545
26200	0.0550466791719
26300	0.0550398312548
26400	0.0550399419959
26500	0.0550120636922
26600	0.0550084929182
26700	0.0549901901854
26800	0.0549794081756
26900	0.0549423155934
27000	0.054941848854
27100	0.0549368061061
27200	0.0549464216352
27300	0.0549388672436
27400	0.0549795941436
27500	0.0549868145646
27600	0.0549845483485
27700	0.0550177818394
27800	0.05502669964
27900	0.0550296073313
28000	0.0550729331076
28100	0.0550582505995
28200	0.0550417108846
28300	0.0550865352623
28400	0.0550856422202
28500	0.0551038657931
28600	0.0550673576427
28700	0.055067442251
28800	0.0550719484098
28900	0.0550881104655
29000	0.0550817154932
29100	0.0550671491655
29200	0.0550523827485
29300	0.0550429392387
29400	0.0549970358497
29500	0.054954427706
29600	0.0549369553072
29700	0.0549227754909
29800	0.0549427479748
29900	0.0549830984866
30000	0.0549623798792
30100	0.054945468409
30200	0.0549197730732
30300	0.0548999151643
30400	0.0548742673755
30500	0.0548677385682
30600	0.0548465744704
30700	0.0548718711908
30800	0.0548867523557
30900	0.0548916554385
31000	0.0548832579457
31100	0.0549277212946
31200	0.0549110949686
31300	0.0549259887754
31400	0.0549599046695
31500	0.0549169919721
31600	0.0549414858887
31700	0.0549597559878
31800	0.0549432749214
31900	0.0549510894036
32000	0.0549419713341
32100	0.0549300105016
32200	0.054909281932
32300	0.0548853673724
32400	0.0548899230109
32500	0.0548641585303
32600	0.0548402241912
32700	0.0548165789083
32800	0.0548213917926
32900	0.0548307351838
33000	0.0548014453832
33100	0.0547923930176
33200	0.0548045137056
33300	0.0548090669824
33400	0.0548028247053
33500	0.0548068186776
33600	0.0548131979118
33700	0.0548320940112
33800	0.0548457451095
33900	0.0548392939919
34000	0.0548592056785
34100	0.0548613094598
34200	0.0548248264221
34300	0.0548231427567
34400	0.0548000481841
34500	0.0548167007977
34600	0.0547954867073
34700	0.0547847750484
34800	0.0547806652902
34900	0.0547870090365
35000	0.0548167545634
35100	0.0548425542038
35200	0.054849200718
35300	0.0548452859364
35400	0.0548041561077
35500	0.0547916953021
35600	0.0547897442042
35700	0.054784730925
35800	0.0548086843088
35900	0.0548369150005
36000	0.0548366754557
36100	0.0548296145825
36200	0.0547934018941
36300	0.0548148104371
36400	0.0548192119893
36500	0.0548205884141
36600	0.0548223544917
36700	0.0548406219969
36800	0.0548588022059
36900	0.0548398118327
37000	0.0548538307148
37100	0.0548496057359
37200	0.0548508189076
37300	0.0548499108921
37400	0.054861422911
37500	0.0548445728241
37600	0.0548417569461
37700	0.0548326826967
37800	0.0548443200419
37900	0.0548242973609
38000	0.0548683022755
38100	0.0548630612889
38200	0.0548681171773
38300	0.0548664263054
38400	0.0548499390628
38500	0.0548415904831
38600	0.0548802298402
38700	0.0549020837116
38800	0.0548937278219
38900	0.0548949307695
39000	0.0548909271938
39100	0.0548743923269
39200	0.0548773178226
39300	0.054862784734
39400	0.0548727470667
39500	0.0548983715678
39600	0.0549031603456
39700	0.05492946217
39800	0.0549705265496
39900	0.0549765994635
40000	0.0549810872301
40100	0.0550089800797
40200	0.0550017113023
40300	0.0550124554037
40400	0.0550011691634
40500	0.0550034678422
40600	0.0549984767505
40700	0.0549798245039
40800	0.0549677155736
40900	0.0549740423252
41000	0.054972424072
41100	0.0549794553531
41200	0.0549883558531
41300	0.0549886131836
41400	0.0549859632402
41500	0.0549827394946
41600	0.0549811454239
41700	0.0549853024975
41800	0.0549817422177
41900	0.0549532043057
42000	0.0549672925512
42100	0.0549636582729
42200	0.0549468694955
42300	0.0549716357551
42400	0.0549513475774
42500	0.0549531627041
42600	0.0549478766123
42700	0.054943524313
42800	0.0549349161281
42900	0.0549345957975
43000	0.0549282785113
43100	0.0549139056305
43200	0.0549217968222
43300	0.0549320519825
43400	0.0549474658455
43500	0.0549546304412
43600	0.0549674255926
43700	0.054969730409
43800	0.0549807371949
43900	0.0549790886366
44000	0.0549878155897
44100	0.0549851897933
44200	0.0549978132921
44300	0.0549883417001
44400	0.0550014424902
44500	0.0550153461086
44600	0.0550225551638
44700	0.0549914519578
44800	0.054984198833
44900	0.0549884137927
45000	0.0550087875492
45100	0.0550165390351
45200	0.0550234475743
45300	0.0550353616428
45400	0.0550335790244
45500	0.0550291282766
45600	0.0550243946749
45700	0.055026624805
45800	0.0550287341161
45900	0.0550146632518
46000	0.0549976442229
46100	0.0549904293536
46200	0.0549912733914
46300	0.05500086389
46400	0.05501365964
46500	0.0550409178993
46600	0.0550340125084
46700	0.0550346586246
46800	0.0550171400884
46900	0.0550381132237
47000	0.0550460343643
47100	0.0550615443787
47200	0.0550871108946
47300	0.0550593476565
47400	0.0550751353192
47500	0.0551058489629
47600	0.0550912645033
47700	0.0550736602334
47800	0.0550769728807
47900	0.0550776057351
48000	0.055097146584
48100	0.0551112480653
48200	0.0551252095336
48300	0.0551252436973
48400	0.055126965959
48500	0.0551196624011
48600	0.0551079290875
48700	0.0551225864701
48800	0.0551311247206
48900	0.0551273042425
49000	0.0551203774981
49100	0.0551341861462
49200	0.0551289621804
49300	0.0551474329183
49400	0.055147002326
49500	0.0551522021474
49600	0.0551761178803
49700	0.0551926181231
49800	0.0551877879076
49900	0.055187593775
50000	0.055182199873
50100	0.0551857983568
50200	0.0551591917889
50300	0.0551816062378
50400	0.0551768624368
50500	0.0551707502252
50600	0.0551588911849
50700	0.0551615007035
50800	0.0551414900896
50900	0.0551269399112
51000	0.0551547527731
51100	0.0551554895294
51200	0.0551473783014
51300	0.0551515746949
51400	0.0551505997201
51500	0.0551424814404
51600	0.0551763423283
51700	0.0551969298439
51800	0.0552124878199
51900	0.0552031782161
52000	0.0551836424589
52100	0.0551753858195
52200	0.0551794331742
52300	0.0551667604223
52400	0.0551794156232
52500	0.0551797269104
52600	0.0551937679051
52700	0.0551999736714
52800	0.0551944724538
52900	0.0551887142692
53000	0.0551717993764
53100	0.0551743536338
53200	0.0551627671122
53300	0.0551551496235
53400	0.0551394865304
53500	0.055137675491
53600	0.0551412591852
53700	0.055151352895
53800	0.0551474847908
53900	0.0551625505524
54000	0.0551638641544
54100	0.0551579600287
54200	0.0551814041033
54300	0.0551684161495
54400	0.0551707067403
54500	0.0551626466431
54600	0.0551674525701
54700	0.055170094559
54800	0.0551592533286
54900	0.055173721988
55000	0.0551783895903
55100	0.0551771572181
55200	0.055175813475
55300	0.0551916663488
55400	0.0551955814154
55500	0.0551921805259
55600	0.055184630655
55700	0.0551752495075
55800	0.0551662879933
55900	0.0551625747995
56000	0.0551633299097
56100	0.0551624743006
56200	0.0551654570814
56300	0.0551654696407
56400	0.0551622539499
56500	0.055176766716
56600	0.0551773309266
56700	0.0551873364169
56800	0.0552186038757
56900	0.0552029735266
57000	0.0552169595859
57100	0.0551987717986
57200	0.0552214008781
57300	0.0552398736077
57400	0.0552184842958
57500	0.0552142211833
57600	0.0552072384538
57700	0.0552160123706
57800	0.0552295925987
57900	0.0552409027034
58000	0.0552443218031
58100	0.0552732739685
58200	0.0552715098133
58300	0.0552613211318
58400	0.0552569258522
58500	0.0552680593391
58600	0.0552582593384
58700	0.0552823757354
58800	0.0552595428205
58900	0.0552503557792
59000	0.0552800404537
59100	0.0552889470351
59200	0.0553071701297
59300	0.05533151572
59400	0.0553397785833
59500	0.0553432192878
59600	0.055333578219
59700	0.0553345426501
59800	0.0553402016851
59900	0.0553350391189
60000	0.0553248929777
60100	0.0553282641388
60200	0.0553463155739
60300	0.0553294671387
60400	0.0553231962336
60500	0.0553271907334
60600	0.0553312792202
60700	0.0553345445168
60800	0.0553337484175
60900	0.0553495015024
61000	0.0553461205214
61100	0.0553579920896
61200	0.0553619405102
61300	0.0553596770436
61400	0.055369925516
61500	0.0553605889148
61600	0.0553607809398
61700	0.0553687748828
61800	0.05535524164
61900	0.0553561097641
62000	0.0553621970059
62100	0.0553632042159
62200	0.0553706955871
62300	0.055383057133
62400	0.055389205573
62500	0.0553986394
62600	0.055414684003
62700	0.0554015452312
62800	0.0553912432255
62900	0.0554020416331
63000	0.05541780036
63100	0.05541167635
63200	0.0553990244915
63300	0.055395854759
63400	0.0554056028496
63500	0.0554030451065
63600	0.0554073556545
63700	0.0554028291629
63800	0.0554161267685
63900	0.0554044299622
64000	0.0553979657127
64100	0.0553867242199
64200	0.0553846139336
64300	0.0553896270824
64400	0.0553822611362
64500	0.0553973496049
64600	0.0553993961157
64700	0.0554089072779
64800	0.0554031304293
64900	0.0554271552727
65000	0.0554283324842
65100	0.0554224630314
65200	0.0554314808492
65300	0.0554301691053
65400	0.0554259488258
65500	0.055432527896
65600	0.0554250471179
65700	0.0554310743016
65800	0.0554369818208
65900	0.0554549521976
66000	0.0554679303016
66100	0.0554623786609
66200	0.0554699860048
66300	0.055466846477
66400	0.0554701383205
66500	0.0554641693542
66600	0.0554823077862
66700	0.0554654514825
66800	0.0554671591493
66900	0.0554764034752
67000	0.0554745710071
67100	0.0554738475586
67200	0.0554795327183
67300	0.0554946920531
67400	0.0555017973766
67500	0.0555038198273
67600	0.0555094233937
67700	0.0555131384125
67800	0.0555080294471
67900	0.0555262898814
68000	0.0555404923081
68100	0.0555349745628
68200	0.0555445981885
68300	0.0555436695728
68400	0.0555558686392
68500	0.0555629159323
68600	0.0555571483554
68700	0.0555615951653
68800	0.0555680241758
68900	0.0555699380999
69000	0.0555726352844
69100	0.0555702118915
69200	0.0555578580495
69300	0.0555592165066
69400	0.0555526102202
69500	0.0555399690977
69600	0.0555488301962
69700	0.0555425335672
69800	0.0555320491791
69900	0.0555409055731
70000	0.0555360988804
70100	0.0555259354046
70200	0.0555166820271
70300	0.0555050084975
70400	0.0554916917704
70500	0.0555066691696
70600	0.0555065449978
70700	0.0555101588382
70800	0.0555120853552
70900	0.055521973096
71000	0.0555276226956
71100	0.0555438350896
71200	0.0555427116182
71300	0.0555378567589
71400	0.0555421917645
71500	0.0555499384395
71600	0.0555554889061
71700	0.0555609000747
71800	0.0555578756894
71900	0.0555815373037
72000	0.0555738880985
72100	0.0555582160907
72200	0.0555543327725
72300	0.0555517294708
72400	0.0555505996414
72500	0.0555618012197
72600	0.0555769026333
72700	0.0555797641894
72800	0.0555847116565
72900	0.0555801976387
73000	0.0555949930592
73100	0.0555992373863
73200	0.0556127817598
73300	0.0556231020622
73400	0.0556137867338
73500	0.0556059528957
73600	0.0555899577634
73700	0.0556092812982
73800	0.0556217536359
73900	0.0556310781507
74000	0.0556399137017
74100	0.0556399448958
74200	0.0556494402385
74300	0.0556393957526
74400	0.0556366605915
74500	0.0556370876713
74600	0.055652744224
74700	0.0556444732621
74800	0.0556470018656
74900	0.0556560216164
75000	0.055651119993
75100	0.0556323629977
75200	0.0556344008779
75300	0.0556365949046
75400	0.05562884082
75500	0.0556362673491
75600	0.0556251065746
75700	0.0556151696614
75800	0.0556237656482
75900	0.0556148952235
76000	0.0556095699785
76100	0.0555899645351
76200	0.0555907140078
76300	0.0556024295145
76400	0.0555992537221
76500	0.0556010582922
76600	0.0556059205589
76700	0.0556084904661
76800	0.0556091162721
76900	0.0556040103911
77000	0.0555916942502
77100	0.0555741091094
77200	0.0555708710761
77300	0.0555860576468
77400	0.0555932195053
77500	0.0556013912754
77600	0.055601204781
77700	0.0556103601568
77800	0.055607519294
77900	0.0556029371266
78000	0.0555979754194
78100	0.0555914570281
78200	0.0555936140528
78300	0.0555994120762
78400	0.0555979117898
78500	0.0555924289701
78600	0.0555885416382
78700	0.0555934949746
78800	0.0555994024192
78900	0.0556005352616
79000	0.0555969203818
79100	0.0556137639268
79200	0.0556120640125
79300	0.0556079739748
79400	0.0556151345414
79500	0.0556188617655
79600	0.0556074441212
79700	0.0555951308186
79800	0.0556095060837
79900	0.0556080444381
80000	0.0556189114416
80100	0.0556211551352
80200	0.0556244350331
80300	0.0556158218277
80400	0.0556142073411
80500	0.0556071419574
80600	0.0556129324584
80700	0.0556210950194
80800	0.0556183176197
80900	0.0556164142212
81000	0.0556247520005
81100	0.0556237763759
81200	0.055620387998
81300	0.0556150500975
81400	0.0556203067611
81500	0.055629737951
81600	0.05562902353
81700	0.0556181458774
81800	0.0556204002337
81900	0.0556170463587
82000	0.0556088589326
82100	0.0556043932516
82200	0.055606949146
82300	0.0556068929309
82400	0.0556074311183
82500	0.055592598628
82600	0.055602277449
82700	0.0556093659168
82800	0.0556139936913
82900	0.0556074967301
83000	0.0556033656313
83100	0.055597932175
83200	0.0556074317206
83300	0.0556078186069
83400	0.0556130777794
83500	0.0556197844376
83600	0.0556138385753
83700	0.0556070818292
83800	0.0556100028825
83900	0.055601833492
84000	0.0556109207574
84100	0.0556062646409
84200	0.0556173298007
84300	0.0556135235615
84400	0.0556023493539
84500	0.0556095480691
84600	0.0556090369521
84700	0.0555964126153
84800	0.0555888059293
84900	0.0556005322662
85000	0.0555943755536
85100	0.0555943434228
85200	0.0556096631405
85300	0.0556038783809
85400	0.0555907698975
85500	0.0555928907665
85600	0.0555898028808
85700	0.0555928131815
85800	0.0555918609985
85900	0.0555918959621
86000	0.055593177924
86100	0.0555871508986
86200	0.0555878860832
86300	0.0555918220939
86400	0.0556083364882
86500	0.0555977573666
86600	0.0555984334753
86700	0.0555955412578
86800	0.0555843154313
86900	0.0555838241704
87000	0.0555811892165
87100	0.0555796627256
87200	0.055572575131
87300	0.0555744005437
87400	0.0555698449859
87500	0.0555862745448
87600	0.0556077261777
87700	0.0555976812762
87800	0.0556026072545
87900	0.0556003410587
88000	0.0556046086612
88100	0.0556091151897
88200	0.0556066393972
88300	0.0556084376826
88400	0.0556137643878
88500	0.0556202443361
88600	0.0556186276195
88700	0.0556175569438
88800	0.0556156208452
88900	0.0556173560485
89000	0.0556335699637
89100	0.0556366360088
89200	0.0556310099096
89300	0.0556406374408
89400	0.0556282759615
89500	0.0556268413692
89600	0.0556190077913
89700	0.0556153599598
89800	0.0556114273724
89900	0.0556110678537
90000	0.0556095454674
90100	0.0556056925759
90200	0.0556074378596
90300	0.0556047243605
90400	0.055601865075
90500	0.0556115226604
90600	0.055614049378
90700	0.0556188703814
90800	0.0556274267068
90900	0.0556341266142
91000	0.0556302734967
91100	0.0556319519698
91200	0.0556180546287
91300	0.0556082302943
91400	0.0555985105249
91500	0.0555907523676
91600	0.055604746595
91700	0.0556125159705
91800	0.0556026880383
91900	0.0555950275438
92000	0.055598683023
92100	0.0556112464365
92200	0.0556021384268
92300	0.0556039765059
92400	0.0556101000319
92500	0.0556114700031
92600	0.0556043171149
92700	0.0555912204868
92800	0.0555865520258
92900	0.0555841081919
93000	0.0555707092026
93100	0.0555677618182
93200	0.0555628822064
93300	0.0555615492334
93400	0.0555765294005
93500	0.0555669438963
93600	0.0555662904654
93700	0.0555747375396
93800	0.0555832049085
93900	0.0555760118306
94000	0.0555756144524
94100	0.0555630987549
94200	0.0555643619968
94300	0.0555641725722
94400	0.0555729613196
94500	0.0555733531864
94600	0.0555800507802
94700	0.0555778779434
94800	0.0555805912915
94900	0.055576626127
95000	0.0555852850256
95100	0.0555951726439
95200	0.0555934486565
95300	0.0555928755694
95400	0.055597786963
95500	0.0556028246524
95600	0.0556034464298
95700	0.0556108741682
95800	0.0556094738128
95900	0.0556188776289
96000	0.0556387595043
96100	0.0556368057355
96200	0.0556447968884
96300	0.0556497114547
96400	0.0556512555665
96500	0.0556439929926
96600	0.0556489861026
96700	0.0556454200009
96800	0.0556311535476
96900	0.0556174750892
97000	0.0556193069225
97100	0.0556191607911
97200	0.0556177101723
97300	0.0556099144406
97400	0.0556240316024
97500	0.0556227853533
97600	0.0556275300617
97700	0.055637992677
97800	0.0556419429718
97900	0.0556345293651
98000	0.0556296127818
98100	0.0556400984162
98200	0.0556327477073
98300	0.0556433735821
98400	0.0556482059984
98500	0.0556453400904
98600	0.0556465342081
98700	0.055648037349
98800	0.0556474003234
98900	0.0556510236402
99000	0.0556376808389
99100	0.0556266700416
99200	0.0556293224886
99300	0.0556267659304
99400	0.0556284396845
99500	0.0556262166122
99600	0.0556202909509
99700	0.0556185085726
99800	0.0556202478145
99900	0.0556304923338
100000	0.0556346875012
100100	0.0556365617577
100200	0.0556386658776
100300	0.0556421026063
100400	0.0556324698172
100500	0.0556349058773
100600	0.0556375141027
100700	0.0556355672196
100800	0.0556431915942
100900	0.0556486543435
101000	0.0556475442933
101100	0.0556438643722
101200	0.055644145577
101300	0.0556572396705
101400	0.0556560220407
101500	0.0556516936532
101600	0.0556493857748
101700	0.0556467994714
101800	0.0556412380321
101900	0.0556298501525
102000	0.0556402091395
102100	0.0556380398756
102200	0.0556421405443
102300	0.0556407313565
102400	0.055633697703
102500	0.0556257629816
102600	0.0556218303479
102700	0.0556167283223
102800	0.0556226889521
102900	0.0556175001799
103000	0.0556141308883
103100	0.0556143859599
103200	0.0556126826874
103300	0.0556023800056
103400	0.0555964194099
103500	0.0555963384742
103600	0.0555829740003
103700	0.0555876714274
103800	0.0555904535112
103900	0.0555890213461
104000	0.0555911488114
104100	0.0555821000442
104200	0.0555884638516
104300	0.0555952645606
104400	0.0555996487323
104500	0.0556019421432
104600	0.0555987586511
104700	0.0555875770571
104800	0.0555933698228
104900	0.0555981018367
105000	0.0556032252004
105100	0.055625897396
105200	0.0556352745598
105300	0.0556412217984
105400	0.0556282671361
105500	0.0556305530753
105600	0.0556291180567
105700	0.0556280725322
105800	0.0556256925851
105900	0.0556296596505
106000	0.0556282096854
106100	0.0556205149594
106200	0.0556285488116
106300	0.055628892499
106400	0.0556339881039
106500	0.0556338069459
106600	0.0556276931553
106700	0.0556395244087
106800	0.0556479542993
106900	0.0556530054336
107000	0.0556600256637
107100	0.0556600717547
107200	0.0556630566963
107300	0.0556674271901
107400	0.0556648202994
107500	0.0556588645059
107600	0.0556527445923
107700	0.0556513689053
107800	0.0556499874816
107900	0.0556513742973
108000	0.0556413208465
108100	0.0556420406046
108200	0.0556490206746
108300	0.0556557633059
108400	0.0556536437876
108500	0.0556511487417
108600	0.0556459795372
108700	0.0556395891686
108800	0.0556409549385
108900	0.0556424525074
109000	0.0556415133928
109100	0.0556398318326
109200	0.0556387594256
109300	0.0556387430765
109400	0.0556392760697
109500	0.0556321294153
109600	0.0556262910367
109700	0.0556177397341
109800	0.0556187289878
109900	0.0556243169725
110000	0.0556215303442
110100	0.0556212096209
110200	0.0556228924241
110300	0.0556164841174
110400	0.0556179285115
110500	0.0556306494263
110600	0.0556370664293
110700	0.0556426423894
110800	0.0556509539172
110900	0.0556512238502
111000	0.055657072402
111100	0.0556622439169
111200	0.0556574066592
111300	0.0556555730521
111400	0.055650232384
111500	0.0556527230492
111600	0.0556500896851
111700	0.0556509818357
111800	0.0556481038467
111900	0.0556499819633
112000	0.0556505936949
112100	0.0556533308524
112200	0.0556440069976
112300	0.0556420792638
112400	0.0556537916888
112500	0.0556649245255
112600	0.0556527832979
112700	0.0556455362998
112800	0.055640360684
112900	0.0556359251536
113000	0.0556424803905
113100	0.0556452398783
113200	0.0556528116184
113300	0.0556599273662
113400	0.0556527367766
113500	0.0556544845725
113600	0.0556622878835
113700	0.055663759891
113800	0.0556546744594
113900	0.0556561546999
114000	0.0556485388929
114100	0.0556455417777
114200	0.0556346033231
114300	0.0556364099792
114400	0.055639738746
114500	0.0556394450885
114600	0.0556417427727
114700	0.0556373296499
114800	0.0556394522601
114900	0.0556335918901
115000	0.0556328610531
115100	0.0556428255315
115200	0.0556425658604
115300	0.0556428085988
115400	0.0556549182041
115500	0.0556571428876
115600	0.05564967262
115700	0.05565908624
115800	0.0556573788691
115900	0.0556636098621
116000	0.0556668288719
116100	0.055658196261
116200	0.0556566336096
116300	0.055650016337
116400	0.0556395167424
116500	0.0556341402313
116600	0.0556238970008
116700	0.055626805091
116800	0.0556268230017
116900	0.0556226360718
117000	0.055616646951
117100	0.0556080363325
117200	0.0556065786917
117300	0.0555943437041
117400	0.0555915379012
117500	0.0555883026119
117600	0.0555964918809
117700	0.0555909358174
117800	0.0555846628641
117900	0.0555792863531
118000	0.0555763663759
118100	0.0555727367849
118200	0.0555778994421
118300	0.0555780299294
118400	0.0555749016134
118500	0.0555819746074
118600	0.0555764331811
118700	0.0555755879799
118800	0.0555736461914
118900	0.0555737901468
119000	0.0555876941783
119100	0.05558636353
119200	0.0555867985471
119300	0.0555935349341
119400	0.0555898421434
119500	0.0555786511698
119600	0.0555807333517
119700	0.0555890724365
119800	0.0555866544869
119900	0.0555913696699
120000	0.055590435687
120100	0.055584991068
120200	0.055576479402
120300	0.0555727974261
120400	0.0555745057516
120500	0.0555763861849
120600	0.0555768627661
120700	0.0555719847729
120800	0.0555650156621
120900	0.0555731082458
121000	0.0555784501576
121100	0.055570469355
121200	0.055566118863
121300	0.0555702560769
121400	0.0555675608052
121500	0.0555752895321
121600	0.055575846916
121700	0.0555661274924
121800	0.0555673235158
121900	0.0555634556832
122000	0.0555576378741
122100	0.0555516513099
122200	0.0555524709961
122300	0.0555647197935
122400	0.0555599593817
122500	0.0555555694014
122600	0.0555579234899
122700	0.0555609098979
122800	0.0555640321461
122900	0.0555593056953
123000	0.0555669366953
123100	0.0555604898112
123200	0.0555627747456
123300	0.0555556720831
123400	0.0555463991577
123500	0.0555357552135
123600	0.0555347652009
123700	0.0555243392913
123800	0.055524483987
123900	0.0555222102362
124000	0.0555296247109
124100	0.0555259118755
124200	0.0555278782888
124300	0.0555249106891
124400	0.0555209327815
124500	0.0555204993047
124600	0.0555205122247
124700	0.0555202182006
124800	0.0555276309177
124900	0.0555236985116
125000	0.0555305069782
125100	0.055533020139
125200	0.0555260535834
125300	0.0555277508997
125400	0.0555404717113
125500	0.0555326646752
125600	0.0555465757644
125700	0.0555468072838
125800	0.0555458437512
125900	0.0555482870834
126000	0.0555467597355
126100	0.0555470176335
126200	0.0555423122751
126300	0.0555465848349
126400	0.0555530088454
126500	0.055549381906
126600	0.055555218571
126700	0.0555533415482
126800	0.0555523277398
126900	0.0555439082165
127000	0.0555475893138
127100	0.055542827848
127200	0.0555460843646
127300	0.0555442762363
127400	0.0555438550647
127500	0.0555359464433
127600	0.0555339469644
127700	0.0555283922268
127800	0.0555285750203
127900	0.0555255970089
128000	0.0555296151832
128100	0.055528776506
128200	0.0555278377553
128300	0.0555306919815
128400	0.0555284261184
128500	0.0555226921455
128600	0.0555285730067
128700	0.0555267741414
128800	0.0555337662304
128900	0.0555262713944
129000	0.0555265261077
129100	0.0555332446816
129200	0.0555281998655
129300	0.0555275302821
129400	0.0555306421635
129500	0.055545781549
129600	0.0555476839607
129700	0.0555462705239
129800	0.0555370642356
129900	0.0555394677825
130000	0.0555454834687
130100	0.0555372334755
130200	0.0555331619047
130300	0.0555359027497
130400	0.0555358689462
130500	0.0555387304167
130600	0.0555414617178
130700	0.0555411106216
130800	0.0555462573111
130900	0.0555408377175
131000	0.0555435784691
131100	0.0555437193291
131200	0.0555478113464
131300	0.0555480733532
131400	0.055549073647
131500	0.0555511103422
131600	0.0555417017095
131700	0.055544978662
131800	0.0555491305713
131900	0.0555494387221
132000	0.055546694167
132100	0.055537958725
132200	0.0555268568631
132300	0.0555314845169
132400	0.0555377534067
132500	0.0555362930149
132600	0.0555342006026
132700	0.0555377383954
132800	0.0555418572414
132900	0.0555407582957
133000	0.0555465934848
133100	0.0555519435032
133200	0.0555516637003
133300	0.0555610962983
133400	0.0555639173133
133500	0.0555664022075
133600	0.0555630250371
133700	0.0555605826705
133800	0.0555606377568
133900	0.0555529265233
134000	0.0555478887514
134100	0.0555524765337
134200	0.0555495615659
134300	0.055537302615
134400	0.0555415823562
134500	0.0555368196499
134600	0.0555352164689
134700	0.0555410924524
134800	0.0555421116511
134900	0.0555470599825
135000	0.0555503721662
135100	0.0555494558209
135200	0.0555475419989
135300	0.0555457889735
135400	0.0555435400841
135500	0.0555411597251
135600	0.055537662299
135700	0.0555407534997
135800	0.0555434622346
135900	0.05554333116
136000	0.0555432737075
136100	0.0555413957128
136200	0.0555514909392
136300	0.0555488550992
136400	0.0555523615452
136500	0.0555556302147
136600	0.0555523530306
136700	0.055554916768
136800	0.0555562002606
136900	0.0555535268451
137000	0.0555540284696
137100	0.0555474069366
137200	0.0555453274794
137300	0.0555415310249
137400	0.0555385898783
137500	0.055541731381
137600	0.0555415822132
137700	0.05554215973
137800	0.055536446777
137900	0.0555306850576
138000	0.0555304953488
138100	0.0555225783148
138200	0.0555150556417
138300	0.0555160748085
138400	0.0555127029016
138500	0.0555144804696
138600	0.05551308704
138700	0.0555110299679
138800	0.0555072175622
138900	0.0555111867295
139000	0.0555123913196
139100	0.0555123055349
139200	0.0555134482337
139300	0.0555115179076
139400	0.0555149390163
139500	0.0555194650194
139600	0.0555248608536
139700	0.055529618614
139800	0.0555308502666
139900	0.0555257693473
140000	0.055538205899
140100	0.0555413100671
140200	0.0555324401211
140300	0.0555372727354
140400	0.0555328020986
140500	0.0555376599296
140600	0.055541137155
140700	0.0555384453173
140800	0.0555294437227
140900	0.0555289484378
141000	0.0555259411001
141100	0.0555293435651
141200	0.0555219975942
141300	0.0555231860517
141400	0.0555319296734
141500	0.0555316591059
141600	0.0555300396606
141700	0.0555299745636
141800	0.0555281229138
141900	0.055527737539
142000	0.0555252674046
142100	0.0555214807824
142200	0.0555186089925
142300	0.0555238267503
142400	0.0555348760914
142500	0.0555331195807
142600	0.0555311112579
142700	0.0555306021388
142800	0.0555346453391
142900	0.0555401173577
143000	0.0555474254477
143100	0.0555444584915
143200	0.0555422835601
143300	0.0555336497198
143400	0.0555306195268
143500	0.0555297507469
143600	0.055529168703
143700	0.0555306088709
143800	0.0555268845129
143900	0.0555326482319
144000	0.0555305901583
144100	0.0555300276044
144200	0.0555270701695
144300	0.0555253585706
144400	0.0555227230893
144500	0.0555231243504
144600	0.0555270349777
144700	0.0555264104354
144800	0.0555266359894
144900	0.0555185429044
145000	0.0555186698868
145100	0.0555177998086
145200	0.0555136165111
145300	0.0555086310627
145400	0.0555106262073
145500	0.055509604699
145600	0.0555074959525
145700	0.0555143542307
145800	0.0555061067261
145900	0.055505265573
146000	0.0555099140423
146100	0.055513446782
146200	0.0555113736287
146300	0.0555054137688
146400	0.055511450208
146500	0.0555152631527
146600	0.0555206803418
146700	0.0555217274088
146800	0.0555187819098
146900	0.0555225033782
147000	0.0555272467698
147100	0.0555212611915
147200	0.0555266659037
147300	0.0555315440234
147400	0.0555363262712
147500	0.0555349434833
147600	0.0555327432669
147700	0.0555285411857
147800	0.0555330066606
147900	0.0555391345038
148000	0.0555358876961
148100	0.0555337379272
148200	0.0555427728905
148300	0.055548210613
148400	0.0555482531871
148500	0.0555572806265
148600	0.0555588162887
148700	0.0555560035448
148800	0.0555524553774
148900	0.0555570208396
149000	0.0555549318574
149100	0.0555597643949
149200	0.055555279435
149300	0.0555626074011
149400	0.0555619067266
149500	0.0555666823472
149600	0.055569222616
149700	0.0555784524446
149800	0.0555826320006
149900	0.0555795469736
150000	0.0555838552541
150100	0.0555842174911
150200	0.0555820390487
150300	0.0555871374115
150400	0.0555859771833
150500	0.055587250122
150600	0.0555922041644
150700	0.0555874623847
150800	0.0555888384121
150900	0.0555943237445
151000	0.0555911997509
151100	0.0555938796284
151200	0.055588217653
151300	0.0555837253239
151400	0.0555769446575
151500	0.0555774529356
151600	0.0555833886932
151700	0.055578336492
151800	0.0555730702701
151900	0.0555721109776
152000	0.0555752560121
152100	0.055580121698
152200	0.0555790850865
152300	0.0555834066418
152400	0.0555841862222
152500	0.0555843424613
152600	0.0555867862622
152700	0.0555814427103
152800	0.0555842210829
152900	0.0555873118452
153000	0.05558268051
153100	0.0555791424669
153200	0.0555789066751
153300	0.0555716180318
153400	0.0555680147567
153500	0.0555696937041
153600	0.0555654045843
153700	0.0555673901563
153800	0.0555633179056
153900	0.0555624835835
154000	0.0555627315492
154100	0.0555635835809
154200	0.0555679963649
154300	0.0555688407312
154400	0.055566861712
154500	0.0555701723912
154600	0.0555739289274
154700	0.0555758320042
154800	0.0555738296861
154900	0.0555702018766
155000	0.0555696684748
155100	0.0555664666216
155200	0.0555647861177
155300	0.055567876077
155400	0.0555644238944
155500	0.0555649634754
155600	0.0555681384695
155700	0.0555682429026
155800	0.0555661315666
155900	0.0555583059885
156000	0.0555568825421
156100	0.0555512802973
156200	0.0555591811464
156300	0.0555564390127
156400	0.0555535738292
156500	0.0555564877312
156600	0.0555561059291
156700	0.0555542336253
156800	0.0555475966314
156900	0.0555452826159
157000	0.055542405909
157100	0.055541168911
157200	0.0555417220451
157300	0.0555411982633
157400	0.0555359126371
157500	0.0555365261297
157600	0.0555493635533
157700	0.055547054635
157800	0.0555512060175
157900	0.0555487878346
158000	0.0555486210653
158100	0.055557243481
158200	0.0555649783527
158300	0.0555605961968
158400	0.0555584923902
158500	0.0555570538977
158600	0.0555498921416
158700	0.0555496661387
158800	0.0555494015364
158900	0.0555568903796
159000	0.0555617807754
159100	0.0555666128083
159200	0.0555663814775
159300	0.055563352015
159400	0.0555567209419
159500	0.0555595491183
159600	0.0555697099905
159700	0.0555643973839
159800	0.0555673280117
159900	0.0555623539177
160000	0.0555694078929
160100	0.0555701359531
160200	0.0555712027136
160300	0.0555668801931
160400	0.0555686314703
160500	0.055571437776
160600	0.0555689258625
160700	0.0555676813532
160800	0.0555619093549
160900	0.0555578767347
161000	0.05555194638
161100	0.0555487629288
161200	0.0555391975433
161300	0.055540474212
161400	0.0555385774112
161500	0.0555319200155
161600	0.0555303576629
161700	0.055525596432
161800	0.0555267618987
161900	0.0555227078642
162000	0.055519658736
162100	0.0555185566292
162200	0.0555224475994
162300	0.0555239205498
162400	0.0555294973246
162500	0.0555284065741
162600	0.055530239171
162700	0.0555238736535
162800	0.0555287102256
162900	0.0555280656811
163000	0.0555261722409
163100	0.0555279449295
163200	0.0555309298665
163300	0.055534311762
163400	0.0555345378045
163500	0.0555405589512
163600	0.0555341336941
163700	0.0555402729988
163800	0.0555362284319
163900	0.0555409003705
164000	0.0555365891205
164100	0.0555429066129
164200	0.0555391815382
164300	0.0555428722555
164400	0.0555372223574
164500	0.0555382939033
164600	0.0555326636296
164700	0.0555304176089
164800	0.0555303328473
164900	0.0555289364366
165000	0.0555370224542
165100	0.0555406967782
165200	0.0555379603874
165300	0.0555389113899
165400	0.0555417120968
165500	0.0555431224484
165600	0.0555450531368
165700	0.0555431309046
165800	0.0555361757259
165900	0.0555436069819
166000	0.055537269946
166100	0.0555315000047
166200	0.0555284080589
166300	0.0555293653126
166400	0.0555295803324
166500	0.0555274601039
166600	0.055521259953
166700	0.055517302037
166800	0.0555181997419
166900	0.0555179021078
167000	0.0555163364154
167100	0.0555071014876
167200	0.0555069386837
167300	0.0555025875991
167400	0.0555028868949
167500	0.0554985704063
167600	0.0554945630122
167700	0.0554900719614
167800	0.055492029044
167900	0.0554883487392
168000	0.0554912718338
168100	0.0554960457961
168200	0.0554883256834
168300	0.0554869188653
168400	0.0554901619728
168500	0.0554850319136
168600	0.0554826120254
168700	0.0554833784911
168800	0.0554830373184
168900	0.0554861851751
169000	0.0554837289483
169100	0.0554818492845
169200	0.0554805752557
169300	0.0554801601589
169400	0.0554795854107
169500	0.0554840442493
169600	0.055482148215
169700	0.0554863255274
169800	0.0554895048115
169900	0.0554901736226
170000	0.0554857213913
170100	0.0554868619882
170200	0.0554892952132
170300	0.05549185035
170400	0.0554914502196
170500	0.0554943083785
170600	0.0554937756879
170700	0.0554876286206
170800	0.0554896210892
170900	0.0554919229438
171000	0.0554947013962
171100	0.055490846201
171200	0.0554909978256
171300	0.0554896901183
171400	0.055489253116
171500	0.0554916099501
171600	0.0554897261362
171700	0.0554883954086
171800	0.0554950728076
171900	0.0554978711089
172000	0.0554981609852
172100	0.0554951488519
172200	0.0554984406294
172300	0.0554953684145
172400	0.0554910485496
172500	0.0554935834305
172600	0.055501424769
172700	0.0555010238399
172800	0.0554970838801
172900	0.0554999114599
173000	0.0554963516573
173100	0.0554945452844
173200	0.0554876601095
173300	0.0554901709101
173400	0.0554881123527
173500	0.0554828861563
173600	0.055485377098
173700	0.0554875583876
173800	0.0554797146938
173900	0.0554832981305
174000	0.0554815235758
174100	0.0554810481323
174200	0.0554811294722
174300	0.0554826279287
174400	0.0554836097259
174500	0.0554809412344
174600	0.0554859518083
174700	0.0554827142628
174800	0.0554804451173
174900	0.0554783572602
175000	0.0554708313105
175100	0.0554724063762
175200	0.055476569847
175300	0.0554821842415
175400	0.055483972047
175500	0.0554915741924
175600	0.0555028606762
175700	0.0555029450205
175800	0.0555091584008
175900	0.0555102091769
176000	0.0555114517691
176100	0.0555103545668
176200	0.0555135612269
176300	0.0555124815683
176400	0.0555156197474
176500	0.0555156619119
176600	0.0555111829995
176700	0.0555073007458
176800	0.0555037910988
176900	0.0555041886641
177000	0.0555070013912
177100	0.0555055134527
177200	0.0555032539267
177300	0.0554982793705
177400	0.0554963090268
177500	0.0555004716148
177600	0.0554995195972
177700	0.0554999698591
177800	0.0555000838915
177900	0.0555006340025
178000	0.0554966664984
178100	0.0554998475317
178200	0.0554972188495
178300	0.0554934607677
178400	0.0554888085245
178500	0.0554928575446
178600	0.0554942572567
178700	0.0554931450877
178800	0.0554896243817
178900	0.0554931819036
179000	0.0554970791882
179100	0.055495565842
179200	0.0554937589999
179300	0.0554961113455
179400	0.0554971376299
179500	0.055498502553
179600	0.055502567841
179700	0.0555020886181
179800	0.0554975784192
179900	0.0555084916306
180000	0.0555089176985
180100	0.0555030191858
180200	0.055501538867
180300	0.0554990167047
180400	0.0555000760357
180500	0.0555000027197
180600	0.0555018656104
180700	0.0555110337442
180800	0.05551043394
180900	0.0555159098014
181000	0.0555110485147
181100	0.055510329264
181200	0.0555089560184
181300	0.0555106205537
181400	0.0555065340388
181500	0.0555080261075
181600	0.0555060814473
181700	0.0555076632979
181800	0.0555074003315
181900	0.0555022680974
182000	0.0554997389673
182100	0.0555043708582
182200	0.0555007596114
182300	0.0554989292372
182400	0.0555006890997
182500	0.0554987979226
182600	0.0555000007118
182700	0.0555018793067
182800	0.0555003674084
182900	0.0555052113458
183000	0.0555022325442
183100	0.055499801064
183200	0.0555018050842
183300	0.0555043360866
183400	0.0555066810119
183500	0.0555089890387
183600	0.0555087365397
183700	0.0555080186355
183800	0.0555142047214
183900	0.0555158983887
184000	0.0555190152704
184100	0.0555195857447
184200	0.0555129276141
184300	0.0555112818018
184400	0.0555115844776
184500	0.0555106667189
184600	0.055512356046
184700	0.0555159771167
184800	0.0555134530901
184900	0.0555139959227
185000	0.0555154138115
185100	0.055513348058
185200	0.0555105092503
185300	0.0555046809025
185400	0.0555066342822
185500	0.0555072753013
185600	0.0555056543149
185700	0.0555033730921
185800	0.0555000312967
185900	0.0555018008255
186000	0.0554987153029
186100	0.0554956504468
186200	0.0555014226547
186300	0.0555031733238
186400	0.0554985321084
186500	0.0555004679201
186600	0.0554949200969
186700	0.0554969106855
186800	0.0554925995064
186900	0.0554880525863
187000	0.0554937508598
187100	0.0554935102271
187200	0.0554922984918
187300	0.0554980910717
187400	0.0554977494204
187500	0.0554944890415
187600	0.0554925802991
187700	0.0554899622523
187800	0.0554960656436
187900	0.0554954136258
188000	0.0554906276138
188100	0.0554976534197
188200	0.0555011895586
188300	0.0555045229597
188400	0.0555048351462
188500	0.0555024678782
188600	0.0555001606812
188700	0.055505414598
188800	0.0555032292854
188900	0.0555011180841
189000	0.0554982339026
189100	0.0555025139672
189200	0.0555024191195
189300	0.0555037452855
189400	0.0555025110537
189500	0.0554987095082
189600	0.0555001616157
189700	0.055501507597
189800	0.0555078915344
189900	0.0555111594586
190000	0.0555067010858
190100	0.0555055909031
190200	0.0555025402303
190300	0.05550550526
190400	0.0555107280868
190500	0.0555090648905
190600	0.0555096709913
190700	0.0555145017224
190800	0.0555241199317
190900	0.0555229932336
191000	0.0555240897033
191100	0.0555232216385
191200	0.0555206386206
191300	0.05552851001
191400	0.0555234599679
191500	0.0555229551996
191600	0.0555215846819
191700	0.055519162803
191800	0.0555164227399
191900	0.0555159339855
192000	0.0555171672207
192100	0.0555191663862
192200	0.0555192450079
192300	0.0555163530903
192400	0.0555160283075
192500	0.0555192137374
192600	0.0555179743811
192700	0.0555149085475
192800	0.0555173530685
192900	0.0555139488683
193000	0.0555171511741
193100	0.0555162348362
193200	0.0555146618055
193300	0.0555159601346
193400	0.0555184327322
193500	0.0555244889909
193600	0.055525198148
193700	0.0555315188351
193800	0.0555373789212
193900	0.0555349060923
194000	0.0555296397663
194100	0.0555249816743
194200	0.0555241485289
194300	0.0555224352975
194400	0.055522794778
194500	0.0555287644409
194600	0.0555274128718
194700	0.0555262751748
194800	0.0555303300735
194900	0.0555319351161
195000	0.0555285740024
195100	0.055532941758
195200	0.0555335699888
195300	0.0555357780102
195400	0.0555420595603
195500	0.0555348999487
195600	0.0555339243702
195700	0.0555311757089
195800	0.0555311691427
195900	0.0555278805468
196000	0.0555301742655
196100	0.05553012412
196200	0.0555290074633
196300	0.0555275925537
196400	0.0555228549796
196500	0.0555310880197
196600	0.0555328543068
196700	0.0555315065881
196800	0.0555325037255
196900	0.0555327612422
197000	0.0555357108889
197100	0.055537368376
197200	0.0555357605646
197300	0.0555332670163
197400	0.0555404122159
197500	0.0555376839583
197600	0.0555407027855
197700	0.0555447739227
197800	0.055551216757
197900	0.0555540788744
198000	0.0555509771375
198100	0.0555506176677
198200	0.05554365273
198300	0.0555402400514
198400	0.0555424641865
198500	0.0555441453898
198600	0.055547264827
198700	0.0555485210925
198800	0.0555494263606
198900	0.0555514737979
199000	0.0555453159133
199100	0.0555433893638
199200	0.0555438023736
199300	0.0555438346435
199400	0.0555403883216
199500	0.0555376393968
199600	0.0555371941567
199700	0.0555411124239
199800	0.0555436163844
199900	0.0555421526504
200000	0.0555388162043
200100	0.0555337833704
200200	0.0555337687711
200300	0.0555397977885
200400	0.0555379794679
200500	0.0555427527322
200600	0.0555362898612
200700	0.0555423530767
200800	0.055543820382
200900	0.0555423891511
201000	0.0555381043216
201100	0.0555387990122
201200	0.0555430244071
201300	0.0555387872051
201400	0.0555391696751
201500	0.0555378945829
201600	0.0555316795484
201700	0.0555331729261
201800	0.0555313369957
201900	0.0555250095042
202000	0.0555258792094
202100	0.0555256100978
202200	0.0555243675023
202300	0.0555228069233
202400	0.0555248966315
202500	0.0555288096555
202600	0.0555272429214
202700	0.0555290961237
202800	0.0555246632092
202900	0.0555234808023
203000	0.0555292349338
203100	0.0555331243667
203200	0.0555353290366
203300	0.055538640278
203400	0.0555394759473
203500	0.055545357087
203600	0.0555444202795
203700	0.0555458471459
203800	0.055542344244
203900	0.0555461007417
204000	0.0555484307554
204100	0.0555449871544
204200	0.0555509368678
204300	0.0555523128665
204400	0.0555509383046
204500	0.0555521798166
204600	0.055552690659
204700	0.0555551740501
204800	0.0555488697307
204900	0.0555475001075
205000	0.0555482891547
205100	0.0555436735427
205200	0.0555462517304
205300	0.0555496181066
205400	0.0555471676319
205500	0.055542283055
205600	0.0555412306437
205700	0.0555390344485
205800	0.0555379353474
205900	0.0555398123135
206000	0.0555401592621
206100	0.0555373428429
206200	0.0555439609717
206300	0.0555450111517
206400	0.0555434078534
206500	0.0555393871036
206600	0.0555383816039
206700	0.0555406262733
206800	0.0555402375519
206900	0.0555390315006
207000	0.0555397234073
207100	0.0555377731648
207200	0.055530754158
207300	0.0555328769019
207400	0.0555302897526
207500	0.0555322162281
207600	0.0555288906061
207700	0.0555301529296
207800	0.0555280823026
207900	0.0555273177088
208000	0.0555315346067
208100	0.0555301255381
208200	0.0555275319914
208300	0.0555321337966
208400	0.0555346589133
208500	0.0555307832791
208600	0.0555303290044
208700	0.0555259312963
208800	0.0555262602305
208900	0.0555240594044
209000	0.0555234945536
209100	0.0555300278621
209200	0.0555306111891
209300	0.0555286329142
209400	0.0555287114218
209500	0.0555255689994
209600	0.055522110426
209700	0.0555205529465
209800	0.0555225328036
209900	0.0555174693235
210000	0.0555192089244
210100	0.0555158864921
210200	0.0555158903607
210300	0.0555176295996
210400	0.0555176092621
210500	0.0555224843301
210600	0.0555239014735
210700	0.0555260755121
210800	0.0555251780374
210900	0.0555280804247
211000	0.0555308535919
211100	0.0555306232217
211200	0.0555307566528
211300	0.0555323222872
211400	0.0555271271723
211500	0.055531120399
211600	0.0555324039551
211700	0.0555318062923
211800	0.0555271207691
211900	0.0555353322825
212000	0.0555339867764
212100	0.0555330943239
212200	0.0555360716532
212300	0.0555293291441
212400	0.0555339040043
212500	0.0555380191339
212600	0.0555424123444
212700	0.0555381284549
212800	0.0555371641069
212900	0.0555390644953
213000	0.0555501587698
213100	0.0555572602015
213200	0.055556229285
213300	0.0555585794389
213400	0.0555581518691
213500	0.0555575438499
213600	0.0555618971685
213700	0.0555612675499
213800	0.0555642842945
213900	0.0555620306724
214000	0.0555606261683
214100	0.0555584560732
214200	0.05555523749
214300	0.0555537236831
214400	0.0555541045932
214500	0.0555564461791
214600	0.0555562407245
214700	0.0555556103743
214800	0.0555624608407
214900	0.0555601171662
215000	0.0555575158931
215100	0.0555605424172
215200	0.0555588037932
215300	0.0555530606635
215400	0.0555513473164
215500	0.0555506971903
215600	0.0555486225791
215700	0.0555475280399
215800	0.0555468710531
215900	0.0555545499837
216000	0.055550221862
216100	0.0555489111904
216200	0.0555476152942
216300	0.0555495215878
216400	0.0555534742165
216500	0.0555517361719
216600	0.0555520792594
216700	0.0555442763118
216800	0.0555398644273
216900	0.0555393885028
217000	0.0555375765742
217100	0.0555381341487
217200	0.0555346226826
217300	0.0555346099599
217400	0.0555371876503
217500	0.0555343089943
217600	0.0555288725218
217700	0.0555285047036
217800	0.0555214699325
217900	0.0555170889808
218000	0.0555188819942
218100	0.0555201120343
218200	0.0555266488552
218300	0.0555247978849
218400	0.0555230775331
218500	0.055525501199
218600	0.0555264059101
218700	0.0555269038473
218800	0.0555268370782
218900	0.0555292115235
219000	0.0555276212521
219100	0.0555267352531
219200	0.055526033984
219300	0.0555235960785
219400	0.0555255185561
219500	0.0555270731897
219600	0.0555250129818
219700	0.0555195002702
219800	0.0555216002183
219900	0.0555220203914
220000	0.0555215007058
220100	0.0555239651844
220200	0.0555200913196
220300	0.0555177399761
220400	0.055514442445
220500	0.0555175602948
220600	0.0555173740274
220700	0.0555174119519
220800	0.0555191355317
220900	0.0555203674051
221000	0.0555230855408
221100	0.0555249964888
221200	0.055528981907
221300	0.0555258075374
221400	0.0555296287482
221500	0.0555299046617
221600	0.0555332096245
221700	0.0555359271299
221800	0.0555389117285
221900	0.0555428361384
222000	0.0555440466793
222100	0.0555421209718
222200	0.0555403715267
222300	0.0555396325386
222400	0.0555377586518
222500	0.055539058702
222600	0.0555384786219
222700	0.055539091932
222800	0.0555341476302
222900	0.0555335708016
223000	0.0555338675281
223100	0.0555369189708
223200	0.0555331004235
223300	0.0555320000259
223400	0.0555322396344
223500	0.0555307369693
223600	0.0555345745689
223700	0.0555364301642
223800	0.0555358246112
223900	0.0555339174166
224000	0.0555312771338
224100	0.055530550748
224200	0.0555282291673
224300	0.0555294741354
224400	0.0555314767782
224500	0.0555391105329
224600	0.0555341518052
224700	0.0555333896098
224800	0.0555312485588
224900	0.0555311213739
225000	0.0555271613773
225100	0.0555272439003
225200	0.055527092549
225300	0.0555233022448
225400	0.055522129779
225500	0.05551876943
225600	0.0555145537223
225700	0.0555222920017
225800	0.055522674891
225900	0.055524409843
226000	0.0555267456768
226100	0.055524876505
226200	0.0555224380543
226300	0.0555212878392
226400	0.0555188802268
226500	0.0555201228005
226600	0.0555204706143
226700	0.0555211554806
226800	0.0555197680828
226900	0.0555216342451
227000	0.0555182066101
227100	0.0555152024972
227200	0.0555141367497
227300	0.055514460026
227400	0.0555137941837
227500	0.0555136771174
227600	0.0555096007611
227700	0.0555072704207
227800	0.0555044622103
227900	0.0555059155643
228000	0.0555061683406
228100	0.0555018340064
228200	0.0555078958653
228300	0.0555060652665
228400	0.0555016093955
228500	0.0555048096058
228600	0.0555058591606
228700	0.0555067261489
228800	0.0555095943179
228900	0.0555081620622
229000	0.0555072180016
229100	0.0555037751183
229200	0.0555024133561
229300	0.0555016358154
229400	0.0555003935047
229500	0.0554968733262
229600	0.0554900790056
229700	0.0554930133088
229800	0.0554886203526
229900	0.0554880414806
230000	0.0554900923587
230100	0.0554941387926
230200	0.0554904556245
230300	0.0554894072641
230400	0.055489892476
230500	0.0554937495853
230600	0.0554952018306
230700	0.0554965819601
230800	0.0555041011917
230900	0.0555036233516
231000	0.0555015815191
231100	0.0555009673577
231200	0.0555018272235
231300	0.0555016452696
231400	0.0555045121036
231500	0.0555037942889
231600	0.0555031870195
231700	0.0555028204399
231800	0.0555008781489
231900	0.0555054731048
232000	0.0555024488304
232100	0.0555009072668
232200	0.0555071565538
232300	0.0555042806791
232400	0.0555017591029
232500	0.0554989334303
232600	0.0554954152587
232700	0.0554956671242
232800	0.0554982626424
232900	0.0555007782747
233000	0.0555043509279
233100	0.0555112038066
233200	0.0555093876031
233300	0.055506430217
233400	0.0555044597578
233500	0.0555085201713
233600	0.0555067855135
233700	0.0555080921813
233800	0.0555113396337
233900	0.0555098596431
234000	0.0555140119233
234100	0.055510154658
234200	0.0555099094623
234300	0.0555150371553
234400	0.0555186007711
234500	0.0555183359849
234600	0.0555145313175
234700	0.0555172598516
234800	0.0555125722451
234900	0.0555106715661
235000	0.0555130399628
235100	0.0555192149677
235200	0.0555210980791
235300	0.0555197897891
235400	0.0555189870459
235500	0.055519464648
235600	0.055518685727
235700	0.0555188427236
235800	0.0555235456033
235900	0.0555237998736
236000	0.0555235688595
236100	0.0555210386707
236200	0.0555179289337
236300	0.0555155847833
236400	0.0555199970958
236500	0.0555229221649
236600	0.0555282801835
236700	0.0555300065432
236800	0.0555321306034
236900	0.0555397364757
237000	0.0555386302931
237100	0.0555339820705
237200	0.0555315798275
237300	0.0555329742932
237400	0.0555319753375
237500	0.0555329857889
237600	0.0555303742139
237700	0.0555344594855
237800	0.0555305625805
237900	0.0555324483591
238000	0.0555370489821
238100	0.0555390682979
238200	0.0555394672411
238300	0.0555457165145
238400	0.0555437204783
238500	0.0555387701689
238600	0.0555352941773
238700	0.0555343666159
238800	0.0555375723961
238900	0.0555378688952
239000	0.0555342878074
239100	0.0555328647253
239200	0.0555383356988
239300	0.0555368095374
239400	0.0555345297601
239500	0.0555310417313
239600	0.05553011616
239700	0.0555345027797
239800	0.0555354338903
239900	0.0555346656259
240000	0.0555287136873
240100	0.0555300892331
240200	0.0555320668267
240300	0.0555271497718
240400	0.0555237840856
240500	0.0555290917995
240600	0.0555301875101
240700	0.0555327110429
240800	0.0555324006743
240900	0.055530641092
241000	0.0555334929917
241100	0.0555285759717
241200	0.0555268910867
241300	0.0555244675528
241400	0.0555245471806
241500	0.055525436298
241600	0.0555266748354
241700	0.055528288607
241800	0.0555268458179
241900	0.0555313693374
242000	0.0555329103386
242100	0.0555288453151
242200	0.0555287647776
242300	0.0555265781947
242400	0.0555268137557
242500	0.0555236527961
242600	0.0555265462349
242700	0.0555257577736
242800	0.055526954423
242900	0.055523009492
243000	0.0555234851384
243100	0.0555241346546
243200	0.0555285597286
243300	0.055524368764
243400	0.0555250501986
243500	0.0555290416296
243600	0.0555310058582
243700	0.0555292581721
243800	0.0555300043853
243900	0.0555338387906
244000	0.0555342012531
244100	0.055535075546
244200	0.0555349812863
244300	0.0555338421589
244400	0.0555336569902
244500	0.0555319739421
244600	0.0555311632114
244700	0.0555309920125
244800	0.055529703407
244900	0.0555269298253
245000	0.0555264001175
245100	0.0555277639585
245200	0.0555306274132
245300	0.0555362262583
245400	0.055534479165
245500	0.0555383887811
245600	0.0555381030432
245700	0.0555390850399
245800	0.0555390585146
245900	0.0555369755719
246000	0.055537848753
246100	0.0555406162814
246200	0.0555396354004
246300	0.0555397186404
246400	0.0555372101788
246500	0.0555427380488
246600	0.0555391752113
246700	0.0555391681792
246800	0.0555374482734
246900	0.0555353248484
247000	0.0555371129017
247100	0.0555338884471
247200	0.0555362497648
247300	0.0555320371344
247400	0.0555334406774
247500	0.0555330524762
247600	0.055534913697
247700	0.0555359849192
247800	0.0555298978024
247900	0.0555308927267
248000	0.055529827873
248100	0.0555305515104
248200	0.0555334443941
248300	0.055536373709
248400	0.0555348060795
248500	0.0555332559164
248600	0.0555356066816
248700	0.0555382028968
248800	0.0555395929483
248900	0.0555448011684
249000	0.0555467172165
249100	0.0555452924893
249200	0.0555467589577
249300	0.0555402051942
249400	0.0555389257097
249500	0.0555458095054
249600	0.0555475763213
249700	0.0555461960616
249800	0.0555386312361
249900	0.0555340311573
250000	0.0555374459172
250100	0.0555351960051
250200	0.0555343716658
250300	0.0555326555095
250400	0.055531828153
250500	0.0555281110876
250600	0.0555273451334
250700	0.0555282197305
250800	0.0555282453841
250900	0.0555267743864
251000	0.0555305720174
251100	0.0555310780286
251200	0.0555348884537
251300	0.055534400967
251400	0.0555337897304
251500	0.0555342710588
251600	0.055534718309
251700	0.0555330560727
251800	0.0555323883868
251900	0.0555335873977
252000	0.0555332417313
252100	0.0555292376091
252200	0.0555355028835
252300	0.0555334594229
252400	0.055533157266
252500	0.055537498488
252600	0.0555350682792
252700	0.0555400826831
252800	0.0555366663774
252900	0.0555344821802
253000	0.0555346534514
253100	0.0555331911818
253200	0.0555349929315
253300	0.0555322188196
253400	0.0555334389494
253500	0.0555300601646
253600	0.0555317057938
253700	0.055534464628
253800	0.0555369657332
253900	0.055539370769
254000	0.0555431872454
254100	0.0555414850488
254200	0.0555408667425
254300	0.0555392011704
254400	0.0555373295924
254500	0.0555407188571
254600	0.0555393123653
254700	0.0555390886247
254800	0.0555381127798
254900	0.0555382734966
255000	0.0555386265907
255100	0.0555381490769
255200	0.0555362315977
255300	0.0555395788041
255400	0.0555387085582
255500	0.0555346217329
255600	0.0555336643557
255700	0.0555359722954
255800	0.0555364426929
255900	0.0555382498416
256000	0.055537462394
256100	0.0555369518015
256200	0.0555344769167
256300	0.0555381674469
256400	0.0555360816987
256500	0.0555395867401
256600	0.0555433124688
256700	0.0555432373619
256800	0.0555378976959
256900	0.0555417000374
257000	0.0555386750154
257100	0.0555364948007
257200	0.0555340475624
257300	0.0555332081631
257400	0.0555311575473
257500	0.0555332473214
257600	0.0555354343871
257700	0.0555326003512
257800	0.055536937816
257900	0.0555337171346
258000	0.0555289882588
258100	0.0555254413582
258200	0.0555286229432
258300	0.0555294531913
258400	0.055530544236
258500	0.0555291169437
258600	0.0555318856801
258700	0.055525785261
258800	0.0555215431156
258900	0.0555195159002
259000	0.055520217231
259100	0.0555198520785
259200	0.0555114162976
259300	0.0555123984566
259400	0.055520354946
259500	0.0555218840704
259600	0.0555223417649
259700	0.055522318743
259800	0.0555208927149
259900	0.0555221847985
260000	0.0555201147246
260100	0.055520599236
260200	0.0555219114773
260300	0.0555205845794
260400	0.0555183375544
260500	0.0555155114148
260600	0.0555175342941
260700	0.0555156850091
260800	0.0555124628302
260900	0.0555148476152
261000	0.0555154892328
261100	0.0555171554634
261200	0.0555175708501
261300	0.0555232659182
261400	0.0555231664415
261500	0.0555214171899
261600	0.0555211789918
261700	0.0555219218305
261800	0.055521770511
261900	0.0555249399876
262000	0.0555235670246
262100	0.0555230672553
262200	0.0555200158967
262300	0.0555189690313
262400	0.0555180279509
262500	0.0555193324814
262600	0.0555182416647
262700	0.0555157789794
262800	0.0555143078263
262900	0.0555107300238
263000	0.0555097041183
263100	0.0555084614687
263200	0.0555071847854
263300	0.055506937104
263400	0.0555084761524
263500	0.0555090004408
263600	0.0555087813811
263700	0.0555047546349
263800	0.0555085953954
263900	0.0555070411717
264000	0.0555094762228
264100	0.0555112712582
264200	0.0555130152389
264300	0.0555147942116
264400	0.0555187853911
264500	0.0555209530222
264600	0.0555218779031
264700	0.0555218418218
264800	0.0555204805149
264900	0.0555172908752
265000	0.055512616716
265100	0.0555124104328
265200	0.0555152805976
265300	0.0555144530798
265400	0.0555182019013
265500	0.055515198738
265600	0.055521386876
265700	0.0555238126861
265800	0.0555203588415
265900	0.0555210749216
266000	0.0555221173054
266100	0.0555258417397
266200	0.0555308856069
266300	0.055534013244
266400	0.0555303131001
266500	0.0555275536781
266600	0.0555290409382
266700	0.0555280188977
266800	0.0555273033397
266900	0.0555261315661
267000	0.0555214378745
267100	0.0555216362203
267200	0.0555216604577
267300	0.055525858481
267400	0.0555236617994
267500	0.0555237956618
267600	0.0555200592393
267700	0.0555213329408
267800	0.0555234073402
267900	0.0555241554198
268000	0.0555262126689
268100	0.0555240764449
268200	0.0555237618267
268300	0.0555240070049
268400	0.0555204405581
268500	0.0555211404243
268600	0.055521906097
268700	0.055522745971
268800	0.0555221576866
268900	0.0555207998362
269000	0.0555203994962
269100	0.0555196115561
269200	0.0555203144594
269300	0.0555157837453
269400	0.0555132378262
269500	0.05551239884
269600	0.0555153035905
269700	0.0555150979416
269800	0.0555142173405
269900	0.055514270259
270000	0.0555134736513
270100	0.0555118133703
270200	0.0555122050197
270300	0.0555080972504
270400	0.055506900778
270500	0.055511650377
270600	0.0555107449117
270700	0.0555139128584
270800	0.0555179556949
270900	0.0555204544833
271000	0.0555219251993
271100	0.0555204451399
271200	0.0555179078265
271300	0.0555177963874
271400	0.0555157311602
271500	0.0555124290607
271600	0.0555127545299
271700	0.0555170107328
271800	0.0555174492794
271900	0.0555177730435
272000	0.0555163797976
272100	0.0555174134191
272200	0.0555176056072
272300	0.0555192792958
272400	0.0555208664054
272500	0.0555218199109
272600	0.0555189719995
272700	0.055518902319
272800	0.0555181668988
272900	0.0555183599651
273000	0.0555184057301
273100	0.0555153627706
273200	0.0555157556908
273300	0.0555159145412
273400	0.0555154837303
273500	0.0555131178564
273600	0.0555076356361
273700	0.055509237596
273800	0.0555058205587
273900	0.0555086939249
274000	0.0555067842955
274100	0.0555030557855
274200	0.0555000070685
274300	0.0555024377404
274400	0.055500933821
274500	0.0555021980412
274600	0.0555071051805
274700	0.05550504012
274800	0.055504517551
274900	0.0555085684965
275000	0.0555083234202
275100	0.0555088505163
275200	0.0555085803086
275300	0.0555085173245
275400	0.0555111998608
275500	0.0555099079428
275600	0.0555070512247
275700	0.0555079731853
275800	0.0555085494484
275900	0.055505347085
276000	0.0555023883247
276100	0.055502848098
276200	0.0555046565182
276300	0.0555016934888
276400	0.0554970279454
276500	0.0554994202102
276600	0.0554968070972
276700	0.0554939941964
276800	0.0554920719853
276900	0.0554936117707
277000	0.0554909326171
277100	0.0554915466228
277200	0.0554947852928
277300	0.0554931991112
277400	0.0554949621892
277500	0.0554941740169
277600	0.0554938924789
277700	0.055492519731
277800	0.0554938752724
277900	0.0554948581004
278000	0.0554950849354
278100	0.0554968224229
278200	0.0554981358215
278300	0.0554988587171
278400	0.0554977558853
278500	0.0555001810166
278600	0.0554998607289
278700	0.055499510778
278800	0.0554968480493
278900	0.0554962949508
279000	0.0555000355521
279100	0.0554988110478
279200	0.0554982848965
279300	0.0555046409676
279400	0.0555015363329
279500	0.0555016905716
279600	0.0555038188801
279700	0.0554996390673
279800	0.0554965293133
279900	0.0554984385797
280000	0.0554959245337
280100	0.0554962188805
280200	0.055497402056
280300	0.0554975040431
280400	0.0554975650628
280500	0.0554975471944
280600	0.0554997836883
280700	0.0554946829595
280800	0.0554919975572
280900	0.0554916372719
281000	0.0554908697828
281100	0.0554932241311
281200	0.0554926594846
281300	0.0554922225824
281400	0.0554897633541
281500	0.0554895553319
281600	0.0554888692026
281700	0.055487610372
281800	0.0554873907938
281900	0.0554871612634
282000	0.0554871648264
282100	0.0554925197532
282200	0.0554914569813
282300	0.0554911231646
282400	0.0554923501874
282500	0.0554887607084
282600	0.0554890492512
282700	0.0554906682287
282800	0.0554920874114
282900	0.0554930295038
283000	0.0554942517716
283100	0.0554928230738
283200	0.0554917800658
283300	0.0554883575261
283400	0.0554921500104
283500	0.0554924917183
283600	0.0554915231697
283700	0.0554931486076
283800	0.0554901328672
283900	0.0554918683969
284000	0.0554902528457
284100	0.0554950658745
284200	0.0554917981503
284300	0.055492327823
284400	0.0554950709037
284500	0.0554974036396
284600	0.055493505224
284700	0.0554922058931
284800	0.0554924376548
284900	0.0554945141714
285000	0.0554956602007
285100	0.0554930528598
285200	0.05549160383
285300	0.0554925660852
285400	0.0554987268932
285500	0.0554999258561
285600	0.0554968968691
285700	0.0554933977908
285800	0.0554890128883
285900	0.0554934549936
286000	0.0554946809159
286100	0.0554987143844
286200	0.0555032320031
286300	0.0555079619303
286400	0.05550316484
286500	0.0555019283997
286600	0.0555008014859
286700	0.0555009243745
286800	0.0554972736221
286900	0.0554995519066
287000	0.0554995006285
287100	0.0554984267488
287200	0.0554957342448
287300	0.0554947300469
287400	0.055494426607
287500	0.0554925055497
287600	0.0554935342045
287700	0.0554951996836
287800	0.0554957600049
287900	0.0554962307732
288000	0.0554957072554
288100	0.0554906125771
288200	0.0554905951475
288300	0.0554917274052
288400	0.0554902743317
288500	0.0554906891288
288600	0.0554985603825
288700	0.0554953092665
288800	0.0554979265072
288900	0.0554959380803
289000	0.0554963645057
289100	0.055496285996
289200	0.0554994137599
289300	0.0555008794465
289400	0.0555014656531
289500	0.0554997513769
289600	0.0555025728354
289700	0.0555003249047
289800	0.0554979084155
289900	0.0554993417327
290000	0.0554968080126
290100	0.0554934693384
290200	0.0554926573235
290300	0.0554927181915
290400	0.0554954694233
290500	0.0554922990232
290600	0.055492038678
290700	0.0554920372956
290800	0.0554942401854
290900	0.055491556193
291000	0.0554905715424
291100	0.0554862808868
291200	0.0554851231938
291300	0.0554851932935
291400	0.0554841221026
291500	0.0554822133402
291600	0.0554829986364
291700	0.0554806406711
291800	0.0554821572721
291900	0.0554802514265
292000	0.055480209415
292100	0.0554786618512
292200	0.0554808233491
292300	0.0554803560691
292400	0.055478390454
292500	0.0554777213661
292600	0.055478734031
292700	0.0554785329058
292800	0.0554767395285
292900	0.0554756644351
293000	0.0554753802944
293100	0.0554806160742
293200	0.0554806767192
293300	0.0554782264298
293400	0.0554766099704
293500	0.0554790756384
293600	0.0554790241647
293700	0.0554789756043
293800	0.0554766306013
293900	0.055471046606
294000	0.0554712199244
294100	0.0554736895098
294200	0.0554725648186
294300	0.0554751350381
294400	0.0554741984625
294500	0.0554756034948
294600	0.0554773238102
294700	0.0554776323352
294800	0.055476259136
294900	0.0554748230949
295000	0.0554721491785
295100	0.0554733484925
295200	0.0554779564395
295300	0.0554761076752
295400	0.0554756076311
295500	0.0554768868213
295600	0.0554768557744
295700	0.0554777902515
295800	0.0554758912179
295900	0.0554738261943
296000	0.0554768864491
296100	0.0554745868901
296200	0.055474492255
296300	0.0554725370501
296400	0.0554745521224
296500	0.0554771689482
296600	0.0554808826694
296700	0.0554798932184
296800	0.0554766744812
296900	0.0554773776802
297000	0.0554811425167
297100	0.0554848207142
297200	0.0554827654318
297300	0.0554811337922
297400	0.0554799477399
297500	0.0554773694018
297600	0.0554760971362
297700	0.0554751674828
297800	0.0554787884737
297900	0.0554765920965
298000	0.0554785793677
298100	0.0554761870377
298200	0.0554779695542
298300	0.0554802244597
298400	0.055481908164
298500	0.0554817871802
298600	0.0554817183228
298700	0.0554782078923
298800	0.0554827496675
298900	0.0554854232475
299000	0.055487530345
299100	0.055490775861
299200	0.0554925073056
299300	0.0554920066717
299400	0.0554895346319
299500	0.0554903260039
299600	0.0554930746352
299700	0.0554938091696
299800	0.0554918365828
299900	0.0554898625793
300000	0.0554870959062
300100	0.0554856818466
300200	0.0554850075406
300300	0.0554850924222
300400	0.0554893814407
300500	0.055488504156
300600	0.0554899949963
300700	0.0554902710846
300800	0.0554889051326
300900	0.0554868565933
301000	0.0554847128095
301100	0.0554845668311
301200	0.0554861231025
301300	0.0554840506794
301400	0.0554826217686
301500	0.055482539267
301600	0.0554821111533
301700	0.0554809868579
301800	0.0554818542215
301900	0.0554822499177
302000	0.0554827955192
302100	0.0554834714658
302200	0.0554844746035
302300	0.055486394314
302400	0.0554867417911
302500	0.0554865623038
302600	0.0554847180213
302700	0.0554852744125
302800	0.0554844205514
302900	0.055484707202
303000	0.0554848844778
303100	0.0554867284317
303200	0.0554871450601
303300	0.0554872396139
303400	0.0554869876143
303500	0.0554845079338
303600	0.0554862509443
303700	0.0554832612244
303800	0.0554838950674
303900	0.0554851464676
304000	0.0554836771857
304100	0.0554840024194
304200	0.0554834861241
304300	0.0554851102791
304400	0.0554822622884
304500	0.055485851537
304600	0.0554883392659
304700	0.0554882046645
304800	0.0554897496288
304900	0.0554933151301
305000	0.055493138798
305100	0.0554915629216
305200	0.0554893716513
305300	0.0554870410775
305400	0.0554863747018
305500	0.0554901257506
305600	0.0554909860718
305700	0.0554900488669
305800	0.0554918024651
305900	0.0554926319503
306000	0.0554889887549
306100	0.0554834119673
306200	0.0554826383114
306300	0.0554814270571
306400	0.0554808369113
306500	0.0554830069723
306600	0.0554849399261
306700	0.0554846558798
306800	0.0554804742832
306900	0.0554792755695
307000	0.0554797934841
307100	0.0554806071734
307200	0.0554774146407
307300	0.0554808155719
307400	0.055479515825
307500	0.0554752435327
307600	0.0554751522645
307700	0.0554741244819
307800	0.0554765824149
307900	0.0554759556731
308000	0.0554756492593
308100	0.0554755509317
308200	0.0554751613073
308300	0.055478929843
308400	0.0554813303416
308500	0.0554810286475
308600	0.0554814256349
308700	0.0554802195891
308800	0.0554789440261
308900	0.055478523797
309000	0.0554782350648
309100	0.0554764167776
309200	0.055479295639
309300	0.0554806822623
309400	0.0554822001996
309500	0.0554851295692
309600	0.0554838855721
309700	0.0554890117504
309800	0.0554837190534
309900	0.0554824601474
310000	0.0554842390237
310100	0.0554839779712
310200	0.0554870262406
310300	0.0554870289882
310400	0.0554880014928
310500	0.0554860182824
310600	0.0554841005418
310700	0.0554826741029
310800	0.055481890096
310900	0.0554805284207
311000	0.0554795837132
311100	0.0554773742926
311200	0.055476530779
311300	0.0554752488457
311400	0.0554764225642
311500	0.0554745586723
311600	0.0554721319863
311700	0.0554716456309
311800	0.055470808016
311900	0.055469721228
312000	0.0554731644949
312100	0.0554719747643
312200	0.0554719696311
312300	0.0554683592965
312400	0.0554694982131
312500	0.0554669408243
312600	0.0554631383592
312700	0.0554615474482
312800	0.0554633779298
312900	0.0554627185634
313000	0.0554605849822
313100	0.0554583390806
313200	0.0554591805634
313300	0.0554625663297
313400	0.0554629747759
313500	0.0554619036189
313600	0.0554644112927
313700	0.0554684950565
313800	0.0554672268503
313900	0.0554697141221
314000	0.0554708806082
314100	0.0554685944765
314200	0.0554685785226
314300	0.0554706519518
314400	0.055471249508
314500	0.0554718420722
314600	0.0554726201966
314700	0.0554695289098
314800	0.0554712341584
314900	0.0554690595412
315000	0.0554672017821
315100	0.0554679315785
315200	0.055471911266
315300	0.0554719295343
315400	0.055471858643
315500	0.0554715045971
315600	0.0554769823838
315700	0.0554791650183
315800	0.0554828429079
315900	0.0554828138641
316000	0.0554848475263
316100	0.0554877008751
316200	0.0554907023869
316300	0.0554913601806
316400	0.0554935299927
316500	0.055493112
316600	0.055494635887
316700	0.0554942556043
316800	0.0554914819213
316900	0.0554930002428
317000	0.0554930819677
317100	0.0554926706366
317200	0.0554939107315
317300	0.0554927265094
317400	0.0554923913127
317500	0.0554929793666
317600	0.0554907535441
317700	0.0554931727566
317800	0.0554976060958
317900	0.0554976809559
318000	0.0554946319302
318100	0.0554954441831
318200	0.0554945150107
318300	0.0554963772841
318400	0.0554993077084
318500	0.0554978654326
318600	0.0555021553657
318700	0.055500757959
318800	0.0555001301555
318900	0.0554994987711
319000	0.0554959065577
319100	0.0554973029189
319200	0.055498015406
319300	0.0554961046085
319400	0.05549481353
319500	0.0554939095457
319600	0.0554965348996
319700	0.0554988574804
319800	0.055496499423
319900	0.0554986410071
320000	0.0554950745627
320100	0.0554939495075
320200	0.0554924119489
320300	0.055490682779
320400	0.0554891943749
320500	0.0554861189991
320600	0.0554842848937
320700	0.0554846146627
320800	0.0554892169639
320900	0.0554893386874
321000	0.0554893283145
321100	0.0554859010086
321200	0.055487838652
321300	0.0554883034329
321400	0.0554893684833
321500	0.0554871280161
321600	0.0554920037125
321700	0.0554910669059
321800	0.0554905445732
321900	0.0554921045815
322000	0.0554938132097
322100	0.0554937142238
322200	0.0554943655796
322300	0.0554914844003
322400	0.0554908081661
322500	0.0554901824506
322600	0.0554897754179
322700	0.055489775686
322800	0.055490851824
322900	0.0554917679142
323000	0.0554940309933
323100	0.0554947654611
323200	0.0554969967389
323300	0.0554965371005
323400	0.0554963744278
323500	0.0554951375062
323600	0.0554958759907
323700	0.0554980589156
323800	0.0554984360964
323900	0.0554960294226
324000	0.0554959124371
324100	0.0554931534438
324200	0.0554904372271
324300	0.055492375002
324400	0.055489459403
324500	0.055493016492
324600	0.0554943098009
324700	0.0554937151187
324800	0.0554916949628
324900	0.0554895369853
325000	0.0554916062966
325100	0.0554933925194
325200	0.0554909391166
325300	0.0554900084618
325400	0.0554872355603
325500	0.0554906665847
325600	0.0554934388701
325700	0.0554939316325
325800	0.0554916150764
325900	0.0554927480269
326000	0.0554884755621
326100	0.0554861595486
326200	0.0554898457819
326300	0.0554883247699
326400	0.0554871881701
326500	0.0554865854626
326600	0.0554858697559
326700	0.0554829087718
326800	0.0554844324515
326900	0.0554844303363
327000	0.0554860979859
327100	0.0554841932975
327200	0.0554853865208
327300	0.0554856340118
327400	0.0554879035174
327500	0.055485512743
327600	0.0554833615752
327700	0.055482424414
327800	0.0554831944453
327900	0.0554811534596
328000	0.0554799123523
328100	0.0554820294108
328200	0.0554835927008
328300	0.0554856880029
328400	0.0554861661769
328500	0.0554850791548
328600	0.0554846015503
328700	0.0554882058614
328800	0.0554867967817
328900	0.0554881762114
329000	0.0554871821615
329100	0.0554888366248
329200	0.0554867059008
329300	0.0554849398893
329400	0.0554851653292
329500	0.055481096863
329600	0.0554795989218
329700	0.0554792504045
329800	0.0554803600395
329900	0.0554786667003
330000	0.055478869739
330100	0.0554780580803
330200	0.0554795186685
330300	0.0554774716522
330400	0.0554789553799
330500	0.0554794165473
330600	0.0554771769432
330700	0.0554763046108
330800	0.055474510213
330900	0.0554737395178
331000	0.0554748194342
331100	0.0554757653899
331200	0.0554749543911
331300	0.0554720908815
331400	0.0554721604701
331500	0.0554722141769
331600	0.0554722103882
331700	0.0554746901128
331800	0.055472107145
331900	0.0554735023823
332000	0.0554764821119
332100	0.0554759660532
332200	0.0554778149551
332300	0.0554804242787
332400	0.0554779440003
332500	0.0554777935776
332600	0.0554797176009
332700	0.0554804544137
332800	0.0554813401923
332900	0.0554849335148
333000	0.0554865609813
333100	0.055486507668
333200	0.0554849851972
333300	0.055483580071
333400	0.0554825153509
333500	0.0554817075482
333600	0.0554867991117
333700	0.0554868318131
333800	0.0554872519026
333900	0.0554848651183
334000	0.0554829364941
334100	0.0554830808433
334200	0.0554825092074
334300	0.0554812185928
334400	0.0554804743531
334500	0.0554816274524
334600	0.0554790230938
334700	0.0554794998306
334800	0.0554811762219
334900	0.0554804603068
335000	0.0554835196145
335100	0.0554843920898
335200	0.055486752612
335300	0.0554858659015
335400	0.0554870723263
335500	0.0554883415131
335600	0.0554869290135
335700	0.0554851137412
335800	0.0554840125341
335900	0.0554830131589
336000	0.0554829872149
336100	0.0554834317219
336200	0.0554841102218
336300	0.0554869154021
336400	0.0554937145216
336500	0.0554923042885
336600	0.0554930454475
336700	0.0554946812033
336800	0.0554945705425
336900	0.0554942580804
337000	0.055494349919
337100	0.0554958606607
337200	0.0554980948728
337300	0.055498973704
337400	0.0555034631277
337500	0.055505660824
337600	0.0555073617723
337700	0.0555092853034
337800	0.0555116159795
337900	0.0555115467659
338000	0.0555118517459
338100	0.0555109908211
338200	0.0555128033726
338300	0.0555145015313
338400	0.0555151289561
338500	0.0555154241868
338600	0.0555160693551
338700	0.0555141088318
338800	0.055517703841
338900	0.055520010457
339000	0.0555199240499
339100	0.0555222256219
339200	0.0555236277279
339300	0.055524086192
339400	0.0555234619533
339500	0.0555240557197
339600	0.0555258194713
339700	0.0555283260714
339800	0.0555273015596
339900	0.0555267184806
340000	0.0555284615483
340100	0.0555302121161
340200	0.0555334492372
340300	0.0555323804263
340400	0.0555324027254
340500	0.0555325955932
340600	0.0555317210737
340700	0.0555363232843
340800	0.0555409793417
340900	0.0555410395069
341000	0.0555454397095
341100	0.0555483280167
341200	0.0555476902647
341300	0.0555498255666
341400	0.0555501854793
341500	0.0555525432683
341600	0.0555549502651
341700	0.0555583018256
341800	0.0555562861131
341900	0.0555571735515
342000	0.055556208098
342100	0.0555560646196
342200	0.0555552234409
342300	0.055554336782
342400	0.0555564668523
342500	0.0555580250888
342600	0.0555611310884
342700	0.05556100803
342800	0.0555628638199
342900	0.0555620028585
343000	0.0555591537045
343100	0.0555583172739
343200	0.0555559730676
343300	0.0555541431059
343400	0.05555342365
343500	0.0555552049116
343600	0.0555538622774
343700	0.0555579136306
343800	0.0555575601409
343900	0.0555589273713
344000	0.0555602950857
344100	0.0555613925216
344200	0.0555616405955
344300	0.0555598254808
344400	0.0555603450902
344500	0.0555611452866
344600	0.0555605303776
344700	0.0555606814021
344800	0.0555599638367
344900	0.0555613337175
345000	0.0555646296492
345100	0.0555642556542
345200	0.0555645042184
345300	0.0555648113377
345400	0.0555665674391
345500	0.0555679135887
345600	0.0555680404927
345700	0.0555678869875
345800	0.0555675520753
345900	0.0555666007658
346000	0.0555643872342
346100	0.0555634450872
346200	0.0555629219108
346300	0.0555648665942
346400	0.0555657279265
346500	0.0555636261737
346600	0.0555648942446
346700	0.055562234482
346800	0.0555605120843
346900	0.0555614386693
347000	0.0555602743259
347100	0.0555649841793
347200	0.0555640461501
347300	0.0555621642613
347400	0.0555604556384
347500	0.055560546214
347600	0.0555606697697
347700	0.0555617074293
347800	0.0555596499516
347900	0.0555606339103
348000	0.0555593601808
348100	0.0555598284042
348200	0.0555583750081
348300	0.055557220035
348400	0.0555583405314
348500	0.0555588900005
348600	0.0555570496867
348700	0.0555521547223
348800	0.0555528326078
348900	0.0555559050982
349000	0.0555565501117
349100	0.0555568914101
349200	0.0555556395923
349300	0.0555587224021
349400	0.0555593171467
349500	0.0555599134455
349600	0.0555600069992
349700	0.0555587072185
349800	0.0555557571038
349900	0.0555550488966
