100	0.54849882
200	0.534452515
300	0.520894516667
400	0.5145845125
500	0.513031644
600	0.514789955
700	0.521494084286
800	0.51674121875
900	0.515313164444
1000	0.516723317
1100	0.515487391818
1200	0.516012923333
1300	0.519455669231
1400	0.518195641429
1500	0.519103118667
1600	0.51982782625
1700	0.519801429412
1800	0.518984285
1900	0.520241323684
2000	0.520347307
2100	0.519195490952
2200	0.518085039545
2300	0.516920880435
2400	0.517430515833
2500	0.5165648212
2600	0.517069336154
2700	0.515811109259
2800	0.514718868929
2900	0.512611884138
3000	0.511034574667
3100	0.511243373871
3200	0.510811874375
3300	0.511698677879
3400	0.511944300294
3500	0.511685540857
3600	0.511859829444
3700	0.510668325946
3800	0.509494555789
3900	0.508501971795
4000	0.507641462
4100	0.507884000976
4200	0.507775603571
4300	0.508434454651
4400	0.508183611591
4500	0.508599623556
4600	0.507548765
4700	0.507720692979
4800	0.507366191042
4900	0.506812966327
5000	0.5059286774
5100	0.505080547647
5200	0.5045960375
5300	0.504298930189
5400	0.504599569815
5500	0.505316268364
5600	0.505375848571
5700	0.504889870175
5800	0.505853656897
5900	0.505180637119
6000	0.505459438333
6100	0.50547289459
6200	0.50530174
6300	0.505092521587
6400	0.505341469531
6500	0.505012171231
6600	0.505027005
6700	0.505358185373
6800	0.505460971176
6900	0.505084421304
7000	0.504856221429
7100	0.505205259437
7200	0.505632355556
7300	0.504477059452
7400	0.504667667432
7500	0.504145466267
7600	0.504036233289
7700	0.503901408182
7800	0.504055727308
7900	0.503850668354
8000	0.503524198875
8100	0.50426916284
8200	0.503970527195
8300	0.503580698675
8400	0.503675744643
8500	0.503440842588
8600	0.503601881744
8700	0.503390388161
8800	0.503171167614
8900	0.503383344157
9000	0.503229831333
9100	0.503127101758
9200	0.502802867391
9300	0.502543938065
9400	0.502387584255
9500	0.502861817368
9600	0.502804603646
9700	0.502776048351
9800	0.502785721939
9900	0.502873166667
10000	0.5029752927
10100	0.502982626139
10200	0.50371011951
10300	0.503935565049
10400	0.504115410577
10500	0.503813977048
10600	0.503805457358
10700	0.504091173645
10800	0.504340386389
10900	0.504731273945
11000	0.504155412636
11100	0.504406675135
11200	0.504407333304
11300	0.504821633186
11400	0.504484144474
11500	0.504690954957
11600	0.504852721724
11700	0.504894807949
11800	0.50472469839
11900	0.504459427899
12000	0.504522968833
12100	0.50459328719
12200	0.504671880164
12300	0.504757845528
12400	0.504713556371
12500	0.5047926768
12600	0.504402299603
12700	0.504611158268
12800	0.504661972187
12900	0.504383117829
13000	0.504686078846
13100	0.504733016947
13200	0.504483425985
13300	0.504189362857
13400	0.504335999254
13500	0.504352330593
13600	0.503860075956
13700	0.504104920584
13800	0.50424836029
13900	0.504003736043
14000	0.503950216643
14100	0.504004703191
14200	0.504013707113
14300	0.504130808042
14400	0.504120470347
14500	0.503871485034
14600	0.503320008973
14700	0.502875062789
14800	0.502882311419
14900	0.50286239557
15000	0.5029901156
15100	0.502670723444
15200	0.502476592829
15300	0.502274409869
15400	0.50233196513
15500	0.502273174387
15600	0.502094361667
15700	0.502411414713
15800	0.502856415063
15900	0.502794570126
16000	0.503195561437
16100	0.503313198882
16200	0.50341375358
16300	0.503329549325
16400	0.503039579207
16500	0.503147094788
16600	0.503098828675
16700	0.503033947605
16800	0.50287102006
16900	0.502726531124
17000	0.503017815294
17100	0.502924340292
17200	0.502673039651
17300	0.502737314393
17400	0.503340847299
17500	0.503524111086
17600	0.503705511989
17700	0.503755222203
17800	0.50365335882
17900	0.503571376257
18000	0.503575316722
18100	0.503806179337
18200	0.503477491923
18300	0.502990011967
18400	0.502816373913
18500	0.502798386865
18600	0.503125212204
18700	0.503068421016
18800	0.502916914894
18900	0.50268974037
19000	0.502675102737
19100	0.502303731257
19200	0.502258176094
19300	0.502393968808
19400	0.502372845464
19500	0.502338616103
19600	0.502362421122
19700	0.502234967107
19800	0.502321349293
19900	0.502211501508
20000	0.5022983441
20100	0.502314531095
20200	0.502347170743
20300	0.502316086108
20400	0.502042215196
20500	0.502026989756
20600	0.502085674223
20700	0.501935249614
20800	0.501964249279
20900	0.501694086077
21000	0.501821450048
21100	0.501681102464
21200	0.501800879009
21300	0.501776319765
21400	0.50177168757
21500	0.501892726512
21600	0.502122047361
21700	0.502126014562
21800	0.502123141468
21900	0.50221965105
22000	0.502171615136
22100	0.501973190724
22200	0.501981168874
22300	0.501886440987
22400	0.501892313214
22500	0.502106422756
22600	0.502283147389
22700	0.502306659383
22800	0.502196558333
22900	0.502133016245
23000	0.502037920609
23100	0.501998231688
23200	0.50187361194
23300	0.501831213562
23400	0.501769010641
23500	0.501665149277
23600	0.501986521737
23700	0.502037409325
23800	0.501945617899
23900	0.501815348787
24000	0.501822494542
24100	0.501803537967
24200	0.501794367479
24300	0.501724539342
24400	0.501805231598
24500	0.501653286694
24600	0.50142886248
24700	0.501502389555
24800	0.501706700202
24900	0.501669106667
25000	0.50149880696
25100	0.501483605936
25200	0.501468818532
25300	0.501406198735
25400	0.501280491772
25500	0.501118494353
25600	0.501208083203
25700	0.501115530973
25800	0.501192217984
25900	0.501293787413
26000	0.501334394346
26100	0.501326350881
26200	0.501438524771
26300	0.501480279392
26400	0.501638533144
26500	0.501735886189
26600	0.501788156917
26700	0.501847046704
26800	0.501592866604
26900	0.501679351636
27000	0.501958781815
27100	0.501840164908
27200	0.5018125175
27300	0.501738464542
27400	0.501703248358
27500	0.501533046909
27600	0.501550712681
27700	0.501521222094
27800	0.501544236151
27900	0.50157378405
28000	0.501785405429
28100	0.501914254093
28200	0.502051239504
28300	0.501948549435
28400	0.5020898725
28500	0.50215570607
28600	0.50218788049
28700	0.502158722091
28800	0.502289581111
28900	0.502321687924
29000	0.50248275769
29100	0.502614092234
29200	0.502586836849
29300	0.502389340648
29400	0.502568169728
29500	0.502485694949
29600	0.502454460946
29700	0.50250555064
29800	0.502358222617
29900	0.502183367425
30000	0.5021566529
30100	0.502066317708
30200	0.502236646788
30300	0.502249485116
30400	0.50224909852
30500	0.502333922
30600	0.502324870425
30700	0.502246381629
30800	0.502236637922
30900	0.502178593592
31000	0.502072852677
31100	0.501987138296
31200	0.502089700288
31300	0.502162788403
31400	0.501967550414
31500	0.502006250095
31600	0.501974071013
31700	0.501945074479
31800	0.501922550472
31900	0.501953039687
32000	0.50200900175
32100	0.502019526729
32200	0.501990732019
32300	0.502279578916
32400	0.502067171173
32500	0.502012990646
32600	0.50198282362
32700	0.501965015352
32800	0.502108749482
32900	0.502008403891
33000	0.501963974848
33100	0.502011447613
33200	0.50204506241
33300	0.502080023604
33400	0.502198947635
33500	0.502189134
33600	0.502047019315
33700	0.502001365579
33800	0.501842459911
33900	0.501693051357
34000	0.501665606471
34100	0.50170839956
34200	0.501853428187
34300	0.501900157493
34400	0.502024310378
34500	0.501880412058
34600	0.501934929653
34700	0.502058726945
34800	0.502036447241
34900	0.502006901834
35000	0.502105001
35100	0.502017968034
35200	0.502046827159
35300	0.502097059575
35400	0.502241035876
35500	0.502250940085
35600	0.502393749466
35700	0.502372851092
35800	0.502393268128
35900	0.502299881393
36000	0.502392815306
36100	0.502388475429
36200	0.502492405691
36300	0.50242860584
36400	0.502338952253
36500	0.502359883068
36600	0.502546110055
36700	0.502449896267
36800	0.502340024728
36900	0.502448837507
37000	0.502442007054
37100	0.502323406065
37200	0.502225261935
37300	0.502402886032
37400	0.502332294011
37500	0.50246870888
37600	0.502534676995
37700	0.502429976658
37800	0.502403741058
37900	0.502367120132
38000	0.502252701447
38100	0.502375705144
38200	0.502339251099
38300	0.502335878564
38400	0.502401906797
38500	0.502455880909
38600	0.50242366101
38700	0.502400057933
38800	0.502409437655
38900	0.50252014856
39000	0.502607373308
39100	0.502534015038
39200	0.502622142908
39300	0.502670681578
39400	0.502592017208
39500	0.502570336962
39600	0.502554875606
39700	0.502610878312
39800	0.502511306734
39900	0.502546227945
40000	0.50246442175
40100	0.50248397606
40200	0.502442091567
40300	0.502356210422
40400	0.502403377822
40500	0.502415859728
40600	0.502520270961
40700	0.502505311327
40800	0.502577801373
40900	0.50258687066
41000	0.50255852778
41100	0.502532872117
41200	0.502614896214
41300	0.50263519431
41400	0.502680439903
41500	0.502683525904
41600	0.50261503738
41700	0.502570228106
41800	0.502524347392
41900	0.502420901074
42000	0.50231371531
42100	0.502310296793
42200	0.502325595948
42300	0.502301709551
42400	0.502185817005
42500	0.502072041553
42600	0.502002563169
42700	0.50200881541
42800	0.501975551986
42900	0.501993414848
43000	0.50206909386
43100	0.502071750023
43200	0.502036199329
43300	0.502048041039
43400	0.502078823318
43500	0.501996094069
43600	0.501936777317
43700	0.501902194439
43800	0.50197717137
43900	0.502000581367
44000	0.501866657136
44100	0.501821418912
44200	0.501713966267
44300	0.501709654853
44400	0.501664410023
44500	0.50164622436
44600	0.501685995516
44700	0.501771124899
44800	0.501793511004
44900	0.501836256949
45000	0.501888549111
45100	0.501912325144
45200	0.501868663429
45300	0.501828960243
45400	0.501877552907
45500	0.50184802411
45600	0.501800956447
45700	0.501721517221
45800	0.501717690328
45900	0.501731049259
46000	0.501636260326
46100	0.501653852755
46200	0.50159352329
46300	0.50149954257
46400	0.501518930345
46500	0.501536259914
46600	0.501539324292
46700	0.501492388373
46800	0.501497537521
46900	0.501453210874
47000	0.501384156681
47100	0.501251825138
47200	0.501128856356
47300	0.501169330803
47400	0.50113591808
47500	0.501066959137
47600	0.501153110231
47700	0.501159776101
47800	0.501152635126
47900	0.50114664405
48000	0.501041803417
48100	0.501042604802
48200	0.501040440539
48300	0.500981734141
48400	0.500944709979
48500	0.500902136536
48600	0.50092370823
48700	0.500872554764
48800	0.500888492623
48900	0.500948851084
49000	0.500802547898
49100	0.500909480896
49200	0.501014372642
49300	0.500955655416
49400	0.50102362998
49500	0.500965126747
49600	0.500896387238
49700	0.500909747002
49800	0.500868533996
49900	0.50093984022
50000	0.50091960606
50100	0.500879256826
50200	0.500930552171
50300	0.500839295944
50400	0.500955265694
50500	0.500907356693
50600	0.50088601087
50700	0.500875615128
50800	0.500950005472
50900	0.500890569528
51000	0.500778960157
51100	0.500627539804
51200	0.500679558887
51300	0.500537928499
51400	0.500553531907
51500	0.500504982971
51600	0.500486068062
51700	0.500494205164
51800	0.500375651834
51900	0.500433236782
52000	0.500555788385
52100	0.500616284357
52200	0.500614512471
52300	0.500704682486
52400	0.500646515286
52500	0.500718561524
52600	0.500767394829
52700	0.500738064592
52800	0.500719147784
52900	0.500601209981
53000	0.500646220321
53100	0.500645455254
53200	0.500735733816
53300	0.500830291069
53400	0.500890263914
53500	0.50091534071
53600	0.500968347836
53700	0.500916425959
53800	0.500974816933
53900	0.501045207106
54000	0.501005949556
54100	0.500945425342
54200	0.50082607214
54300	0.500912933904
54400	0.500864819687
54500	0.50087629145
54600	0.500802871062
54700	0.500771199452
54800	0.500760809489
54900	0.500706011639
55000	0.500680681309
55100	0.500689345971
55200	0.50080034846
55300	0.500711012206
55400	0.500635530361
55500	0.500672955982
55600	0.50070897464
55700	0.500728823716
55800	0.500765875197
55900	0.500743880894
56000	0.500733875607
56100	0.500759278503
56200	0.500724488132
56300	0.500777603766
56400	0.500752552979
56500	0.500686998549
56600	0.500678077032
56700	0.500702053951
56800	0.500625593011
56900	0.500621716977
57000	0.500576817123
57100	0.500557076883
57200	0.500456838619
57300	0.500390634974
57400	0.500440012265
57500	0.500529435513
57600	0.500479894566
57700	0.50042263234
57800	0.500482743599
57900	0.500451609983
58000	0.50045946931
58100	0.500481057814
58200	0.500448385034
58300	0.500431585283
58400	0.500486156695
58500	0.500502648615
58600	0.500425261007
58700	0.500335375605
58800	0.500279865272
58900	0.500344115739
59000	0.500303975153
59100	0.500290515685
59200	0.500287598564
59300	0.500267174013
59400	0.500251511599
59500	0.500314422034
59600	0.50036918943
59700	0.500503167772
59800	0.500629266271
59900	0.500668381853
60000	0.500730649667
60100	0.500801593278
60200	0.500716085415
60300	0.500606348557
60400	0.500548877152
60500	0.500551282909
60600	0.50056340368
60700	0.500616088105
60800	0.500596081694
60900	0.500536672693
61000	0.500652422623
61100	0.500701163077
61200	0.500794288235
61300	0.50071457367
61400	0.500754224007
61500	0.500799882163
61600	0.50084781612
61700	0.500780012853
61800	0.500788751149
61900	0.500756302682
62000	0.500658786274
62100	0.500636026425
62200	0.500561086254
62300	0.500497095201
62400	0.500455874679
62500	0.500412580272
62600	0.50031441254
62700	0.50030400882
62800	0.500378596226
62900	0.500389299237
63000	0.500354813397
63100	0.500387258479
63200	0.500459755063
63300	0.500484333476
63400	0.500455383517
63500	0.500421993118
63600	0.500339062704
63700	0.500310744003
63800	0.500297311176
63900	0.500282137371
64000	0.500329065625
64100	0.50030184819
64200	0.500373818801
64300	0.500402217807
64400	0.500472411025
64500	0.50043207214
64600	0.500315979923
64700	0.500313182411
64800	0.500346877485
64900	0.500292418259
65000	0.500293151492
65100	0.500298052596
65200	0.500340800353
65300	0.500374616769
65400	0.500375844144
65500	0.500364340198
65600	0.500465131662
65700	0.500468702405
65800	0.500512504119
65900	0.500499526176
66000	0.500534106303
66100	0.500580078926
66200	0.500612281571
66300	0.500629213318
66400	0.500598478057
66500	0.500605248075
66600	0.500625519234
66700	0.500574966777
66800	0.500568242635
66900	0.500573310194
67000	0.500572377
67100	0.50055673763
67200	0.500551575878
67300	0.500466013522
67400	0.500479328427
67500	0.500455463244
67600	0.500475899112
67700	0.500414776942
67800	0.500334540914
67900	0.500346963004
68000	0.500325421941
68100	0.50031288163
68200	0.500316299751
68300	0.500345243104
68400	0.500364396652
68500	0.500298125927
68600	0.500250265452
68700	0.500193301907
68800	0.500151070058
68900	0.500039911843
69000	0.499951713232
69100	0.499859636758
69200	0.499888371344
69300	0.49995404342
69400	0.499969297522
69500	0.499948565094
69600	0.500000776092
69700	0.500024896973
69800	0.500008158782
69900	0.500047617768
70000	0.500053310171
70100	0.500037840214
70200	0.500038306168
70300	0.500041306529
70400	0.500053237642
70500	0.499998228199
70600	0.499989281572
70700	0.49997416918
70800	0.499966363743
70900	0.499928715106
71000	0.499855688042
71100	0.499900526343
71200	0.499873910309
71300	0.499934574867
71400	0.499969227409
71500	0.499940315217
71600	0.499911780293
71700	0.499920504156
71800	0.499953954206
71900	0.499889417191
72000	0.499873930639
72100	0.499943859154
72200	0.499969167091
72300	0.49992490574
72400	0.499925107652
72500	0.499886234662
72600	0.499880052961
72700	0.499861099601
72800	0.499878385797
72900	0.499868952181
73000	0.499841832726
73100	0.499843390205
73200	0.499855367049
73300	0.499922580982
73400	0.499959521158
73500	0.49997456385
73600	0.50005572447
73700	0.500019280136
73800	0.500000864363
73900	0.500034857429
74000	0.499981128811
74100	0.499937472686
74200	0.499921309461
74300	0.499931852759
74400	0.49996755953
74500	0.499973952537
74600	0.49995643189
74700	0.499910964458
74800	0.499867717032
74900	0.49986708287
75000	0.499892171067
75100	0.499926873422
75200	0.499967247407
75300	0.499956396786
75400	0.500015277573
75500	0.500013923391
75600	0.499981159246
75700	0.499991490277
75800	0.499945700923
75900	0.49997845751
76000	0.499969750382
76100	0.499988561485
76200	0.499993302218
76300	0.499936772726
76400	0.499953107291
76500	0.499960841843
76600	0.499917764086
76700	0.499936399778
76800	0.499932829453
76900	0.499949878804
77000	0.499993666169
77100	0.500012332918
77200	0.500033586671
77300	0.499989513221
77400	0.499967079109
77500	0.499987178813
77600	0.500066296495
77700	0.500039485019
77800	0.500047792982
77900	0.500046662246
78000	0.500036692962
78100	0.500079362612
78200	0.500026561496
78300	0.50002896613
78400	0.499996849554
78500	0.499961329032
78600	0.499922628244
78700	0.499845010432
78800	0.499866903642
78900	0.499870637224
79000	0.499861362152
79100	0.499886866928
79200	0.49987862846
79300	0.499867872938
79400	0.499919898149
79500	0.499906126755
79600	0.499982621231
79700	0.50005051325
79800	0.500002647544
79900	0.5000288599
80000	0.499981620313
80100	0.499983219164
80200	0.500004999152
80300	0.499950908294
80400	0.499967620174
80500	0.499928998733
80600	0.499929776638
80700	0.499949777931
80800	0.499979808762
80900	0.499981581817
81000	0.500000289321
81100	0.500041903107
81200	0.500031391379
81300	0.500037650209
81400	0.499978289398
81500	0.499979901104
81600	0.499995185282
81700	0.499969743721
81800	0.499949467579
81900	0.499978443077
82000	0.50001195478
82100	0.500030073508
82200	0.500087523808
82300	0.500103501567
82400	0.500114463532
82500	0.500160662558
82600	0.500129213923
82700	0.500084355284
82800	0.500060465507
82900	0.500057478806
83000	0.500033344096
83100	0.500060780229
83200	0.500046516827
83300	0.5000288794
83400	0.499979390504
83500	0.499991214263
83600	0.499977341268
83700	0.499956814158
83800	0.499956200442
83900	0.500006445232
84000	0.500002973964
84100	0.500045493864
84200	0.500019547162
84300	0.499994116335
84400	0.500009428353
84500	0.500046261633
84600	0.500125191584
84700	0.500186589599
84800	0.500181415814
84900	0.50016446086
85000	0.500198901129
85100	0.500208228707
85200	0.500187928498
85300	0.500165314302
85400	0.500163238852
85500	0.500195113415
85600	0.500222200596
85700	0.500187023769
85800	0.500221503392
85900	0.500254645483
86000	0.500211278442
86100	0.500247957247
86200	0.50029264174
86300	0.500226316292
86400	0.500192717593
86500	0.500162367353
86600	0.500130036374
86700	0.500108242018
86800	0.50015252
86900	0.500176330621
87000	0.500203560471
87100	0.500231019311
87200	0.500253629197
87300	0.500262602016
87400	0.500247244886
87500	0.500188417303
87600	0.500145132146
87700	0.50017798382
87800	0.500186150467
87900	0.500221089113
88000	0.500207305886
88100	0.500251926913
88200	0.500261712177
88300	0.500262698154
88400	0.500236898563
88500	0.500197375153
88600	0.50019262377
88700	0.500235400045
88800	0.500261447016
88900	0.500216251327
89000	0.500146647191
89100	0.50014131413
89200	0.500179913318
89300	0.500155203617
89400	0.500107007651
89500	0.500160255777
89600	0.500139841406
89700	0.500110450468
89800	0.50013984157
89900	0.500148802781
90000	0.500190957589
90100	0.500148750111
90200	0.500124429368
90300	0.500151314385
90400	0.50014869823
90500	0.500162637271
90600	0.500166078411
90700	0.500179321003
90800	0.500152121696
90900	0.50014048912
91000	0.500164920747
91100	0.500119477398
91200	0.500131868158
91300	0.500110316462
91400	0.500132364737
91500	0.500167115749
91600	0.500174541365
91700	0.500145769738
91800	0.500177656656
91900	0.500186875234
92000	0.500204731239
92100	0.500206494104
92200	0.500234190271
92300	0.500225972124
92400	0.500193769686
92500	0.500228751643
92600	0.500284822333
92700	0.50028206315
92800	0.500251067112
92900	0.500288786975
93000	0.500328368172
93100	0.500380235908
93200	0.500379070633
93300	0.500350890525
93400	0.500325313961
93500	0.500328227807
93600	0.500345168301
93700	0.500378262988
93800	0.500345250256
93900	0.50031712803
94000	0.500317756745
94100	0.500339885696
94200	0.500325327293
94300	0.500381299533
94400	0.500395215487
94500	0.500386520011
94600	0.500354979197
94700	0.500361088501
94800	0.500410367025
94900	0.500459548103
95000	0.500471785063
95100	0.500490926562
95200	0.500489216019
95300	0.500475107807
95400	0.50046093521
95500	0.50045957044
95600	0.500435904278
95700	0.500424642163
95800	0.500417428779
95900	0.500373775328
96000	0.500322990625
96100	0.500316400052
96200	0.500247524459
96300	0.500224775182
96400	0.500204230664
96500	0.500230657627
96600	0.500230036366
96700	0.500249711655
96800	0.500240203936
96900	0.500214155955
97000	0.500210870835
97100	0.500211550072
97200	0.500252664249
97300	0.500258511367
97400	0.500181196858
97500	0.500152044882
97600	0.500147061988
97700	0.500091501924
97800	0.500058772025
97900	0.500062010041
98000	0.500004803571
98100	0.499967690031
98200	0.500009670906
98300	0.499991576307
98400	0.500025842205
98500	0.500031543431
98600	0.499986042201
98700	0.500052778399
98800	0.50001837003
98900	0.499990024631
99000	0.499968579939
99100	0.499992435146
99200	0.499975870504
99300	0.500005603696
99400	0.499969559678
99500	0.500008732693
99600	0.500004035793
99700	0.499967584463
99800	0.499982582174
99900	0.499932303974
100000	0.49990096979
100100	0.499908115325
100200	0.499858084571
100300	0.499847178096
100400	0.49987395746
100500	0.499889229453
100600	0.499923261223
100700	0.499952302185
100800	0.499933327788
100900	0.499873026987
101000	0.499826123574
101100	0.499754567102
101200	0.499753216818
101300	0.499725961086
101400	0.499745209921
101500	0.499773717222
101600	0.49974965563
101700	0.499736758899
101800	0.499722589185
101900	0.499742581551
102000	0.49974116001
102100	0.499748374633
102200	0.499750265714
102300	0.499730379032
102400	0.499753144102
102500	0.499761475483
102600	0.499811874474
102700	0.4998128389
102800	0.499730154669
102900	0.499716070369
103000	0.499730009194
103100	0.499771417284
103200	0.499752691647
103300	0.499772000571
103400	0.499779996103
103500	0.499789108899
103600	0.499821627181
103700	0.499819148014
103800	0.499796184133
103900	0.499762513051
104000	0.499770382413
104100	0.499799917493
104200	0.499759047898
104300	0.499776585168
104400	0.499771637222
104500	0.49972268844
104600	0.499705678078
104700	0.49974010639
104800	0.499743182386
104900	0.49975130142
105000	0.499724106705
105100	0.49972116058
105200	0.499751854382
105300	0.499753376942
105400	0.499813051708
105500	0.499807007431
105600	0.499759471563
105700	0.499740511306
105800	0.499714802108
105900	0.499707515987
106000	0.499675782613
106100	0.499667202799
106200	0.499604974237
106300	0.499590793659
106400	0.499579285414
106500	0.499580183258
106600	0.499551081144
106700	0.499518257526
106800	0.499539145412
106900	0.499506230159
107000	0.499519587785
107100	0.499514609244
107200	0.499465897854
107300	0.499494580112
107400	0.499509476248
107500	0.499539297637
107600	0.499565402398
107700	0.499581061727
107800	0.499577262217
107900	0.499547016942
108000	0.499536826454
108100	0.499501359112
108200	0.499471857218
108300	0.499463528883
108400	0.4994650606
108500	0.499464757419
108600	0.499474528941
108700	0.499502810552
108800	0.499485788869
108900	0.499502055106
109000	0.499500149798
109100	0.499504510816
109200	0.499514783718
109300	0.499570731272
109400	0.499578727157
109500	0.499547123233
109600	0.499536209799
109700	0.499567292844
109800	0.499595165392
109900	0.499533649454
110000	0.499500031509
110100	0.499473930045
110200	0.499477645136
110300	0.499479667253
110400	0.499435685924
110500	0.4994196421
110600	0.499422568038
110700	0.499430482159
110800	0.499385635686
110900	0.499397476222
111000	0.499392302658
111100	0.499399666742
111200	0.499413005369
111300	0.49945402416
111400	0.499444564919
111500	0.499450232798
111600	0.499418787652
111700	0.499391318236
111800	0.499360787567
111900	0.499383749008
112000	0.499383235884
112100	0.499361343854
112200	0.499391441417
112300	0.499398421229
112400	0.499354927286
112500	0.499319759796
112600	0.499319812966
112700	0.499323968243
112800	0.499321612465
112900	0.499324376546
113000	0.499309573142
113100	0.49932673038
113200	0.499345579161
113300	0.499284380229
113400	0.499281159674
113500	0.499232112009
113600	0.499220958917
113700	0.499177683588
113800	0.499216767469
113900	0.499206815654
114000	0.499210341798
114100	0.499218410868
114200	0.499237436454
114300	0.499205072161
114400	0.499166709126
114500	0.499172398908
114600	0.499159743857
114700	0.499201632241
114800	0.499204334895
114900	0.499212215814
115000	0.499208656635
115100	0.499260632554
115200	0.499260952153
115300	0.499253454519
115400	0.499263220399
115500	0.499241294104
115600	0.499253171843
115700	0.499215309706
115800	0.499208485639
115900	0.499235615255
116000	0.499237635422
116100	0.499291437606
116200	0.499312009793
116300	0.499271385589
116400	0.499272179192
116500	0.499285800043
116600	0.499271209485
116700	0.499318265321
116800	0.499290077449
116900	0.499271745808
117000	0.499259089632
117100	0.499281508352
117200	0.499274395469
117300	0.499290376726
117400	0.499302726073
117500	0.499323313157
117600	0.499326196752
117700	0.499349060612
117800	0.499353984236
117900	0.499418300509
118000	0.499419222847
118100	0.499445257392
118200	0.499448740651
118300	0.499466943153
118400	0.499499588767
118500	0.499471476852
118600	0.499430790818
118700	0.499464878265
118800	0.499451852197
118900	0.499504655761
119000	0.499475170336
119100	0.499452356264
119200	0.499470137122
119300	0.499430119371
119400	0.499462308216
119500	0.499478890686
119600	0.499478009331
119700	0.49948301807
119800	0.499485613339
119900	0.499501025446
120000	0.499540742433
120100	0.499532262015
120200	0.499559308195
120300	0.499592179476
120400	0.499605391653
120500	0.499609958025
120600	0.499613620307
120700	0.499646721947
120800	0.499698469437
120900	0.49967389928
121000	0.49966685495
121100	0.499669135524
121200	0.49966813212
121300	0.499628082885
121400	0.499629804794
121500	0.49962743358
121600	0.499618072648
121700	0.499638248102
121800	0.499669126125
121900	0.499649729393
122000	0.49962975532
122100	0.499647895422
122200	0.499631285229
122300	0.499634297105
122400	0.49963937241
122500	0.499619771078
122600	0.49959331739
122700	0.499635981385
122800	0.499662572524
122900	0.499677019919
123000	0.499680029537
123100	0.499693238708
123200	0.499688649375
123300	0.499712148054
123400	0.499767796945
123500	0.499785741053
123600	0.499787341222
123700	0.499775931593
123800	0.499753233247
123900	0.499724888152
124000	0.499695735823
124100	0.499679058582
124200	0.499701122826
124300	0.499711580298
124400	0.499681181166
124500	0.499699296096
124600	0.499690725281
124700	0.499674135533
124800	0.499654568478
124900	0.499682632122
125000	0.499651138448
125100	0.499652402846
125200	0.499638065783
125300	0.499638832889
125400	0.499656479777
125500	0.499616056494
125600	0.499579294618
125700	0.499587451989
125800	0.499548023744
125900	0.499512067244
126000	0.499490004738
126100	0.499484717621
126200	0.499503540967
126300	0.499502202732
126400	0.499536041851
126500	0.49952820698
126600	0.499525403239
126700	0.499487815991
126800	0.499470385087
126900	0.499493519803
127000	0.499495782157
127100	0.499487376444
127200	0.499482412406
127300	0.499450695444
127400	0.499477322135
127500	0.499512133522
127600	0.499515405306
127700	0.499511080196
127800	0.499502364077
127900	0.499534968999
128000	0.499513962547
128100	0.499519618244
128200	0.499491394922
128300	0.499475711419
128400	0.499476727002
128500	0.499517853953
128600	0.499517662753
128700	0.499548982774
128800	0.499555411273
128900	0.499578445539
129000	0.499602316481
129100	0.499613008536
129200	0.49962428298
129300	0.499627883882
129400	0.499655920873
129500	0.499616239606
129600	0.499631556782
129700	0.499596687355
129800	0.499611848675
129900	0.499609069369
130000	0.499597042869
130100	0.499624587471
130200	0.499607668833
130300	0.499642212433
130400	0.499645247899
130500	0.499619788276
130600	0.499594061845
130700	0.499623516649
130800	0.499616116659
130900	0.499633516952
131000	0.499629189557
131100	0.499613001129
131200	0.499597306364
131300	0.499596922955
131400	0.499631876887
131500	0.499607419582
131600	0.499633690912
131700	0.499588598785
131800	0.499595499499
131900	0.499582208453
132000	0.499568285538
132100	0.499557303338
132200	0.499543166778
132300	0.499516941156
132400	0.499517289811
132500	0.499479117706
132600	0.49945944678
132700	0.499489555682
132800	0.49944419073
132900	0.499470159345
133000	0.499459427812
133100	0.49943751837
133200	0.499411759287
133300	0.499373413316
133400	0.499334734963
133500	0.499351459288
133600	0.499348809918
133700	0.499332613044
133800	0.49932158849
133900	0.499328950874
134000	0.499300054851
134100	0.499292988688
134200	0.499299807481
134300	0.499288821229
134400	0.499270318772
134500	0.49926363568
134600	0.499286135498
134700	0.499287673073
134800	0.49930320132
134900	0.499280750022
135000	0.499252175896
135100	0.499233853842
135200	0.499235744978
135300	0.499246410968
135400	0.499252291174
135500	0.49924929293
135600	0.499265279248
135700	0.499276001319
135800	0.499265383682
135900	0.4992524239
136000	0.499252045868
136100	0.499250779339
136200	0.499205177335
136300	0.499185465246
136400	0.499206032581
136500	0.499203102308
136600	0.499218092394
136700	0.499210856145
136800	0.499212341287
136900	0.499213251359
137000	0.499229321416
137100	0.499225795594
137200	0.499210761115
137300	0.499225913358
137400	0.499217636492
137500	0.499268948495
137600	0.499253672994
137700	0.499226856667
137800	0.499224005849
137900	0.499266884025
138000	0.499213385261
138100	0.499230321289
138200	0.499287613719
138300	0.499282490607
138400	0.499284546322
138500	0.499316884758
138600	0.499288251962
138700	0.499269177837
138800	0.49928683384
138900	0.499288866602
139000	0.499294572662
139100	0.499299612825
139200	0.49929335329
139300	0.499287540625
139400	0.499303410746
139500	0.499285891634
139600	0.49929208308
139700	0.49929470219
139800	0.499292427418
139900	0.499313540021
140000	0.49931139475
140100	0.499314275603
140200	0.499336121819
140300	0.499301012915
140400	0.49931761693
140500	0.499324743281
140600	0.499307962276
140700	0.499298841457
140800	0.499332452102
140900	0.499344717736
141000	0.499331857525
141100	0.499294886818
141200	0.499296656657
141300	0.49927421351
141400	0.499268470877
141500	0.499268921604
141600	0.499296073588
141700	0.49927733144
141800	0.499261505543
141900	0.499252884116
142000	0.499290430577
142100	0.499273582484
142200	0.499251380935
142300	0.499242456655
142400	0.499220487261
142500	0.499209203172
142600	0.499195263675
142700	0.499183561472
142800	0.499144727283
142900	0.499140712995
143000	0.499144102573
143100	0.499180732572
143200	0.499209594309
143300	0.499204796246
143400	0.499191039393
143500	0.499194538209
143600	0.499166895188
143700	0.499163309408
143800	0.499162969124
143900	0.499155283245
144000	0.499143163618
144100	0.499148980291
144200	0.499157053239
144300	0.499173477782
144400	0.499165622001
144500	0.499162424104
144600	0.499147123817
144700	0.499141544796
144800	0.499138769012
144900	0.499132068337
145000	0.499111216186
145100	0.499100497312
145200	0.499091585324
145300	0.499117152911
145400	0.499137498624
145500	0.49915036046
145600	0.499137259636
145700	0.499134489204
145800	0.499154273868
145900	0.499136827841
146000	0.499142127664
146100	0.4991530405
146200	0.49916948933
146300	0.49917822985
146400	0.499175010471
146500	0.499194155884
146600	0.499187250969
146700	0.499190079237
146800	0.499184067575
146900	0.499194018101
147000	0.499165408728
147100	0.499191964555
147200	0.499167409341
147300	0.499174332206
147400	0.499158883338
147500	0.499145928393
147600	0.499156800556
147700	0.499160451307
147800	0.499146600839
147900	0.499159823854
148000	0.499130666912
148100	0.49915087235
148200	0.499128053704
148300	0.49913756584
148400	0.499105550142
148500	0.499103760788
148600	0.499086958735
148700	0.499087081069
148800	0.499104583622
148900	0.499116645601
149000	0.499109847275
149100	0.499111478565
149200	0.49906651504
149300	0.499049954427
149400	0.499063698902
149500	0.499058137124
149600	0.499070486832
149700	0.499042737709
149800	0.499041797377
149900	0.499055521107
150000	0.49903493318
150100	0.499008873245
150200	0.499003978609
150300	0.499009997006
150400	0.499027745073
150500	0.499069332326
150600	0.499063733353
150700	0.499081182827
150800	0.499059368627
150900	0.499042326269
151000	0.499022890364
151100	0.499011392515
151200	0.498992039808
151300	0.498986518222
151400	0.498969955515
151500	0.498967420086
151600	0.498977472098
151700	0.499013455643
151800	0.499061595619
151900	0.49906897474
152000	0.499072951592
152100	0.499076187272
152200	0.499062751682
152300	0.499060672922
152400	0.499032716109
152500	0.499011417816
152600	0.498998299233
152700	0.499001849352
152800	0.498980941342
152900	0.49895448499
153000	0.498960718111
153100	0.498943207845
153200	0.49892515451
153300	0.498898320241
153400	0.498914950952
153500	0.498931839609
153600	0.498954779115
153700	0.498956698406
153800	0.498925518843
153900	0.498924724425
154000	0.498953523136
154100	0.498926609864
154200	0.498900887853
154300	0.498879203791
154400	0.498868898109
154500	0.498872832466
154600	0.498890459793
154700	0.498913493956
154800	0.498908709742
154900	0.498921591285
155000	0.498916778039
155100	0.498948792946
155200	0.498939177893
155300	0.498924272061
155400	0.498898341435
155500	0.498910846875
155600	0.498904934557
155700	0.498888302678
155800	0.498938095642
155900	0.498953312187
156000	0.498962418167
156100	0.498954804407
156200	0.498920056485
156300	0.498921069898
156400	0.498916592826
156500	0.498913688447
156600	0.498897450243
156700	0.49891506037
156800	0.498950160153
156900	0.498950861033
157000	0.498941381962
157100	0.498931735041
157200	0.498928015744
157300	0.49892481459
157400	0.498963011677
157500	0.498962347283
157600	0.498947845615
157700	0.498964359734
157800	0.498943238378
157900	0.498954909804
158000	0.498988557405
158100	0.498980920746
158200	0.498974761726
158300	0.498978562053
158400	0.498960961749
158500	0.498980879792
158600	0.498994194685
158700	0.498977281934
158800	0.498976678256
158900	0.498955174512
159000	0.498929827145
159100	0.498940939692
159200	0.498948998813
159300	0.498931012354
159400	0.498924693112
159500	0.498904530389
159600	0.498906559605
159700	0.498916240776
159800	0.498910046996
159900	0.498903766573
160000	0.4989084122
160100	0.498892274972
160200	0.498898455281
160300	0.498881067211
160400	0.498888578416
160500	0.498887894218
160600	0.498882497154
160700	0.498872072022
160800	0.498889685093
160900	0.498854523219
161000	0.498856890783
161100	0.49886346455
161200	0.498879776346
161300	0.498873165499
161400	0.498865464554
161500	0.498862555003
161600	0.498880205105
161700	0.498878056611
161800	0.498885779363
161900	0.49891386714
162000	0.498912519796
162100	0.498889490278
162200	0.498882558076
162300	0.498882013685
162400	0.498876354138
162500	0.498875496142
162600	0.498868971839
162700	0.498884053313
162800	0.498860546536
162900	0.498862202634
163000	0.498882826393
163100	0.498900572728
163200	0.498884988327
163300	0.498879783503
163400	0.498886269486
163500	0.49887220126
163600	0.498883011247
163700	0.498855140336
163800	0.498878807784
163900	0.49885072889
164000	0.49882990539
164100	0.498803401048
164200	0.498813289227
164300	0.498801767864
164400	0.498825739191
164500	0.498839245605
164600	0.498888372181
164700	0.498896921044
164800	0.498873825928
164900	0.498888176483
165000	0.498867055133
165100	0.498883735118
165200	0.498906089976
165300	0.498924696062
165400	0.498928246421
165500	0.49893532774
165600	0.498930983822
165700	0.498946989626
165800	0.498941833052
165900	0.498948487541
166000	0.498949883217
166100	0.49899115006
166200	0.498978429055
166300	0.498994326981
166400	0.498976030643
166500	0.498967340739
166600	0.498966331405
166700	0.498980233383
166800	0.498995920695
166900	0.498957012726
167000	0.498958033976
167100	0.49897742322
167200	0.498971550496
167300	0.498994846701
167400	0.499006947987
167500	0.498984022018
167600	0.498988132381
167700	0.498992018992
167800	0.49898118525
167900	0.498998377248
168000	0.499035985976
168100	0.499031696401
168200	0.499046120791
168300	0.499030419465
168400	0.499013558135
168500	0.498993417312
168600	0.499004188689
168700	0.499000910053
168800	0.49901286798
168900	0.499025462114
169000	0.499042716716
169100	0.499018253176
169200	0.499003159309
169300	0.499010998258
169400	0.498993955012
169500	0.498995024289
169600	0.499009212117
169700	0.499036318975
169800	0.499021837503
169900	0.499019338976
170000	0.4990628357
170100	0.499039406208
170200	0.499070948702
170300	0.499070813459
170400	0.499068318926
170500	0.499071417666
170600	0.499068462567
170700	0.499067134107
170800	0.499079183167
170900	0.499061599596
171000	0.499032227263
171100	0.499018846809
171200	0.499035903563
171300	0.49902271502
171400	0.49902491731
171500	0.499002469697
171600	0.498989259056
171700	0.498990540291
171800	0.498985654226
171900	0.498965353304
172000	0.498929686017
172100	0.498956011162
172200	0.49894617676
172300	0.498932329936
172400	0.498940065603
172500	0.498937025896
172600	0.49890281876
172700	0.498889626925
172800	0.498917829068
172900	0.498935614517
173000	0.498935013035
173100	0.498940446164
173200	0.498938967263
173300	0.498929793751
173400	0.498924268956
173500	0.498949524715
173600	0.498954314718
173700	0.498975476172
173800	0.498978324845
173900	0.498973293755
174000	0.498977984701
174100	0.499003377634
174200	0.498977472836
174300	0.498977874343
174400	0.498966802173
174500	0.498958727897
174600	0.498944740286
174700	0.498992335369
174800	0.499019821459
174900	0.499015601109
175000	0.499036307337
175100	0.499039779069
175200	0.499048733904
175300	0.499054500011
175400	0.499046334669
175500	0.49903944837
175600	0.498994707603
175700	0.498967883267
175800	0.498963039494
175900	0.498964944753
176000	0.498952111523
176100	0.498979813367
176200	0.498967441998
176300	0.498962790664
176400	0.498953022426
176500	0.498958205955
176600	0.498985161931
176700	0.498969437176
176800	0.498975954372
176900	0.499010483177
177000	0.499016585797
177100	0.499031258955
177200	0.499045333251
177300	0.499036185471
177400	0.499051374194
177500	0.499035700265
177600	0.499025260985
177700	0.499050849387
177800	0.499059100647
177900	0.499056994384
178000	0.499069227848
178100	0.499090729747
178200	0.499090407099
178300	0.499120528155
178400	0.49913853532
178500	0.499117355333
178600	0.499088681624
178700	0.499106219396
178800	0.499116014027
178900	0.499128067719
179000	0.49911689143
179100	0.499104932613
179200	0.499118984425
179300	0.499116666453
179400	0.499116302258
179500	0.49909541917
179600	0.499059092751
179700	0.499055405075
179800	0.499054530195
179900	0.499060354992
180000	0.499062394583
180100	0.499043554125
180200	0.499045824834
180300	0.499042222219
180400	0.499036078526
180500	0.499029770432
180600	0.49903708655
180700	0.49903410933
180800	0.4990213574
180900	0.499013524069
181000	0.499040872685
181100	0.498985193959
181200	0.498989244139
181300	0.498992128781
181400	0.498989144664
181500	0.498979367609
181600	0.498991302561
181700	0.499008762796
181800	0.498998881007
181900	0.498987718268
182000	0.498983868973
182100	0.499001591856
182200	0.499028728079
182300	0.499043555376
182400	0.499038816716
182500	0.499051280214
182600	0.499032846928
182700	0.499035766793
182800	0.49905869639
182900	0.499031198808
183000	0.499055282284
183100	0.499076534642
183200	0.499089956774
183300	0.499096661162
183400	0.499084620245
183500	0.499073233504
183600	0.499080009178
183700	0.499082865155
183800	0.499063298063
183900	0.499040348331
184000	0.49901397644
184100	0.49901705572
184200	0.499040945537
184300	0.499038082046
184400	0.499041371936
184500	0.499048931442
184600	0.499045147405
184700	0.499037699312
184800	0.499026495227
184900	0.499056916869
185000	0.499045262016
185100	0.499041696375
185200	0.499036993969
185300	0.499038203368
185400	0.499025115167
185500	0.499029943213
185600	0.499036417258
185700	0.499021178858
185800	0.499037196302
185900	0.49901612645
186000	0.499036004441
186100	0.499048681274
186200	0.499045611208
186300	0.499054783484
186400	0.499054393401
186500	0.49907130771
186600	0.499076784845
186700	0.499054166974
186800	0.499063334593
186900	0.49908654634
187000	0.499097647866
187100	0.499111903923
187200	0.499114627863
187300	0.49910960819
187400	0.499092797327
187500	0.499081720427
187600	0.499101456034
187700	0.499109222206
187800	0.499120635224
187900	0.499106426738
188000	0.499106450293
188100	0.499076530441
188200	0.499040612019
188300	0.499016721121
188400	0.499018229968
188500	0.49900845208
188600	0.499029081914
188700	0.499021673392
188800	0.499028210032
188900	0.499048998989
189000	0.499047575397
189100	0.49906166505
189200	0.499059134027
189300	0.499062844665
189400	0.49902861811
189500	0.49905351019
189600	0.499040053676
189700	0.499029798255
189800	0.499019787629
189900	0.499003698178
190000	0.4990079796
190100	0.498998214918
190200	0.498990630925
190300	0.498990080841
190400	0.498954832264
190500	0.498987385207
190600	0.498973727461
190700	0.498971158998
190800	0.498973629004
190900	0.498964863573
191000	0.498961929346
191100	0.498962347357
191200	0.498948537322
191300	0.498950141589
191400	0.498932007252
191500	0.498942532768
191600	0.498940595772
191700	0.498933397084
191800	0.498940741476
191900	0.498954245284
192000	0.498936422766
192100	0.498920512025
192200	0.498927038377
192300	0.498931549454
192400	0.498948186492
192500	0.498929845392
192600	0.498930193292
192700	0.49894063275
192800	0.498943976546
192900	0.498949076838
193000	0.498925975876
193100	0.498926138669
193200	0.498927080595
193300	0.498921569855
193400	0.498904949545
193500	0.498900171302
193600	0.498885942293
193700	0.498885121683
193800	0.498881144484
193900	0.498869649758
194000	0.498901553732
194100	0.498901866425
194200	0.498896055546
194300	0.498892731843
194400	0.498882238503
194500	0.498868439285
194600	0.498868797364
194700	0.498899505819
194800	0.498932776099
194900	0.498948089569
195000	0.498924749149
195100	0.498911662768
195200	0.498896828494
195300	0.498886120614
195400	0.498869748183
195500	0.498892384537
195600	0.498899398707
195700	0.498918543209
195800	0.498927162263
195900	0.498955958433
196000	0.498968359133
196100	0.498978882937
196200	0.49900541896
196300	0.499009542618
196400	0.499031791782
196500	0.499029689247
196600	0.499014798896
196700	0.499022198195
196800	0.499022346707
196900	0.49900708837
197000	0.498988552365
197100	0.498983036352
197200	0.499008891668
197300	0.499006515509
197400	0.49897876192
197500	0.499008002856
197600	0.499012630931
197700	0.499002376763
197800	0.498967859494
197900	0.498963262921
198000	0.498953493535
198100	0.498927022055
198200	0.498939663754
198300	0.49893514765
198400	0.498949752127
198500	0.498958971652
198600	0.498960693595
198700	0.498955650669
198800	0.498974201338
198900	0.498988856652
199000	0.498997354879
199100	0.499013924711
199200	0.499026666777
199300	0.499012640828
199400	0.498997905391
199500	0.498998617303
199600	0.498974937295
199700	0.498948560826
199800	0.498941641011
199900	0.498958615863
200000	0.49895478702
200100	0.498950448626
200200	0.49894147478
200300	0.498929968842
200400	0.498924870948
200500	0.498945689416
200600	0.498963718091
200700	0.498947455356
200800	0.498953436449
200900	0.498936269358
201000	0.498938701955
201100	0.498955620139
201200	0.498939321168
201300	0.498946329399
201400	0.498968847676
201500	0.498954163955
201600	0.498977649013
201700	0.498972587928
201800	0.498970798746
201900	0.498964527543
202000	0.498960541906
202100	0.498961196086
202200	0.498967843437
202300	0.498951450984
202400	0.498955214447
202500	0.498925487279
202600	0.498955074975
202700	0.498942487696
202800	0.49894342215
202900	0.498964549492
203000	0.498972042463
203100	0.498958038493
203200	0.49897552659
203300	0.498960450275
203400	0.498966598682
203500	0.498950547749
203600	0.49896819638
203700	0.49899358406
203800	0.499006504603
203900	0.499005388612
204000	0.49899317023
204100	0.498984238966
204200	0.498948539971
204300	0.498969437558
204400	0.498964352412
204500	0.498980592763
204600	0.498968742419
204700	0.49896388468
204800	0.499001276045
204900	0.498998447643
205000	0.499003115215
205100	0.499027370887
205200	0.49903069347
205300	0.499029794754
205400	0.499023276855
205500	0.499029811815
205600	0.499039669869
205700	0.499039661949
205800	0.499067247935
205900	0.499051789806
206000	0.499093785655
206100	0.499094228544
206200	0.499093289243
206300	0.499079205734
206400	0.499063319656
206500	0.499093456915
206600	0.499102614579
206700	0.499085424006
206800	0.499082334347
206900	0.499093901513
207000	0.499101557768
207100	0.499104543679
207200	0.49914062735
207300	0.499157847858
207400	0.499142103631
207500	0.499128002622
207600	0.499152039369
207700	0.499139145715
207800	0.499142481381
207900	0.49912578748
208000	0.499131678769
208100	0.499133982739
208200	0.499149574774
208300	0.499151325963
208400	0.499129633249
208500	0.499128790791
208600	0.49912834023
208700	0.499129197154
208800	0.499132693515
208900	0.499120506166
209000	0.499132518541
209100	0.499108673711
209200	0.499112087634
209300	0.499122759785
209400	0.499100785287
209500	0.499101869112
209600	0.499113965324
209700	0.499124392871
209800	0.499108418556
209900	0.499121579409
210000	0.499107084124
210100	0.499103360243
210200	0.49910578491
210300	0.499109135269
210400	0.499117402581
210500	0.499117492542
210600	0.499126048329
210700	0.499121619777
210800	0.499097976627
210900	0.499092146771
211000	0.49908962955
211100	0.499085883974
211200	0.499113384384
211300	0.499118278736
211400	0.49911564921
211500	0.499137632591
211600	0.499140202349
211700	0.499117628408
211800	0.499114879353
211900	0.499113341048
212000	0.499100280816
212100	0.499107691273
212200	0.4991028886
212300	0.499095302445
212400	0.499105309468
212500	0.499088084696
212600	0.49909035223
212700	0.499111434589
212800	0.499143773825
212900	0.499128568403
213000	0.499099337183
213100	0.499098522994
213200	0.49909348811
213300	0.499092118547
213400	0.499108095909
213500	0.499092932019
213600	0.499096121316
213700	0.49908951343
213800	0.499084526604
213900	0.499066521571
214000	0.499077851341
214100	0.499069570724
214200	0.499070298161
214300	0.499075517979
214400	0.49905941695
214500	0.499054344186
214600	0.49907712569
214700	0.499085987145
214800	0.499086790335
214900	0.499080224207
215000	0.499095466553
215100	0.49911454901
215200	0.499101173694
215300	0.499123888254
215400	0.499129267799
215500	0.499125493513
215600	0.499151052801
215700	0.499153193978
215800	0.499153951487
215900	0.499139769365
216000	0.49913378337
216100	0.499130719269
216200	0.499130468871
216300	0.499131830818
216400	0.499125191405
216500	0.499134634568
216600	0.499143999063
216700	0.499145977725
216800	0.499162298335
216900	0.499162629189
217000	0.499153112751
217100	0.499177327278
217200	0.499173404355
217300	0.499161158445
217400	0.49914954517
217500	0.499139212248
217600	0.499125609825
217700	0.499134364419
217800	0.499142792424
217900	0.499151313983
218000	0.499135909124
218100	0.499117720825
218200	0.499109566994
218300	0.499105826115
218400	0.499113504538
218500	0.499103580151
218600	0.499120316455
218700	0.499113438368
218800	0.499125537729
218900	0.499109190274
219000	0.499102396087
219100	0.499089076659
219200	0.49908581771
219300	0.499086346352
219400	0.499068812133
219500	0.499056442023
219600	0.499048876248
219700	0.499070827246
219800	0.499067124882
219900	0.499052934156
220000	0.49905239825
220100	0.499067631677
220200	0.499073414146
220300	0.499062154716
220400	0.499079025404
220500	0.499070410649
220600	0.499067179107
220700	0.499061763176
220800	0.499066779416
220900	0.499056768529
221000	0.499056524887
221100	0.499062797865
221200	0.499058789774
221300	0.499040936489
221400	0.499042389286
221500	0.49902284167
221600	0.49901426375
221700	0.499018045728
221800	0.499005605077
221900	0.499018200261
222000	0.499028291991
222100	0.499015134448
222200	0.499009387831
222300	0.499017397508
222400	0.499024022028
222500	0.499029616849
222600	0.499023031276
222700	0.499025843395
222800	0.499040399336
222900	0.499052564334
223000	0.499058317839
223100	0.499051131672
223200	0.499062793853
223300	0.499062900596
223400	0.499075359919
223500	0.499067628872
223600	0.499066849928
223700	0.499074617908
223800	0.499077216769
223900	0.499093973792
224000	0.499082280665
224100	0.499087285841
224200	0.499078170803
224300	0.499074526456
224400	0.499070216034
224500	0.499092376766
224600	0.499114660419
224700	0.499131729172
224800	0.499126142278
224900	0.499113636212
225000	0.49911566792
225100	0.499098153483
225200	0.499084950626
225300	0.499088378482
225400	0.499066798678
225500	0.49908009188
225600	0.499078459441
225700	0.499073826035
225800	0.499067281112
225900	0.499078056135
226000	0.499054178358
226100	0.499052366205
226200	0.499051240641
226300	0.499058166889
226400	0.499092370671
226500	0.499096484274
226600	0.499078005296
226700	0.499075900657
226800	0.499070568333
226900	0.499091220864
227000	0.499089790568
227100	0.4990724345
227200	0.499075585555
227300	0.499065188509
227400	0.499070672018
227500	0.499064460167
227600	0.499076978726
227700	0.499075083865
227800	0.499078073578
227900	0.499085226262
228000	0.499076515851
228100	0.499070351609
228200	0.499054624027
228300	0.499072417332
228400	0.499087544011
228500	0.499071871164
228600	0.49906266322
228700	0.499067996581
228800	0.499058336927
228900	0.49904357637
229000	0.499047386245
229100	0.499063138595
229200	0.499057402496
229300	0.499065279241
229400	0.499069560776
229500	0.499095486941
229600	0.499120917539
229700	0.499105235751
229800	0.499125496993
229900	0.499100124846
230000	0.4991202569
230100	0.499121186632
230200	0.499148866594
230300	0.499133616613
230400	0.499127647222
230500	0.49913297239
230600	0.499125875022
230700	0.49914226205
230800	0.499148325919
230900	0.49915871466
231000	0.499153447632
231100	0.499169589182
231200	0.499172591375
231300	0.499146150398
231400	0.499150604235
231500	0.499136891737
231600	0.499142293674
231700	0.499141347773
231800	0.499149556644
231900	0.499135661751
232000	0.499139419978
232100	0.499149211874
232200	0.499141078699
232300	0.499159099953
232400	0.499172733972
232500	0.499183684598
232600	0.499169308925
232700	0.499171761856
232800	0.499170386916
232900	0.499161739034
233000	0.499142241172
233100	0.499129367332
233200	0.499139248726
233300	0.49913902739
233400	0.499119892575
233500	0.499122972034
233600	0.499134111601
233700	0.499115571284
233800	0.499112606219
233900	0.499119976593
234000	0.499107645577
234100	0.499125599193
234200	0.499126227139
234300	0.499119806227
234400	0.499114971463
234500	0.499110480307
234600	0.499111117894
234700	0.499100384925
234800	0.499118948386
234900	0.499116096458
235000	0.499122316923
235100	0.499107407244
235200	0.499101682496
235300	0.499104755487
235400	0.499119548734
235500	0.499120516076
235600	0.499108682262
235700	0.499102638888
235800	0.499083528567
235900	0.499075900479
236000	0.499072921746
236100	0.499077364782
236200	0.499067725792
236300	0.499082732277
236400	0.499085472449
236500	0.499079924025
236600	0.499067400727
236700	0.499068740777
236800	0.499070108298
236900	0.499040792537
237000	0.499055691911
237100	0.499073525108
237200	0.499078819654
237300	0.4991112137
237400	0.499127538332
237500	0.499120920505
237600	0.499107270316
237700	0.499097734741
237800	0.499105313032
237900	0.49910648198
238000	0.499125231441
238100	0.499123712297
238200	0.499147232817
238300	0.499120446807
238400	0.499122965004
238500	0.499123220725
238600	0.499116990272
238700	0.499120983515
238800	0.49913175737
238900	0.499140569577
239000	0.499146037188
239100	0.499139560636
239200	0.499113391137
239300	0.499118197806
239400	0.499126525501
239500	0.499132642463
239600	0.499133140918
239700	0.499124409345
239800	0.49912601985
239900	0.499137418908
240000	0.49913961535
240100	0.499150979034
240200	0.499163372477
240300	0.499177060241
240400	0.499191905512
240500	0.499182419281
240600	0.499181842618
240700	0.499193542081
240800	0.499174715303
240900	0.499179823753
241000	0.499156131718
241100	0.499146838129
241200	0.499154830112
241300	0.499161380249
241400	0.499176588281
241500	0.499182252807
241600	0.499180774218
241700	0.499183310377
241800	0.499180100571
241900	0.499167315502
242000	0.499170034636
242100	0.49919050335
242200	0.499186958708
242300	0.499200668403
242400	0.499189241968
242500	0.499203714449
242600	0.499203635907
242700	0.499198929386
242800	0.499197693052
242900	0.49919951247
243000	0.499189097333
243100	0.49918689928
243200	0.499221440892
243300	0.499198571212
243400	0.499188329059
243500	0.499178771869
243600	0.499175631051
243700	0.499176021691
243800	0.499178116493
243900	0.499183164522
244000	0.499205166016
244100	0.499219316563
244200	0.499214933894
244300	0.499211977466
244400	0.4991988232
244500	0.499190062045
244600	0.499196860196
244700	0.499189638537
244800	0.499192407467
244900	0.49919759753
245000	0.499210173294
245100	0.499201044337
245200	0.49922512053
245300	0.499224470611
245400	0.499242739246
245500	0.499243260191
245600	0.499241226792
245700	0.499240730708
245800	0.499231796115
245900	0.499219647344
246000	0.499228799996
246100	0.499195461613
246200	0.499220398907
246300	0.499214199192
246400	0.499211170828
246500	0.499202544049
246600	0.499202909615
246700	0.499203415967
246800	0.499206225434
246900	0.499207272896
247000	0.499215085478
247100	0.499222983913
247200	0.499240207625
247300	0.499252695208
247400	0.499237289196
247500	0.499255294121
247600	0.499256873485
247700	0.499252144796
247800	0.499245085626
247900	0.499244441166
248000	0.499235291831
248100	0.499229365941
248200	0.499229752724
248300	0.499229637306
248400	0.499238562472
248500	0.499236182314
248600	0.499237181621
248700	0.499239367012
248800	0.499246467834
248900	0.499231214223
249000	0.499229135859
249100	0.499214162914
249200	0.499207326934
249300	0.499211982844
249400	0.499211455557
249500	0.499209415735
249600	0.499197532388
249700	0.499194920573
249800	0.499212142838
249900	0.499223983525
250000	0.499206055872
250100	0.499215178261
250200	0.499207096007
250300	0.499209022369
250400	0.499191141869
250500	0.499186684491
250600	0.499168250814
250700	0.499162246961
250800	0.499189783074
250900	0.499205754408
251000	0.49920753406
251100	0.49920341458
251200	0.499216055486
251300	0.499214446315
251400	0.499209092275
251500	0.499198427316
251600	0.499178763867
251700	0.499190093564
251800	0.499174324877
251900	0.499169978694
252000	0.499163190782
252100	0.499163481325
252200	0.499151298406
252300	0.499156719822
252400	0.499146513546
252500	0.499132510107
252600	0.499148161995
252700	0.499150782719
252800	0.49916755449
252900	0.499164810957
253000	0.499155873486
253100	0.499150538996
253200	0.499147835201
253300	0.499147760055
253400	0.499137225734
253500	0.499133508966
253600	0.499136855797
253700	0.499143825897
253800	0.499151454094
253900	0.499142654388
254000	0.499121753445
254100	0.499124317619
254200	0.499107250924
254300	0.499104854742
254400	0.499094943109
254500	0.499090524927
254600	0.499095891736
254700	0.499086361484
254800	0.499105426676
254900	0.499101412989
255000	0.499102210208
255100	0.499099986292
255200	0.499103289589
255300	0.499094729612
255400	0.499102592377
255500	0.499087835566
255600	0.499075690082
255700	0.499086214439
255800	0.499079413933
255900	0.499080745901
256000	0.499087079871
256100	0.499088609512
256200	0.499083686331
256300	0.499075634249
256400	0.499077377902
256500	0.499073887949
256600	0.499084950136
256700	0.499093505917
256800	0.499107467122
256900	0.499118564282
257000	0.499108808852
257100	0.499106168681
257200	0.499097881271
257300	0.499092063595
257400	0.499115901457
257500	0.49911431466
257600	0.499109914639
257700	0.499105226492
257800	0.49910710654
257900	0.499098010741
258000	0.499112589209
258100	0.499113265021
258200	0.499090691088
258300	0.499110446431
258400	0.499109715789
258500	0.49911301029
258600	0.499111469745
258700	0.499111244832
258800	0.49910266296
258900	0.499116791754
259000	0.499131966873
259100	0.499157393146
259200	0.49916658564
259300	0.499169273143
259400	0.499151174025
259500	0.499149170162
259600	0.499163428455
259700	0.499167303358
259800	0.499191027614
259900	0.499177157022
260000	0.499183648738
260100	0.49919862639
260200	0.499197710884
260300	0.499205031594
260400	0.499214952335
260500	0.499213975854
260600	0.499229401903
260700	0.499228108964
260800	0.499241200575
260900	0.499252084036
261000	0.499243175751
261100	0.499244818947
261200	0.499254823932
261300	0.499241381902
261400	0.499255338998
261500	0.499252832317
261600	0.499259682102
261700	0.499246604975
261800	0.499253563102
261900	0.499258564322
262000	0.499254837714
262100	0.499243550225
262200	0.499246722067
262300	0.499245978822
262400	0.499241900915
262500	0.499249232419
262600	0.499256804912
262700	0.499269967876
262800	0.499283170677
262900	0.499288769798
263000	0.499314110848
263100	0.499310809878
263200	0.499324944821
263300	0.499350185682
263400	0.499348576625
263500	0.499332983135
263600	0.499336988217
263700	0.49933780766
263800	0.499325779189
263900	0.49933462784
264000	0.499341359542
264100	0.499326045566
264200	0.499331249042
264300	0.49933999549
264400	0.499333797871
264500	0.499318240643
264600	0.499316630915
264700	0.499332569841
264800	0.499330515616
264900	0.499322918664
265000	0.499336125057
265100	0.499330141875
265200	0.499316100468
265300	0.499323073159
265400	0.499307436631
265500	0.499297807966
265600	0.499291774752
265700	0.499274353199
265800	0.499284631358
265900	0.49928665135
266000	0.499301099891
266100	0.49929230354
266200	0.499274521052
266300	0.499284575486
266400	0.499286024137
266500	0.49928215343
266600	0.499277147918
266700	0.49927866042
266800	0.49926726509
266900	0.499262813024
267000	0.499281801292
267100	0.499276464777
267200	0.499254143312
267300	0.499243183217
267400	0.499240554398
267500	0.499245028587
267600	0.499255385508
267700	0.499250741662
267800	0.499254533816
267900	0.499264406872
268000	0.499253935843
268100	0.499262722749
268200	0.49925956145
268300	0.499255603686
268400	0.499260505633
268500	0.499253689151
268600	0.499259119155
268700	0.499255695434
268800	0.49925413141
268900	0.499255491863
269000	0.499258197413
269100	0.49926705644
269200	0.499258500732
269300	0.499270323383
269400	0.499271259521
269500	0.49926879941
269600	0.499260585215
269700	0.499254295721
269800	0.499277701994
269900	0.499265899581
270000	0.499267652159
270100	0.499265002484
270200	0.499256985888
270300	0.499247910744
270400	0.499254737759
270500	0.499254780318
270600	0.499256037435
270700	0.499251564765
270800	0.499249554014
270900	0.499231076323
271000	0.499232756328
271100	0.499235657477
271200	0.499233640336
271300	0.499235047545
271400	0.499243559296
271500	0.499234005436
271600	0.499224608855
271700	0.499214846721
271800	0.499211440692
271900	0.499230255679
272000	0.499241651445
272100	0.499236030338
272200	0.499243615184
272300	0.499224639479
272400	0.499209758179
272500	0.499190713916
272600	0.499187219534
272700	0.49918770575
272800	0.499172470436
272900	0.499185872572
273000	0.499190246454
273100	0.499194323457
273200	0.499201150022
273300	0.499216236484
273400	0.499213734568
273500	0.499215705514
273600	0.499230684317
273700	0.49923037167
273800	0.499233095369
273900	0.499221005542
274000	0.499223638099
274100	0.49922425471
274200	0.499219236211
274300	0.499201405235
274400	0.499216640262
274500	0.499205380856
274600	0.499191987338
274700	0.499185055002
274800	0.499197626037
274900	0.499190729985
275000	0.499181546127
275100	0.499173077063
275200	0.499173974629
275300	0.499164137436
275400	0.499162796278
275500	0.499162918152
275600	0.499159921259
275700	0.499153724922
275800	0.499146543321
275900	0.499162636173
276000	0.499165026275
276100	0.499174928783
276200	0.49916487853
276300	0.49918335312
276400	0.499196737196
276500	0.499194082749
276600	0.499194439483
276700	0.499204120611
276800	0.499209671149
276900	0.499214072152
277000	0.499221390978
277100	0.499218530917
277200	0.499216199524
277300	0.499235637378
277400	0.499237454776
277500	0.499233895895
277600	0.499247118826
277700	0.499256934148
277800	0.499256651483
277900	0.499241336107
278000	0.499255335867
278100	0.499257584915
278200	0.499258210356
278300	0.499246718372
278400	0.499251999339
278500	0.499251244944
278600	0.499247719993
278700	0.499240754693
278800	0.499238923963
278900	0.499234164493
279000	0.499224900552
279100	0.499206004575
279200	0.499219583539
279300	0.499226654071
279400	0.499240956457
279500	0.499250896758
279600	0.499238736359
279700	0.499255523775
279800	0.49925659737
279900	0.49924439288
280000	0.499244834875
280100	0.499230780561
280200	0.499248754001
280300	0.499253083225
280400	0.499247472771
280500	0.49925000046
280600	0.499239739316
280700	0.49924791834
280800	0.499256509273
280900	0.499259179868
281000	0.499268227164
281100	0.499251769399
281200	0.499262441458
281300	0.499266965851
281400	0.499270477832
281500	0.499261937311
281600	0.499286271001
281700	0.499295540302
281800	0.499280272165
281900	0.499285834849
282000	0.499272922117
282100	0.499266197533
282200	0.499265257612
282300	0.499272075498
282400	0.499267292525
282500	0.499263054959
282600	0.499268214696
282700	0.499281954457
282800	0.499274268472
282900	0.499276658388
283000	0.499266665979
283100	0.499276863409
283200	0.499278631352
283300	0.499286672128
283400	0.499319736761
283500	0.499321968377
283600	0.499332904337
283700	0.499318254233
283800	0.499324489641
283900	0.499330197534
284000	0.499325473567
284100	0.49931424648
284200	0.49931023202
284300	0.499305808874
284400	0.49930009352
284500	0.49929843922
284600	0.499310743591
284700	0.499300899807
284800	0.499322943086
284900	0.499295308645
285000	0.499292962095
285100	0.499283979256
285200	0.499274341367
285300	0.499294072569
285400	0.499295730974
285500	0.499306723387
285600	0.499320681068
285700	0.499330652594
285800	0.499325504374
285900	0.499323267135
286000	0.499328923378
286100	0.499335446319
286200	0.49932435276
286300	0.499301582662
286400	0.499301094092
286500	0.499310942705
286600	0.499311941549
286700	0.499312046725
286800	0.499325935987
286900	0.499316891575
287000	0.499325767369
287100	0.499316370972
287200	0.499329401755
287300	0.499316777748
287400	0.499320259443
287500	0.49933712809
287600	0.499351788018
287700	0.499346989753
287800	0.499349195479
287900	0.499354348701
288000	0.499353631983
288100	0.499364358657
288200	0.499383869674
288300	0.4993946159
288400	0.499394423842
288500	0.499393672374
288600	0.499386307682
288700	0.499385714538
288800	0.499381803923
288900	0.499373502468
289000	0.499382749917
289100	0.499377391743
289200	0.499367984934
289300	0.499353502634
289400	0.499378911527
289500	0.499389145544
289600	0.49937503472
289700	0.499378268064
289800	0.499378638703
289900	0.499381795999
290000	0.499392556197
290100	0.499407036994
290200	0.499401266058
290300	0.499401763262
290400	0.499386777366
290500	0.499386689986
290600	0.499393148792
290700	0.49939425851
290800	0.499397393511
290900	0.499394702864
291000	0.499390902519
291100	0.499397761099
291200	0.49938994044
291300	0.49939130966
291400	0.499391529547
291500	0.499403602014
291600	0.499401331776
291700	0.499404705574
291800	0.499403299973
291900	0.499396455913
292000	0.499410029647
292100	0.499429637076
292200	0.499423260565
292300	0.499427270828
292400	0.499426504357
292500	0.499424726704
292600	0.49942285745
292700	0.49941956054
292800	0.499438036486
292900	0.499437884869
293000	0.499454967389
293100	0.499433137666
293200	0.49941400368
293300	0.499419898227
293400	0.499419511462
293500	0.499413147353
293600	0.499407425702
293700	0.499405598148
293800	0.499391829238
293900	0.499390118251
294000	0.499390849034
294100	0.499375205641
294200	0.499373011604
294300	0.499375992243
294400	0.499376955866
294500	0.4993547193
294600	0.499343292492
294700	0.499324301941
294800	0.499335885665
294900	0.499342128722
295000	0.499336407671
295100	0.499332435588
295200	0.499316365346
295300	0.499319707193
295400	0.499325728081
295500	0.499329874294
295600	0.499340392067
295700	0.499335371058
295800	0.499344837982
295900	0.499358489959
296000	0.499354358115
296100	0.499366105329
296200	0.499383523288
296300	0.499393730756
296400	0.499380735776
296500	0.499361928371
296600	0.499364200644
296700	0.499387664388
296800	0.499396322759
296900	0.499396650583
297000	0.499396680586
297100	0.499368966193
297200	0.499366075343
297300	0.499378990797
297400	0.49936831691
297500	0.49936848124
297600	0.499368626744
297700	0.499369151172
297800	0.499378627015
297900	0.499363394481
298000	0.499345250728
298100	0.499358992268
298200	0.49933929612
298300	0.499339317767
298400	0.499338512064
298500	0.4993291773
298600	0.499312432867
298700	0.499322337472
298800	0.499313510462
298900	0.499311549542
299000	0.499297052582
299100	0.499300025714
299200	0.499302163703
299300	0.499305491417
299400	0.499302522258
299500	0.499303314788
299600	0.499280836893
299700	0.499280079449
299800	0.49928254022
299900	0.499273643254
300000	0.49927214816
300100	0.499286759947
300200	0.499266380943
300300	0.49925506031
300400	0.499254479913
300500	0.499252008226
300600	0.499253296966
300700	0.499262258517
300800	0.499243270073
300900	0.499262432054
301000	0.499277085272
301100	0.499262871189
301200	0.499269329177
301300	0.499275603083
301400	0.499279461387
301500	0.499290019287
301600	0.499281293087
301700	0.499285316072
301800	0.499279998734
301900	0.499276755866
302000	0.499280117384
302100	0.499261834863
302200	0.499252416803
302300	0.499238193063
302400	0.499229909114
302500	0.499214430988
302600	0.499218913463
302700	0.499220839495
302800	0.499215466797
302900	0.49921660788
303000	0.499218126587
303100	0.499233075863
303200	0.499230934901
303300	0.499230951869
303400	0.499235073451
303500	0.499237828919
303600	0.49923939886
303700	0.499235792387
303800	0.499225683627
303900	0.499208521991
304000	0.499222511164
304100	0.499207116432
304200	0.499202362485
304300	0.499201623414
304400	0.499204620299
304500	0.499186901833
304600	0.499160813457
304700	0.49917569407
304800	0.499176801178
304900	0.499176847927
305000	0.499181974852
305100	0.499168697811
305200	0.499174912585
305300	0.499169545306
305400	0.499171291552
305500	0.499173290822
305600	0.499162321976
305700	0.499169358548
305800	0.499159742322
305900	0.499158421579
306000	0.499157912676
306100	0.499174243878
306200	0.499187178396
306300	0.499188920186
306400	0.499193885904
306500	0.499200758564
306600	0.499184710085
306700	0.499186759045
306800	0.499183151496
306900	0.499175945135
307000	0.499165039453
307100	0.49916655182
307200	0.499175181143
307300	0.499169053469
307400	0.49916981299
307500	0.499181557314
307600	0.49917730909
307700	0.499184925213
307800	0.499186983226
307900	0.499191184635
308000	0.499192949094
308100	0.4991912127
308200	0.499198620814
308300	0.499177080454
308400	0.499169087824
308500	0.499169041737
308600	0.499159539559
308700	0.499183362935
308800	0.499196283915
308900	0.49919473214
309000	0.499210248427
309100	0.499206206574
309200	0.49919508402
309300	0.499195724403
309400	0.499192114738
309500	0.499180804898
309600	0.49919989958
309700	0.499190369315
309800	0.499195684406
309900	0.499194914947
310000	0.499211149297
310100	0.499212388775
310200	0.49922193814
310300	0.499221804863
310400	0.499235660338
310500	0.499233192406
310600	0.499227679144
310700	0.499239641246
310800	0.499240806515
310900	0.499231653043
311000	0.499249496151
311100	0.499246512456
311200	0.499241847773
311300	0.499232737427
311400	0.499224715873
311500	0.499238723734
311600	0.499238268251
311700	0.499255403051
311800	0.499255670407
311900	0.49925545916
312000	0.499247503837
312100	0.499263100541
312200	0.499261991297
312300	0.499259809776
312400	0.499254712266
312500	0.499248274589
312600	0.499246277092
312700	0.499250556639
312800	0.499253616413
312900	0.49925204883
313000	0.499251073061
313100	0.499266672689
313200	0.499259148793
313300	0.499267252812
313400	0.49928261329
313500	0.499284060951
313600	0.499284180204
313700	0.499280177555
313800	0.499279804395
313900	0.499268346843
314000	0.49926680529
314100	0.499266829901
314200	0.499266941426
314300	0.499268915619
314400	0.499269710973
314500	0.499269938515
314600	0.499266947816
314700	0.499272748649
314800	0.49926220223
314900	0.499271898904
315000	0.499269191571
315100	0.499266742586
315200	0.499251733829
315300	0.499261661887
315400	0.499254447961
315500	0.499258135429
315600	0.499266298603
315700	0.499260666557
315800	0.499275762929
315900	0.499261624103
316000	0.499248323259
316100	0.499246150395
316200	0.499224193517
316300	0.499230681707
316400	0.499233313679
316500	0.499245815573
316600	0.499251580736
316700	0.499243752798
316800	0.499250256758
316900	0.499236176021
317000	0.499229756186
317100	0.499220293658
317200	0.499216781305
317300	0.499209819852
317400	0.499216210054
317500	0.499217899786
317600	0.49922518762
317700	0.499236603311
317800	0.499225957052
317900	0.499223721966
318000	0.499227163906
318100	0.499226388337
318200	0.499218423378
318300	0.49921815503
318400	0.499212584334
318500	0.499215846549
318600	0.499210239642
318700	0.499217179322
318800	0.499208080508
318900	0.499211938906
319000	0.499213050401
319100	0.499210945503
319200	0.49920980854
319300	0.499209710783
319400	0.499210246753
319500	0.499213998889
319600	0.499215085986
319700	0.499209146778
319800	0.499221450428
319900	0.499211822657
320000	0.499234488344
320100	0.499236398082
320200	0.499236964928
320300	0.499235935445
320400	0.49924123441
320500	0.499240391229
320600	0.499252268584
320700	0.49924615875
320800	0.499225781266
320900	0.499233001854
321000	0.499223511576
321100	0.499226826425
321200	0.499214130638
321300	0.499207292863
321400	0.499199725874
321500	0.499229716485
321600	0.499220107587
321700	0.499224462139
321800	0.49922712091
321900	0.499241005918
322000	0.499236051981
322100	0.499245159851
322200	0.499248549981
322300	0.499250880894
322400	0.499253282702
322500	0.499263851724
322600	0.499261785322
322700	0.499253336994
322800	0.499260123213
322900	0.499268108374
323000	0.499261672517
323100	0.499255995023
323200	0.49925783758
323300	0.499267303307
323400	0.49927660325
323500	0.499264953954
323600	0.499253493251
323700	0.499266968091
323800	0.49926228324
323900	0.499271336051
324000	0.499261421457
324100	0.499270397896
324200	0.499269970719
324300	0.499263006334
324400	0.499257218416
324500	0.499261031134
324600	0.499238808139
324700	0.499239407123
324800	0.499248252528
324900	0.499246572207
325000	0.499243139046
325100	0.49923808853
325200	0.499248696042
325300	0.499250742724
325400	0.499260494647
325500	0.499271774267
325600	0.499267801726
325700	0.49929603689
325800	0.499289356541
325900	0.49929617151
326000	0.499291601957
326100	0.499300204532
326200	0.499294362174
326300	0.499295997242
326400	0.49930089492
326500	0.499314329914
326600	0.499303029645
326700	0.499311231215
326800	0.499301245052
326900	0.499290489321
327000	0.499285619817
327100	0.499280448251
327200	0.499270470749
327300	0.499275669218
327400	0.499245315186
327500	0.499245884928
327600	0.499251405369
327700	0.499243462817
327800	0.49923124032
327900	0.49922724684
328000	0.499224413494
328100	0.499214945794
328200	0.499219475277
328300	0.499233881386
328400	0.499233458453
328500	0.499233555078
328600	0.499237266555
328700	0.499235755978
328800	0.499233590681
328900	0.499222312441
329000	0.499217140459
329100	0.499229260188
329200	0.499242360832
329300	0.499248398302
329400	0.499258336603
329500	0.499252143581
329600	0.499272495516
329700	0.499264271219
329800	0.499256676604
329900	0.49925914171
330000	0.49926690133
330100	0.499274820357
330200	0.499271462444
330300	0.499276627193
330400	0.499281705109
330500	0.499284648832
330600	0.499270093684
330700	0.499272962386
330800	0.499274087446
330900	0.49927218181
331000	0.499282814834
331100	0.499268157267
331200	0.499287140199
331300	0.499299440812
331400	0.499297983214
331500	0.499318712618
331600	0.499342718779
331700	0.499337899065
331800	0.499333616962
331900	0.499321346704
332000	0.499328788229
332100	0.49932958685
332200	0.499324478754
332300	0.499310192979
332400	0.499304851161
332500	0.499314511465
332600	0.499309028046
332700	0.499306581229
332800	0.499308393386
332900	0.499290699937
333000	0.49929267445
333100	0.499298351894
333200	0.499308262629
333300	0.499306739604
333400	0.499301063806
333500	0.499298029715
333600	0.49928246423
333700	0.499268431414
333800	0.499263498493
333900	0.499265575331
334000	0.499270636653
334100	0.499274186905
334200	0.499270906616
334300	0.499274496985
334400	0.499271515377
334500	0.499256433719
334600	0.499248257537
334700	0.499229458948
334800	0.499219757136
334900	0.499216090818
335000	0.499212486266
335100	0.499220519925
335200	0.499194875755
335300	0.499194982797
335400	0.499187337859
335500	0.499202923726
335600	0.499206733352
335700	0.499217682461
335800	0.499220920408
335900	0.499222040548
336000	0.499218573074
336100	0.499217449256
336200	0.499204149435
336300	0.499198246699
336400	0.499189688775
336500	0.499191521299
336600	0.499198949534
336700	0.499204172456
336800	0.499218789947
336900	0.499222145797
337000	0.499223113341
337100	0.499235379493
337200	0.499236801349
337300	0.499238676644
337400	0.499228349576
337500	0.499225467313
337600	0.49922893777
337700	0.499238804012
337800	0.499236675364
337900	0.499235165401
338000	0.499236501151
338100	0.499248706063
338200	0.499252501325
338300	0.49924956238
338400	0.499256720216
338500	0.499267350479
338600	0.499268258768
338700	0.499256438353
338800	0.499258331358
338900	0.499248505772
339000	0.499238833283
339100	0.499245063309
339200	0.499251777913
339300	0.499255744247
339400	0.499251804976
339500	0.499265201997
339600	0.499266525757
339700	0.499269888437
339800	0.499254657849
339900	0.499257976328
340000	0.499260551432
340100	0.4992612807
340200	0.499250017619
340300	0.499245254002
340400	0.499241114333
340500	0.499237688576
340600	0.499227315951
340700	0.499222661189
340800	0.499221382817
340900	0.499224878087
341000	0.499223852455
341100	0.49921971839
341200	0.499216034742
341300	0.499215751143
341400	0.499209235923
341500	0.499227831924
341600	0.499215713126
341700	0.499201915443
341800	0.499213298838
341900	0.49921699573
342000	0.499217374792
342100	0.499217285609
342200	0.499219656563
342300	0.499214176304
342400	0.499197433052
342500	0.499187114794
342600	0.499193322799
342700	0.499195044803
342800	0.499205882955
342900	0.499215204001
343000	0.499216002834
343100	0.499216428586
343200	0.499216337631
343300	0.499228769103
343400	0.499219867903
343500	0.499213306588
343600	0.499226666321
343700	0.499219993355
343800	0.499214410134
343900	0.49920705966
344000	0.499209863381
344100	0.499209390154
344200	0.499224163716
344300	0.499233104397
344400	0.499218002462
344500	0.49921459571
344600	0.499219126376
344700	0.499211202527
344800	0.499214067294
344900	0.499213544938
345000	0.499212833359
345100	0.499210890107
345200	0.499217534809
345300	0.499216005557
345400	0.499205198752
345500	0.499204111192
345600	0.49921435399
345700	0.499226355071
345800	0.499224955107
345900	0.499244071411
346000	0.499231946749
346100	0.499216289356
346200	0.499219194405
346300	0.49921846801
346400	0.499217801796
346500	0.499219809394
346600	0.499221043237
346700	0.499225574488
346800	0.499236593599
346900	0.49923614102
347000	0.499236118268
347100	0.499233066474
347200	0.499234903039
347300	0.499238395911
347400	0.499241758307
347500	0.499237447727
347600	0.499236864917
347700	0.499233179295
347800	0.499244178683
347900	0.499238939353
348000	0.499246034997
348100	0.499243465587
348200	0.499246870885
348300	0.499260997442
348400	0.499258201952
348500	0.499275104654
348600	0.499273375568
348700	0.49928763226
348800	0.499280271912
348900	0.499274455471
349000	0.499281415115
349100	0.499280666236
349200	0.499279970412
349300	0.499302429731
349400	0.499303639035
349500	0.499297658286
349600	0.499297770924
349700	0.499302943108
349800	0.499291109411
349900	0.499279151358
