100	0.37993653681
200	0.367338005749
300	0.35291847322
400	0.349738296662
500	0.346924289914
600	0.349571690499
700	0.356598083718
800	0.35167774941
900	0.349150316149
1000	0.351491647534
1100	0.349028195036
1200	0.349471667368
1300	0.353482362703
1400	0.352854600719
1500	0.353203794293
1600	0.35383013276
1700	0.354315773303
1800	0.35360353482
1900	0.355123488597
2000	0.354614529777
2100	0.353780314697
2200	0.35285443348
2300	0.35113723306
2400	0.352003481276
2500	0.351168322664
2600	0.350647740518
2700	0.349057221735
2800	0.34830158971
2900	0.345740652399
3000	0.344341652376
3100	0.344166616543
3200	0.343421567707
3300	0.344292747985
3400	0.344330420974
3500	0.343860113142
3600	0.344119846662
3700	0.342834002729
3800	0.341729478068
3900	0.34031216347
4000	0.339590237004
4100	0.339899795235
4200	0.339863055273
4300	0.340901968721
4400	0.34088166193
4500	0.34118663195
4600	0.340218949361
4700	0.3403654833
4800	0.339768623619
4900	0.339151201139
5000	0.338161454248
5100	0.337347548538
5200	0.336953118039
5300	0.336647002499
5400	0.337085498779
5500	0.337873252486
5600	0.338129438661
5700	0.337733210439
5800	0.338422162811
5900	0.338014597101
6000	0.338081350978
6100	0.338327430742
6200	0.338204493646
6300	0.337916093045
6400	0.338118884114
6500	0.337787978691
6600	0.337766974066
6700	0.337990158525
6800	0.338055315012
6900	0.337628160631
7000	0.337462363543
7100	0.337868294277
7200	0.338116129416
7300	0.337148191656
7400	0.337515248105
7500	0.336936199882
7600	0.33679204347
7700	0.33686371536
7800	0.337035861539
7900	0.336769693165
8000	0.336346193937
8100	0.337235166534
8200	0.336877260106
8300	0.336497299276
8400	0.336570956833
8500	0.336356377346
8600	0.33634780363
8700	0.336170763712
8800	0.336066984261
8900	0.336283028964
9000	0.336223226807
9100	0.33616011456
9200	0.3359004722
9300	0.335579702267
9400	0.335482300284
9500	0.335950709089
9600	0.335947426746
9700	0.335948281331
9800	0.336034840118
9900	0.336244161673
10000	0.336331897212
10100	0.336203257956
10200	0.336818068942
10300	0.337053874344
10400	0.337195879048
10500	0.336839362719
10600	0.336788582768
10700	0.336924429062
10800	0.337252946157
10900	0.337637017292
11000	0.336983335995
11100	0.337084179983
11200	0.337156864189
11300	0.337622432927
11400	0.337382629796
11500	0.337623518181
11600	0.337739329885
11700	0.337758190352
11800	0.337592325797
11900	0.337293233105
12000	0.337478496988
12100	0.337560682513
12200	0.337564507668
12300	0.337625296009
12400	0.337606598939
12500	0.337672890535
12600	0.337262837772
12700	0.337437125191
12800	0.337499234954
12900	0.337220328953
13000	0.337542333927
13100	0.337592494098
13200	0.33740596829
13300	0.337089127382
13400	0.337128759054
13500	0.337041595847
13600	0.336589306868
13700	0.33671982529
13800	0.336763716459
13900	0.336548149787
14000	0.336560959063
14100	0.336663058811
14200	0.336635320416
14300	0.33675953019
14400	0.336764966915
14500	0.336603189515
14600	0.336061829307
14700	0.33565358836
14800	0.335620369378
14900	0.335569121059
15000	0.335836016133
15100	0.335496921222
15200	0.335290037737
15300	0.335086735408
15400	0.335181708242
15500	0.335130676983
15600	0.334914884323
15700	0.335203286639
15800	0.335690365138
15900	0.335683817634
16000	0.336064802124
16100	0.336194338886
16200	0.336264303111
16300	0.336238750085
16400	0.336001122725
16500	0.336125140759
16600	0.336035239092
16700	0.335923903323
16800	0.335818232194
16900	0.335657367596
17000	0.335979524179
17100	0.335901840535
17200	0.335593332966
17300	0.335694106552
17400	0.336353753461
17500	0.336521931124
17600	0.336769701283
17700	0.336778832194
17800	0.33661597791
17900	0.336581373921
18000	0.336594077559
18100	0.336818421746
18200	0.336506247501
18300	0.336062704329
18400	0.335853461398
18500	0.335780979965
18600	0.336070344623
18700	0.336007720249
18800	0.335915994148
18900	0.33567553959
19000	0.335615962833
19100	0.335191708729
19200	0.33511524243
19300	0.3352514115
19400	0.335219552404
19500	0.335143627914
19600	0.335123557647
19700	0.334992627173
19800	0.335030467634
19900	0.334952454134
20000	0.335072815364
20100	0.335054354574
20200	0.335118207151
20300	0.335099871964
20400	0.334812009836
20500	0.334785010785
20600	0.334909310843
20700	0.334688175113
20800	0.334785000454
20900	0.334518295031
21000	0.33467567787
21100	0.334481843336
21200	0.334614860826
21300	0.334627827021
21400	0.334597375189
21500	0.334702956982
21600	0.334960271032
21700	0.334923249722
21800	0.334944716112
21900	0.33503948472
22000	0.335010968968
22100	0.334860385558
22200	0.334831695273
22300	0.33470959522
22400	0.334692692071
22500	0.334952312769
22600	0.335090393327
22700	0.335125415959
22800	0.335062041143
22900	0.335017323891
23000	0.334952834235
23100	0.334957172843
23200	0.334889661559
23300	0.334856652046
23400	0.33482499588
23500	0.334764061332
23600	0.335069776317
23700	0.335119123376
23800	0.334994554945
23900	0.334874505971
24000	0.334864671782
24100	0.334841461414
24200	0.334807885278
24300	0.334705559853
24400	0.33477279704
24500	0.334612262593
24600	0.334438414007
24700	0.334473128132
24800	0.334711033466
24900	0.334623911344
25000	0.334460520782
25100	0.334456298587
25200	0.334469887115
25300	0.334344638963
25400	0.334216070926
25500	0.334090288845
25600	0.334154024176
25700	0.333995864679
25800	0.33402329834
25900	0.334168046056
26000	0.334201028022
26100	0.33416351338
26200	0.334355124276
26300	0.334385651255
26400	0.334554301162
26500	0.334607768564
26600	0.334649885648
26700	0.334676391546
26800	0.334394827121
26900	0.334442912357
27000	0.33474117444
27100	0.334606618308
27200	0.334587943519
27300	0.334490882172
27400	0.334479471655
27500	0.334319392682
27600	0.33433710232
27700	0.334337567608
27800	0.334386145518
27900	0.334411103644
28000	0.334688012812
28100	0.334822116255
28200	0.334959392682
28300	0.334897185661
28400	0.335044454075
28500	0.335103952009
28600	0.335102419769
28700	0.335069574462
28800	0.335243398642
28900	0.335272749847
29000	0.335452458911
29100	0.335597870245
29200	0.33554431628
29300	0.335328982144
29400	0.335452152082
29500	0.335307437977
29600	0.335263855679
29700	0.335312138264
29800	0.335191409768
29900	0.335052478842
30000	0.335008348249
30100	0.334912952341
30200	0.335061590852
30300	0.335057895191
30400	0.335019264524
30500	0.335109640251
30600	0.335085670255
30700	0.335029310418
30800	0.335035061336
30900	0.334981619176
31000	0.33486418061
31100	0.334812517773
31200	0.334913761097
31300	0.334999658014
31400	0.334832060953
31500	0.334822916889
31600	0.334796874001
31700	0.334781461107
31800	0.334732907602
31900	0.334773706753
32000	0.334817542959
32100	0.334798715585
32200	0.334744748639
32300	0.335022791571
32400	0.334812124074
32500	0.33471183178
32600	0.334647159372
32700	0.334600848892
32800	0.33476022629
32900	0.334678744605
33000	0.334623491761
33100	0.334662462521
33200	0.334715983148
33300	0.334759665303
33400	0.334879355144
33500	0.334867154397
33600	0.33471968111
33700	0.334685332703
33800	0.334547268294
33900	0.334371450597
34000	0.334358042925
34100	0.334422509929
34200	0.334540347094
34300	0.33457970742
34400	0.334677297979
34500	0.334552078693
34600	0.334589995268
34700	0.334697986245
34800	0.334678387933
34900	0.334658393275
35000	0.334818583726
35100	0.334754569518
35200	0.334804808444
35300	0.334842120896
35400	0.334947833209
35500	0.334937156098
35600	0.335101775397
35700	0.335070425967
35800	0.335096410393
35900	0.335029863992
36000	0.335112504469
36100	0.335091499842
36200	0.335159522973
36300	0.335115735349
36400	0.335018577216
36500	0.33503881932
36600	0.335243139278
36700	0.335176668408
36800	0.335085560208
36900	0.335180667074
37000	0.335194809712
37100	0.335083304355
37200	0.334976268192
37300	0.33516266616
37400	0.335096628303
37500	0.335233446065
37600	0.335307093201
37700	0.335192693555
37800	0.335174184086
37900	0.335104039203
38000	0.33501924441
38100	0.335134395324
38200	0.33509070886
38300	0.335086128201
38400	0.335143729478
38500	0.33519018513
38600	0.335186660763
38700	0.335186701684
38800	0.335192036873
38900	0.335313749355
39000	0.335404730266
39100	0.335285467475
39200	0.335378375706
39300	0.335404402693
39400	0.335338943912
39500	0.335337906205
39600	0.335321265702
39700	0.335421279064
39800	0.335360625129
39900	0.335398810132
40000	0.335326845966
40100	0.335380931739
40200	0.335338055978
40300	0.335256804906
40400	0.33529935092
40500	0.335318958638
40600	0.3354340886
40700	0.335392863398
40800	0.335452810816
40900	0.335465995496
41000	0.335427671003
41100	0.335409274961
41200	0.335491796939
41300	0.335533799541
41400	0.335578556433
41500	0.335589501474
41600	0.335511613978
41700	0.335476599963
41800	0.335428344785
41900	0.335295441781
42000	0.335194696654
42100	0.335174228791
42200	0.335180776177
42300	0.335183376868
42400	0.335036230303
42500	0.334920968611
42600	0.334848891627
42700	0.334839079814
42800	0.334799497895
42900	0.334824131328
43000	0.334904517812
43100	0.33490278227
43200	0.334862592988
43300	0.334892778592
43400	0.334943935834
43500	0.334871267723
43600	0.334823519355
43700	0.334796164461
43800	0.334876167917
43900	0.334896914149
44000	0.334762680199
44100	0.33470628095
44200	0.334604326138
44300	0.334590347063
44400	0.334552046555
44500	0.334549972715
44600	0.334600137195
44700	0.334659960423
44800	0.334689436554
44900	0.334744516982
45000	0.334822162517
45100	0.334859019847
45200	0.334809083288
45300	0.334776450193
45400	0.334829476356
45500	0.334797716951
45600	0.334730517365
45700	0.334643560836
45800	0.334631655462
45900	0.334627807421
46000	0.334506705219
46100	0.334528317469
46200	0.33446301568
46300	0.334361982966
46400	0.33440657359
46500	0.334457766294
46600	0.334448229725
46700	0.334403760477
46800	0.334395184581
46900	0.334378714051
47000	0.334311878609
47100	0.334184382106
47200	0.334068497116
47300	0.334079146432
47400	0.334066433009
47500	0.334028580546
47600	0.33410748133
47700	0.334093851832
47800	0.334096234835
47900	0.334080509934
48000	0.333998473077
48100	0.334009230277
48200	0.33401644732
48300	0.333950245402
48400	0.333913828305
48500	0.333852103174
48600	0.333872738631
48700	0.333836556546
48800	0.333861031513
48900	0.333923069154
49000	0.333767184026
49100	0.333902824287
49200	0.334015544078
49300	0.333959798413
49400	0.334040018668
49500	0.333986195231
49600	0.333949074396
49700	0.333981261691
49800	0.333930996808
49900	0.334004787556
50000	0.333968328281
50100	0.333922396454
50200	0.333942041946
50300	0.33386389345
50400	0.333974684556
50500	0.333926965753
50600	0.333884792633
50700	0.333883767401
50800	0.333941567805
50900	0.33386013408
51000	0.333773976934
51100	0.333618745466
51200	0.333661355124
51300	0.333502634476
51400	0.33350904254
51500	0.33345450286
51600	0.333465644628
51700	0.33350723814
51800	0.333397740823
51900	0.333442709384
52000	0.333559132356
52100	0.333616490267
52200	0.333625232812
52300	0.333702602513
52400	0.333661923763
52500	0.333741681588
52600	0.333809953775
52700	0.333793935092
52800	0.333771856104
52900	0.333641158032
53000	0.333671497325
53100	0.333673404103
53200	0.333763316772
53300	0.333846770027
53400	0.333894684727
53500	0.33392378508
53600	0.333987338494
53700	0.333942282767
53800	0.333990446002
53900	0.334079366563
54000	0.33404881009
54100	0.333973500316
54200	0.33386719272
54300	0.333949432609
54400	0.333896245769
54500	0.333903598538
54600	0.333829690353
54700	0.333795922841
54800	0.333765094945
54900	0.333732947044
55000	0.33372017821
55100	0.333726870118
55200	0.333843834918
55300	0.33377064395
55400	0.333690704029
55500	0.333730200949
55600	0.333763226212
55700	0.333776846211
55800	0.333802525543
55900	0.33377365607
56000	0.333772127611
56100	0.333800410698
56200	0.333764356462
56300	0.333818915656
56400	0.333785188409
56500	0.333727558751
56600	0.3337135745
56700	0.333747711705
56800	0.333691567183
56900	0.333671650386
57000	0.333645040672
57100	0.333597989008
57200	0.333522519912
57300	0.333466551096
57400	0.333495659243
57500	0.333588576732
57600	0.333531840195
57700	0.333486100005
57800	0.333557133694
57900	0.333542551202
58000	0.333552257504
58100	0.333598125873
58200	0.333568118421
58300	0.333528348438
58400	0.333582101846
58500	0.33361689065
58600	0.33352900375
58700	0.333451796724
58800	0.333370275202
58900	0.333429709593
59000	0.333410537218
59100	0.333398784276
59200	0.333419561334
59300	0.333427042482
59400	0.333421802332
59500	0.333497447563
59600	0.33354060864
59700	0.333687031994
59800	0.333829146146
59900	0.333857581014
60000	0.333913808358
60100	0.333989235072
60200	0.333913715928
60300	0.333784593238
60400	0.333717940457
60500	0.333727719385
60600	0.333741759713
60700	0.333806177789
60800	0.333792752568
60900	0.33375103411
61000	0.333872309637
61100	0.333948906615
61200	0.334048985615
61300	0.333963633039
61400	0.334019452035
61500	0.334065396563
61600	0.334120975879
61700	0.334058869775
61800	0.334043310067
61900	0.334007143086
62000	0.333905659459
62100	0.333877890377
62200	0.33381414067
62300	0.333748995984
62400	0.333714659206
62500	0.33368095437
62600	0.33358628613
62700	0.333560064361
62800	0.333623417657
62900	0.333637571472
63000	0.33361495895
63100	0.333648603707
63200	0.333716753276
63300	0.333737815313
63400	0.333720165807
63500	0.333687075502
63600	0.333600540971
63700	0.333567049845
63800	0.333561632194
63900	0.333532305285
64000	0.333577124753
64100	0.333540282275
64200	0.333615356095
64300	0.33365016535
64400	0.333720203506
64500	0.333687586985
64600	0.333566933346
64700	0.333568201324
64800	0.33359496426
64900	0.33355914623
65000	0.333568576229
65100	0.333567004508
65200	0.333620606487
65300	0.333651351441
65400	0.333646852205
65500	0.333646508843
65600	0.333747630947
65700	0.333763286148
65800	0.33381720835
65900	0.33382315265
66000	0.333884941067
66100	0.333920841593
66200	0.333979048188
66300	0.333990227795
66400	0.333958507178
66500	0.333953670295
66600	0.333998745878
66700	0.33392461537
66800	0.333918630206
66900	0.333935152127
67000	0.333933109859
67100	0.333911148455
67200	0.333912926978
67300	0.33384494104
67400	0.333869579307
67500	0.333842671889
67600	0.333881147535
67700	0.333813418055
67800	0.333721512734
67900	0.333750684673
68000	0.333746141115
68100	0.333726405234
68200	0.33373824265
68300	0.333765559574
68400	0.333798212402
68500	0.333735567397
68600	0.333686899807
68700	0.333628873481
68800	0.333596508199
68900	0.333479138527
69000	0.333391215148
69100	0.333288393049
69200	0.333304104438
69300	0.33337095008
69400	0.333379700721
69500	0.333339206515
69600	0.333396935788
69700	0.333419430591
69800	0.333386349536
69900	0.333439465996
70000	0.333445116942
70100	0.333422453985
70200	0.333416978858
70300	0.333421075858
70400	0.333424965266
70500	0.33338422297
70600	0.333374646461
70700	0.333367150224
70800	0.333359795462
70900	0.33332382656
71000	0.333250980596
71100	0.333310995111
71200	0.333278693609
71300	0.333334558927
71400	0.333374646435
71500	0.333350373831
71600	0.333323888715
71700	0.333332404054
71800	0.333364251984
71900	0.333320371961
72000	0.333294078346
72100	0.333354354976
72200	0.333374269269
72300	0.333320735845
72400	0.333319375185
72500	0.333293566138
72600	0.333306177528
72700	0.333287893587
72800	0.33331314396
72900	0.33330075013
73000	0.333282303101
73100	0.333290138616
73200	0.333314255912
73300	0.333402459341
73400	0.333428899967
73500	0.333436172025
73600	0.333504997485
73700	0.333483893227
73800	0.33347184196
73900	0.333516999696
74000	0.333474965843
74100	0.333432728101
74200	0.333415543543
74300	0.333412192754
74400	0.333453431974
74500	0.333456324285
74600	0.33346135627
74700	0.333405377439
74800	0.33336738322
74900	0.333375988238
75000	0.333400813225
75100	0.333412916975
75200	0.333461591904
75300	0.333453363412
75400	0.333507218296
75500	0.333526445295
75600	0.333481804107
75700	0.333484092544
75800	0.333451046611
75900	0.333481177893
76000	0.333467802247
76100	0.333463912767
76200	0.333467501504
76300	0.333417139827
76400	0.333434762581
76500	0.333451528872
76600	0.3334114124
76700	0.333436397487
76800	0.333433657013
76900	0.333450505748
77000	0.333479618469
77100	0.333477419577
77200	0.333494509532
77300	0.333465586812
77400	0.333448679093
77500	0.333483891718
77600	0.333559790511
77700	0.333545441087
77800	0.333544685893
77900	0.333534451194
78000	0.333513669306
78100	0.333547212947
78200	0.33349369364
78300	0.333507623193
78400	0.333477631308
78500	0.333426590042
78600	0.333378395522
78700	0.333300360266
78800	0.333323240851
78900	0.333334270103
79000	0.333324464427
79100	0.333367153629
79200	0.333355458365
79300	0.333337091374
79400	0.333392250092
79500	0.33338217135
79600	0.333450817872
79700	0.3335070617
79800	0.33345814875
79900	0.333489987863
80000	0.333444070825
80100	0.333455358493
80200	0.333474456741
80300	0.333408747126
80400	0.333421545075
80500	0.333369923429
80600	0.333379072037
80700	0.333408517501
80800	0.333438847777
80900	0.33343708311
81000	0.333462471044
81100	0.333513918616
81200	0.333496742769
81300	0.333494016542
81400	0.333436504829
81500	0.333451144042
81600	0.333460847293
81700	0.33342186685
81800	0.333398912647
81900	0.33342594946
82000	0.333451315851
82100	0.333468791933
82200	0.333533514183
82300	0.333551133133
82400	0.333570760223
82500	0.33360143094
82600	0.333578037329
82700	0.333530612412
82800	0.33351021046
82900	0.333500030247
83000	0.333475229789
83100	0.333494377484
83200	0.333493836252
83300	0.333478329269
83400	0.333438095512
83500	0.333462239813
83600	0.333438683113
83700	0.333409763158
83800	0.333414525905
83900	0.333457088264
84000	0.333460027578
84100	0.333500119098
84200	0.333487480207
84300	0.333452594196
84400	0.333449138022
84500	0.333490256869
84600	0.333569582793
84700	0.333622374655
84800	0.333611787282
84900	0.333600664788
85000	0.333623184343
85100	0.333629647208
85200	0.333629293514
85300	0.333600526049
85400	0.33358284534
85500	0.333611545101
85600	0.333632098885
85700	0.33360593586
85800	0.333641065923
85900	0.333680297532
86000	0.333634492655
86100	0.333671258252
86200	0.333719534945
86300	0.333651605987
86400	0.333627793755
86500	0.333584612773
86600	0.333545568851
86700	0.333517969405
86800	0.333550141419
86900	0.333579260743
87000	0.333602489521
87100	0.333627327017
87200	0.333647067525
87300	0.33365979545
87400	0.333642635572
87500	0.333589930477
87600	0.333563686476
87700	0.333585981331
87800	0.333606050502
87900	0.33364310603
88000	0.333634581538
88100	0.333681985686
88200	0.333686574643
88300	0.333685882702
88400	0.333664053201
88500	0.333624362775
88600	0.333620677039
88700	0.33366575009
88800	0.333693503534
88900	0.333649065432
89000	0.333584686312
89100	0.333579356022
89200	0.333607403654
89300	0.333594074663
89400	0.333531137745
89500	0.333587421131
89600	0.333558696564
89700	0.333523375829
89800	0.333552046206
89900	0.333559147211
90000	0.333604561963
90100	0.333550368495
90200	0.333526373576
90300	0.333553744925
90400	0.333542325531
90500	0.333568842616
90600	0.333574982528
90700	0.333597698059
90800	0.3335745216
90900	0.333563350602
91000	0.333582927042
91100	0.333544033386
91200	0.333541691351
91300	0.333512796691
91400	0.333530299757
91500	0.333557664643
91600	0.333583229159
91700	0.333562595831
91800	0.333586353798
91900	0.333595595345
92000	0.333625487379
92100	0.333642954809
92200	0.333668672866
92300	0.333665924849
92400	0.333636218072
92500	0.333678869952
92600	0.333736175473
92700	0.333714465383
92800	0.333671805662
92900	0.333702859459
93000	0.333733602942
93100	0.333787445835
93200	0.333784178175
93300	0.333747026267
93400	0.333735886685
93500	0.333728262075
93600	0.333738680939
93700	0.33378948801
93800	0.333765871775
93900	0.333726317918
94000	0.333724984806
94100	0.333731490247
94200	0.333715445751
94300	0.333777720529
94400	0.333807012628
94500	0.333799264468
94600	0.333773134126
94700	0.333779640798
94800	0.333834951642
94900	0.333885592302
95000	0.333905914971
95100	0.333932889326
95200	0.33392313912
95300	0.333909406918
95400	0.333904444358
95500	0.333904305781
95600	0.333879731422
95700	0.33387527111
95800	0.333867858189
95900	0.333834891475
96000	0.333798862666
96100	0.333786698955
96200	0.333719753615
96300	0.33370038108
96400	0.333687987532
96500	0.333705671672
96600	0.333706030462
96700	0.333723480331
96800	0.333700762408
96900	0.333658232725
97000	0.333660727353
97100	0.333666049039
97200	0.333710817665
97300	0.333715454416
97400	0.33365211607
97500	0.333622258717
97600	0.333616378757
97700	0.333571715759
97800	0.333536957214
97900	0.333533412471
98000	0.333468552081
98100	0.333441891342
98200	0.333482342392
98300	0.333474874986
98400	0.333521904351
98500	0.333524783129
98600	0.333478484746
98700	0.333550144468
98800	0.333512961705
98900	0.333485611331
99000	0.333447309425
99100	0.333462570654
99200	0.333444789061
99300	0.333472618385
99400	0.333439275833
99500	0.333480274005
99600	0.333467430225
99700	0.333427843396
99800	0.333447069203
99900	0.333403330376
100000	0.333373940839
100100	0.333379687489
100200	0.333331640493
100300	0.33332274066
100400	0.333337888395
100500	0.333358076465
100600	0.33339401685
100700	0.333417556059
100800	0.333407823105
100900	0.333348876478
101000	0.333301664566
101100	0.333221543628
101200	0.333218226106
101300	0.333203306073
101400	0.333225784832
101500	0.333250306995
101600	0.333219728117
101700	0.333200452016
101800	0.333175103381
101900	0.333183602797
102000	0.333188415817
102100	0.333191749688
102200	0.333195803818
102300	0.333174956952
102400	0.333193486692
102500	0.333194672448
102600	0.333237911882
102700	0.333227533113
102800	0.333143437002
102900	0.333119759009
103000	0.333128136655
103100	0.333179717041
103200	0.33316033643
103300	0.333168695541
103400	0.333167808329
103500	0.333177637276
103600	0.333199600681
103700	0.33320349093
103800	0.333177401369
103900	0.333134842246
104000	0.333149321793
104100	0.333172769142
104200	0.333138160394
104300	0.333167774971
104400	0.333170862546
104500	0.33312141636
104600	0.333101356048
104700	0.333124729626
104800	0.33313571285
104900	0.33314596657
105000	0.333123688997
105100	0.333139742961
105200	0.333183126282
105300	0.333187907808
105400	0.333232095864
105500	0.33322457888
105600	0.333167347846
105700	0.333146736896
105800	0.333116449942
105900	0.333116669405
106000	0.333081394977
106100	0.333062498807
106200	0.333009830738
106300	0.332993263435
106400	0.332989024158
106500	0.332987178686
106600	0.332949585838
106700	0.332924220513
106800	0.332955808169
106900	0.332920982476
107000	0.332942995183
107100	0.33293651314
107200	0.332891446351
107300	0.332925547601
107400	0.332939922163
107500	0.332966839113
107600	0.332989424144
107700	0.333008071482
107800	0.333005579139
107900	0.332973373049
108000	0.33295463299
108100	0.332919635195
108200	0.332894118666
108300	0.332893486406
108400	0.33289481665
108500	0.332895645467
108600	0.332901170678
108700	0.33292402561
108800	0.332903862392
108900	0.332925382018
109000	0.332922112033
109100	0.332927769945
109200	0.332942380972
109300	0.333002778612
109400	0.33300839858
109500	0.332967773481
109600	0.332949882001
109700	0.33297761759
109800	0.333008240127
109900	0.332946268198
110000	0.332907163221
110100	0.332881527051
110200	0.332888744946
110300	0.332886140688
110400	0.33284066484
110500	0.332838113293
110600	0.332848695763
110700	0.332861746104
110800	0.332826668459
110900	0.332844482498
111000	0.332845714464
111100	0.332859921936
111200	0.332873541565
111300	0.332915941615
111400	0.332902385154
111500	0.332912144875
111600	0.332870893143
111700	0.332842697166
111800	0.33280496404
111900	0.332832992778
112000	0.332830595617
112100	0.332814419457
112200	0.332835304384
112300	0.332836077885
112400	0.332796395329
112500	0.332769070587
112600	0.332755966465
112700	0.332751380588
112800	0.332744012228
112900	0.332735705387
113000	0.332730831958
113100	0.33276023499
113200	0.332793586412
113300	0.332736150078
113400	0.332723102116
113500	0.332670324763
113600	0.332667077503
113700	0.332620107796
113800	0.332652611394
113900	0.332647725811
114000	0.332645150778
114100	0.332647996714
114200	0.332659706218
114300	0.332631974697
114400	0.332597998161
114500	0.332603671033
114600	0.332590350935
114700	0.332632484513
114800	0.332634913863
114900	0.332633021951
115000	0.332629692559
115100	0.332703301836
115200	0.332707043575
115300	0.332699889355
115400	0.33271987962
115500	0.332699449848
115600	0.332707289509
115700	0.332674415686
115800	0.332664714887
115900	0.332702048817
116000	0.332707400574
116100	0.332758018039
116200	0.332778672699
116300	0.332730646908
116400	0.332722974183
116500	0.332735063207
116600	0.332713486487
116700	0.332770582437
116800	0.332741606171
116900	0.332716053507
117000	0.332693465324
117100	0.33270605177
117200	0.332691788988
117300	0.332697613089
117400	0.332703162722
117500	0.33272160344
117600	0.332732458599
117700	0.332752527579
117800	0.332752935756
117900	0.332815650586
118000	0.332813042861
118100	0.332835584136
118200	0.332845671438
118300	0.332866445119
118400	0.332900699094
118500	0.332875472385
118600	0.332824041738
118700	0.332863725338
118800	0.332847115972
118900	0.332902765074
119000	0.332885806278
119100	0.332861357376
119200	0.332881074394
119300	0.332845800504
119400	0.332875025253
119500	0.332877602161
119600	0.332884539007
119700	0.3328983416
119800	0.332898703638
119900	0.332916505986
120000	0.332957107317
120100	0.3329398929
120200	0.33296008448
120300	0.332994463576
120400	0.333008093953
120500	0.333014554877
120600	0.333015804982
120700	0.333047220001
120800	0.333099254682
120900	0.333076040248
121000	0.33307230872
121100	0.333062959332
121200	0.333055220399
121300	0.333015959154
121400	0.333019614205
121500	0.333023265679
121600	0.333010060142
121700	0.333022569377
121800	0.333055672934
121900	0.333030870308
122000	0.333001622297
122100	0.333011778953
122200	0.332993959585
122300	0.333005283013
122400	0.333003812747
122500	0.332978007536
122600	0.332949951417
122700	0.332999474355
122800	0.33303186845
122900	0.333043341599
123000	0.333053911094
123100	0.333058520889
123200	0.333053324522
123300	0.3330703917
123400	0.33312032549
123500	0.333126843691
123600	0.333132235919
123700	0.333110619819
123800	0.333091636838
123900	0.333062718341
124000	0.33303812553
124100	0.333017123951
124200	0.333044838237
124300	0.333053042079
124400	0.333017627235
124500	0.333035624167
124600	0.333024666258
124700	0.333006153432
124800	0.332993293201
124900	0.333018811549
125000	0.332995883735
125100	0.332997249551
125200	0.332974489535
125300	0.332981497769
125400	0.333012769941
125500	0.332959817807
125600	0.332937751502
125700	0.332948997895
125800	0.332910053805
125900	0.332877407926
126000	0.332852150665
126100	0.332847091123
126200	0.332861650394
126300	0.332865458244
126400	0.332911886984
126500	0.332901200721
126600	0.332903024553
126700	0.332865034413
126800	0.332843722934
126900	0.332859025578
127000	0.332862975558
127100	0.332845551225
127200	0.332844258488
127300	0.332808508849
127400	0.332836901881
127500	0.332865121224
127600	0.332867384868
127700	0.3328597654
127800	0.33284971261
127900	0.332882398753
128000	0.332859163726
128100	0.332867625712
128200	0.332835537675
128300	0.332823581779
128400	0.332822116748
128500	0.33286048011
128600	0.332864917684
128700	0.332894942992
128800	0.332913193218
128900	0.3329304878
129000	0.332954231206
129100	0.332976135043
129200	0.332981683736
129300	0.332987747649
129400	0.333022447345
129500	0.332998809093
129600	0.3330167289
129700	0.332981594073
129800	0.332986190793
129900	0.332983283758
130000	0.332972779741
130100	0.332997428356
130200	0.33297602372
130300	0.333017358514
130400	0.333022812211
130500	0.332997299174
130600	0.332972449547
130700	0.333007454186
130800	0.333003528892
130900	0.333016750012
131000	0.333018844099
131100	0.333003303707
131200	0.332985559522
131300	0.332985048583
131400	0.33302204829
131500	0.332996406003
131600	0.33301171106
131700	0.332967938426
131800	0.332979184671
131900	0.332966133464
132000	0.332945232296
132100	0.332925959222
132200	0.332895278519
132300	0.332872541768
132400	0.332880656201
132500	0.332836003371
132600	0.332813227648
132700	0.332850794509
132800	0.332807760699
132900	0.332836803246
133000	0.332832989183
133100	0.332811961668
133200	0.33278570087
133300	0.332755742429
133400	0.332716515893
133500	0.332736911176
133600	0.332731685465
133700	0.332710482359
133800	0.332702837675
133900	0.33270237265
134000	0.33267143768
134100	0.332666998541
134200	0.332673185395
134300	0.332648650979
134400	0.332629874019
134500	0.332614662873
134600	0.332639043127
134700	0.332646969359
134800	0.332660853192
134900	0.332643086739
135000	0.33261607597
135100	0.332594970364
135200	0.332595417904
135300	0.332604386009
135400	0.332605282903
135500	0.332597894927
135600	0.332613524102
135700	0.332627444362
135800	0.332621875419
135900	0.332608799574
136000	0.332605610092
136100	0.332603798272
136200	0.332567346746
136300	0.33254023101
136400	0.332565111694
136500	0.332564518184
136600	0.3325785319
136700	0.332571308836
136800	0.332573199844
136900	0.332574933598
137000	0.332591427443
137100	0.332580322683
137200	0.332563742181
137300	0.332572233888
137400	0.332559556551
137500	0.33261755315
137600	0.332601606872
137700	0.332573516811
137800	0.332565136103
137900	0.332606051086
138000	0.332551377078
138100	0.332558251146
138200	0.332611075498
138300	0.332604726538
138400	0.33260324526
138500	0.332640854506
138600	0.332608408384
138700	0.332584339951
138800	0.332594186618
138900	0.332599383874
139000	0.332608043359
139100	0.33261173451
139200	0.332607678607
139300	0.332597132212
139400	0.332616021527
139500	0.332602319206
139600	0.332614175839
139700	0.33262085443
139800	0.332622508235
139900	0.332635898953
140000	0.332644631602
140100	0.332648334891
140200	0.332658603506
140300	0.332623665867
140400	0.332633749801
140500	0.332644297831
140600	0.332629524818
140700	0.332619670438
140800	0.332646576434
140900	0.332658501194
141000	0.332636748585
141100	0.332600472677
141200	0.332592292651
141300	0.332570058187
141400	0.332570424238
141500	0.33257222252
141600	0.332602178615
141700	0.332581966088
141800	0.33255799631
141900	0.332548099447
142000	0.332583337145
142100	0.332558246278
142200	0.332532242533
142300	0.332528545391
142400	0.332516378599
142500	0.33250084366
142600	0.332482330169
142700	0.332469885596
142800	0.332429761701
142900	0.332433506114
143000	0.332447048771
143100	0.332482618551
143200	0.332511074655
143300	0.332495125443
143400	0.332476189893
143500	0.332478268694
143600	0.332447848191
143700	0.332445263655
143800	0.332441027921
143900	0.332437704145
144000	0.332419412853
144100	0.332422865324
144200	0.332429083202
144300	0.332443655627
144400	0.33242934463
144500	0.332428906918
144600	0.332418916426
144700	0.332412058984
144800	0.332409460252
144900	0.332392348659
145000	0.332371528341
145100	0.332357985709
145200	0.332340859883
145300	0.332363012123
145400	0.3323882586
145500	0.33240115718
145600	0.332386247072
145700	0.332391673152
145800	0.332404721979
145900	0.332386324965
146000	0.332400354833
146100	0.332417556528
146200	0.332432363647
146300	0.332434113982
146400	0.332435280512
146500	0.332460422356
146600	0.33245958829
146700	0.332463219158
146800	0.332455249231
146900	0.332472042669
147000	0.332445752211
147100	0.332467447237
147200	0.332445906984
147300	0.332455883279
147400	0.332446079897
147500	0.332433852163
147600	0.332444497303
147700	0.332443537603
147800	0.332436765161
147900	0.332456169784
148000	0.332421336624
148100	0.332444372186
148200	0.332426437949
148300	0.332437270274
148400	0.332401049222
148500	0.332410494323
148600	0.33239575221
148700	0.332396409884
148800	0.332411360731
148900	0.332429002476
149000	0.332422253225
149100	0.332427929694
149200	0.332375808109
149300	0.332367507754
149400	0.332380406728
149500	0.332377945437
149600	0.332394806507
149700	0.332374829297
149800	0.332377912653
149900	0.33239008267
150000	0.33237270591
150100	0.332346801557
150200	0.332340034996
150300	0.332352887249
150400	0.332370463826
150500	0.332418424047
150600	0.33241830021
150700	0.332432632726
150800	0.332414846812
150900	0.332403962905
151000	0.332383137811
151100	0.332371827695
151200	0.332344278065
151300	0.332333916388
151400	0.332310496781
151500	0.332307611246
151600	0.332327342414
151700	0.332361517522
151800	0.332408833163
151900	0.332416792279
152000	0.332424484677
152100	0.332434614126
152200	0.33241939811
152300	0.332421009356
152400	0.332392967035
152500	0.332370941056
152600	0.332363263529
152700	0.332360639045
152800	0.332340513259
152900	0.332314928003
153000	0.332315987962
153100	0.332293976287
153200	0.332277324171
153300	0.33224154787
153400	0.332253249276
153500	0.332271848909
153600	0.332292049746
153700	0.332293972703
153800	0.332257200956
153900	0.332253664768
154000	0.332283361998
154100	0.332255784527
154200	0.332234192453
154300	0.332213155213
154400	0.332200078864
154500	0.332211666252
154600	0.332232893487
154700	0.332264016664
154800	0.33226035149
154900	0.332271109745
155000	0.332266338779
155100	0.332298231376
155200	0.332287568228
155300	0.332270904803
155400	0.332239572262
155500	0.332254498193
155600	0.332251511804
155700	0.33223763303
155800	0.332292078395
155900	0.332296826573
156000	0.33230342792
156100	0.332288731779
156200	0.332258129777
156300	0.33225665744
156400	0.332248584851
156500	0.332244587468
156600	0.33222558297
156700	0.332240945657
156800	0.332270653834
156900	0.332270952517
157000	0.332256486278
157100	0.332242074413
157200	0.332240894932
157300	0.332237444763
157400	0.332274964094
157500	0.332272821199
157600	0.332269000406
157700	0.332282799753
157800	0.332261110412
157900	0.332270797997
158000	0.332310746281
158100	0.332310117076
158200	0.332311077871
158300	0.332307828447
158400	0.332284098737
158500	0.332304631919
158600	0.332308624983
158700	0.332290596383
158800	0.332293651275
158900	0.332281359582
159000	0.33226219903
159100	0.332278247702
159200	0.332283837129
159300	0.332263089367
159400	0.332248136669
159500	0.332230604188
159600	0.332244744713
159700	0.332249759007
159800	0.332245479547
159900	0.332231788401
160000	0.332244596434
160100	0.332227765674
160200	0.332237828436
160300	0.332214345268
160400	0.332224395987
160500	0.332229611363
160600	0.332216160627
160700	0.332201547252
160800	0.332213438338
160900	0.332173327843
161000	0.332170821036
161100	0.332174832732
161200	0.332182587785
161300	0.332178456584
161400	0.332169691635
161500	0.332159387059
161600	0.332175703781
161700	0.332168039688
161800	0.332176780619
161900	0.332201813344
162000	0.332199027149
162100	0.332173722039
162200	0.332170783154
162300	0.332169374564
162400	0.332169672794
162500	0.332172198192
162600	0.332165545574
162700	0.33217455559
162800	0.332154314949
162900	0.332156881631
163000	0.332178007605
163100	0.332200527698
163200	0.332186881558
163300	0.332183613715
163400	0.33219183542
163500	0.332186364509
163600	0.33219018144
163700	0.332170240014
163800	0.332192685596
163900	0.332167560107
164000	0.33213772299
164100	0.332116777333
164200	0.332122856585
164300	0.332115168124
164400	0.332135408603
164500	0.332148631322
164600	0.332195768262
164700	0.332201941022
164800	0.332176887358
164900	0.332188315118
165000	0.332171782556
165100	0.33219458881
165200	0.332214419285
165300	0.332234182415
165400	0.332240974254
165500	0.332249095708
165600	0.332241320767
165700	0.332257736977
165800	0.332244726586
165900	0.332257058451
166000	0.332252261442
166100	0.332287657279
166200	0.332272457033
166300	0.332290170837
166400	0.332271568864
166500	0.332259759289
166600	0.332250851775
166700	0.332263475569
166800	0.332280933385
166900	0.33223912167
167000	0.332240681308
167100	0.332250910259
167200	0.332245597976
167300	0.332265617334
167400	0.332276807883
167500	0.332249726048
167600	0.332251509239
167700	0.332250305926
167800	0.332241616233
167900	0.332254696635
168000	0.332299806846
168100	0.332302731812
168200	0.332310175758
168300	0.332292569109
168400	0.332280249517
168500	0.332256181533
168600	0.332265996864
168700	0.332265148039
168800	0.332275953263
168900	0.332292982831
169000	0.332311527876
169100	0.33228206242
169200	0.332261247315
169300	0.332267557456
169400	0.332248733814
169500	0.332256876724
169600	0.332267755916
169700	0.332303055299
169800	0.332292910545
169900	0.332293434861
170000	0.33233465504
170100	0.332311027352
170200	0.332350856168
170300	0.332354627979
170400	0.332350000189
170500	0.332356457301
170600	0.332353291001
170700	0.33234467414
170800	0.332359487057
170900	0.332341568727
171000	0.332314837035
171100	0.332294998254
171200	0.332310034318
171300	0.332293724476
171400	0.332298149898
171500	0.332276576559
171600	0.332260027453
171700	0.33226071076
171800	0.332260489768
171900	0.332241054111
172000	0.332203452559
172100	0.332227729411
172200	0.332220855127
172300	0.332202882749
172400	0.332206528066
172500	0.332208314931
172600	0.332179535579
172700	0.332160813498
172800	0.332186776223
172900	0.332207352554
173000	0.332205434042
173100	0.33220857027
173200	0.332201536771
173300	0.332194453869
173400	0.33218927073
173500	0.332209965798
173600	0.332219932916
173700	0.332243138924
173800	0.332238027628
173900	0.332237827072
174000	0.332241222663
174100	0.332270684187
174200	0.332246615334
174300	0.332248453948
174400	0.332238399046
174500	0.332226899792
174600	0.33221759137
174700	0.332265667159
174800	0.332295139232
174900	0.332289149785
175000	0.332299540442
175100	0.332304130145
175200	0.332316179398
175300	0.33232610941
175400	0.332320061869
175500	0.332320586555
175600	0.332285728325
175700	0.332254911177
175800	0.332253558304
175900	0.332260061608
176000	0.33224745153
176100	0.332275688948
176200	0.332267927028
176300	0.332262434594
176400	0.332255026439
176500	0.332263176549
176600	0.332285722362
176700	0.332264937649
176800	0.332268754428
176900	0.332302683775
177000	0.332311233118
177100	0.332327391226
177200	0.332337803232
177300	0.332323087787
177400	0.332335453621
177500	0.332319092192
177600	0.33230658274
177700	0.332332716485
177800	0.332341179942
177900	0.332338624967
178000	0.332341547735
178100	0.332365913213
178200	0.332362263765
178300	0.332387664709
178400	0.332402937443
178500	0.332385918413
178600	0.33235516949
178700	0.332376614878
178800	0.332382676717
178900	0.332398509907
179000	0.332388905531
179100	0.332371520891
179200	0.332385625277
179300	0.332386962334
179400	0.332387266691
179500	0.332365648907
179600	0.33233192139
179700	0.332325536013
179800	0.332323471384
179900	0.332337106807
180000	0.332339042793
180100	0.332312186987
180200	0.332312183502
180300	0.332306372189
180400	0.332300512397
180500	0.332292764298
180600	0.332298237633
180700	0.332305047434
180800	0.332289892499
180900	0.33228504081
181000	0.332307047582
181100	0.332245434869
181200	0.332249532257
181300	0.332256854637
181400	0.332248666414
181500	0.332239954324
181600	0.332249583149
181700	0.332271280246
181800	0.332259579124
181900	0.332243769594
182000	0.332233645768
182100	0.332258502244
182200	0.332286342137
182300	0.332299056507
182400	0.332294223954
182500	0.332306847189
182600	0.332289966249
182700	0.332297457296
182800	0.332319385162
182900	0.332295896536
183000	0.332319831625
183100	0.332339805993
183200	0.332354847532
183300	0.332366062885
183400	0.332355830514
183500	0.332341379822
183600	0.332349278676
183700	0.332352574386
183800	0.332338177596
183900	0.332315571746
184000	0.332289459133
184100	0.332292237362
184200	0.332310794628
184300	0.332304309012
184400	0.332308279744
184500	0.332315743156
184600	0.332314235508
184700	0.332306757479
184800	0.332291909874
184900	0.332323801665
185000	0.33231117914
185100	0.332305024438
185200	0.332295122323
185300	0.332288731865
185400	0.332275273246
185500	0.332281401395
185600	0.332286825723
185700	0.332269161708
185800	0.332281816712
185900	0.332263416996
186000	0.332279549616
186100	0.332290257691
186200	0.332289304751
186300	0.332298386137
186400	0.332293730943
186500	0.332311269905
186600	0.332311427997
186700	0.332292622978
186800	0.332296823627
186900	0.332319191025
187000	0.332334895998
187100	0.332349895622
187200	0.332349272849
187300	0.332348813264
187400	0.33233131108
187500	0.332315020946
187600	0.332332609927
187700	0.332339402669
187800	0.332357339515
187900	0.332340283921
188000	0.332336651067
188100	0.332310894743
188200	0.332277126873
188300	0.332257810845
188400	0.332258969456
188500	0.332250086943
188600	0.332269200229
188700	0.332263952999
188800	0.332266245279
188900	0.332287011664
189000	0.332283161043
189100	0.332302218744
189200	0.332302123811
189300	0.332305762269
189400	0.332268448591
189500	0.33229024191
189600	0.332278577695
189700	0.332268076135
189800	0.332265905447
189900	0.332251641912
190000	0.332252561274
190100	0.3322406728
190200	0.332230648545
190300	0.33223368715
190400	0.332202327225
190500	0.332234383678
190600	0.332219590501
190700	0.33222356392
190800	0.332236583865
190900	0.332226972691
191000	0.332226699844
191100	0.332226402728
191200	0.332208083092
191300	0.332217499392
191400	0.33219091419
191500	0.332201163433
191600	0.332194520221
191700	0.332183872406
191800	0.332187991981
191900	0.332200278632
192000	0.332182008905
192100	0.332166852074
192200	0.332171585602
192300	0.33217369603
192400	0.332192499571
192500	0.33217703725
192600	0.332176233257
192700	0.332184421609
192800	0.33218961407
192900	0.332191042091
193000	0.332166797964
193100	0.332163774512
193200	0.332166087812
193300	0.332158894102
193400	0.332142802137
193500	0.332141359783
193600	0.332127908945
193700	0.332134270488
193800	0.332135479924
193900	0.332117360805
194000	0.332144004438
194100	0.332138345365
194200	0.332131629213
194300	0.332125775593
194400	0.33211442173
194500	0.332106826904
194600	0.332107839111
194700	0.332140974597
194800	0.332184126393
194900	0.332203966206
195000	0.33217404524
195100	0.33216497704
195200	0.332147223381
195300	0.332135449685
195400	0.332124950392
195500	0.332139710863
195600	0.33214425852
195700	0.332159396368
195800	0.332166269336
195900	0.332192781061
196000	0.332210023424
196100	0.332222024158
196200	0.332247433969
196300	0.332249937384
196400	0.332268513422
196500	0.332275322112
196600	0.332260878344
196700	0.332266339888
196800	0.332267512641
196900	0.332249787708
197000	0.332232511343
197100	0.33222845186
197200	0.332257538244
197300	0.332250467883
197400	0.332226719704
197500	0.332254342949
197600	0.332264908745
197700	0.33225795203
197800	0.332226559381
197900	0.33222415384
198000	0.332209718545
198100	0.332182216486
198200	0.332188159546
198300	0.332175363557
198400	0.332192384215
198500	0.332205221323
198600	0.332210766737
198700	0.3322054321
198800	0.332224949106
198900	0.332243359108
199000	0.332243215997
199100	0.332260719253
199200	0.332275223726
199300	0.332261423775
199400	0.332239858009
199500	0.332237991886
199600	0.33221082134
199700	0.332186464555
199800	0.332184039436
199900	0.332201343573
200000	0.332192531478
200100	0.332181310677
200200	0.332168956765
200300	0.332162205902
200400	0.332157117275
200500	0.332185276062
200600	0.332197925779
200700	0.332188865975
200800	0.332198079813
200900	0.332180327484
201000	0.332179471535
201100	0.332197763519
201200	0.332184579442
201300	0.33219049963
201400	0.332213912928
201500	0.33219689494
201600	0.332216615222
201700	0.332210469494
201800	0.332204606331
201900	0.332189479417
202000	0.332184111061
202100	0.332184984043
202200	0.332192770038
202300	0.33217138718
202400	0.332175232307
202500	0.332146481306
202600	0.332179209306
202700	0.332169761411
202800	0.332169103527
202900	0.332191470553
203000	0.332207839168
203100	0.332198831558
203200	0.332222027461
203300	0.332211188154
203400	0.332219492907
203500	0.332208004856
203600	0.332226433944
203700	0.332255596749
203800	0.332265779384
203900	0.332268849632
204000	0.332257547842
204100	0.332246512836
204200	0.332216436041
204300	0.332241023758
204400	0.332232238826
204500	0.332251869338
204600	0.332242799349
204700	0.33224014463
204800	0.332273829028
204900	0.332267525535
205000	0.332272703145
205100	0.332294680981
205200	0.332301224563
205300	0.33230355664
205400	0.332293357306
205500	0.332294606726
205600	0.332304684305
205700	0.332302706527
205800	0.332330255
205900	0.332315925625
206000	0.332360387757
206100	0.332357125219
206200	0.332360765852
206300	0.332343888215
206400	0.33232672046
206500	0.332354733235
206600	0.332362595688
206700	0.332348063043
206800	0.332344536999
206900	0.332355088137
207000	0.33236277091
207100	0.332362217505
207200	0.3323910453
207300	0.332413928275
207400	0.332395509928
207500	0.332382304015
207600	0.332403859244
207700	0.332392366111
207800	0.332390534538
207900	0.3323760749
208000	0.33238677073
208100	0.332388232656
208200	0.332400859894
208300	0.332408972043
208400	0.332386116224
208500	0.332382838761
208600	0.33238136031
208700	0.33238011257
208800	0.332384688523
208900	0.332371800495
209000	0.332382990272
209100	0.33236088612
209200	0.332367069102
209300	0.332375867217
209400	0.332352288206
209500	0.332347929455
209600	0.332357326344
209700	0.332368107476
209800	0.332354759405
209900	0.332361091835
210000	0.332350087842
210100	0.332342851537
210200	0.332345259701
210300	0.332350733178
210400	0.332361133374
210500	0.332367538949
210600	0.3323794144
210700	0.332377482219
210800	0.332352800422
210900	0.33234917215
211000	0.332351083839
211100	0.332344307267
211200	0.332374451985
211300	0.332381630959
211400	0.332373403021
211500	0.332401765338
211600	0.332406311272
211700	0.332383052654
211800	0.332375390778
211900	0.332381178144
212000	0.332367267874
212100	0.332372795371
212200	0.332370961887
212300	0.332356556073
212400	0.33237162078
212500	0.332358799001
212600	0.332362772467
212700	0.332379876526
212800	0.332413493218
212900	0.332397688718
213000	0.332376731264
213100	0.33238220304
213200	0.332377533795
213300	0.332376601468
213400	0.332391931908
213500	0.332377675671
213600	0.332384356193
213700	0.332377654075
213800	0.332374409163
213900	0.332352967204
214000	0.332362747165
214100	0.332348256207
214200	0.332346786503
214300	0.332350979251
214400	0.332335571138
214500	0.332331567622
214600	0.332355667698
214700	0.332363645298
214800	0.332372390374
214900	0.332363104988
215000	0.332376265367
215100	0.332400675692
215200	0.332384152315
215300	0.332403673152
215400	0.332407936184
215500	0.3324024672
215600	0.332427514151
215700	0.332429046757
215800	0.332427558759
215900	0.332421588529
216000	0.332411484859
216100	0.332408359128
216200	0.332408669808
216300	0.332410302367
216400	0.332409939208
216500	0.332420036317
216600	0.33243097527
216700	0.332423534241
216800	0.332435631937
216900	0.332434945949
217000	0.332424011201
217100	0.332447006297
217200	0.3324382109
217300	0.332425750462
217400	0.332412974459
217500	0.332401476299
217600	0.332380392255
217700	0.332389055522
217800	0.332391554832
217900	0.332396059805
218000	0.332381524793
218100	0.332364282157
218200	0.332361851067
218300	0.332355992629
218400	0.332363414541
218500	0.332357593735
218600	0.332374628709
218700	0.332368404574
218800	0.332380823752
218900	0.33236539543
219000	0.33235559892
219100	0.332339301244
219200	0.332332406119
219300	0.332331825013
219400	0.332316054974
219500	0.332307297373
219600	0.332296716779
219700	0.332314467136
219800	0.332312098229
219900	0.332297675955
220000	0.332297830837
220100	0.332315714801
220200	0.332317553172
220300	0.332303806104
220400	0.332317756963
220500	0.332316817668
220600	0.332315423719
220700	0.332310099455
220800	0.332319619351
220900	0.332307623887
221000	0.332308951857
221100	0.332319421783
221200	0.332323051857
221300	0.332299403395
221400	0.332304376306
221500	0.33228375186
221600	0.33227839394
221700	0.332284013643
221800	0.332274261299
221900	0.332294161009
222000	0.332304437189
222100	0.332289113786
222200	0.33228037116
222300	0.332288696915
222400	0.332296318665
222500	0.332302036717
222600	0.332291443191
222700	0.332294429297
222800	0.332303927567
222900	0.332316004981
223000	0.332320641376
223100	0.332316123591
223200	0.332325524874
223300	0.332324260627
223400	0.332335624381
223500	0.332326217204
223600	0.332330049233
223700	0.332340699743
223800	0.332344601992
223900	0.332361721773
224000	0.33234323641
224100	0.332350607394
224200	0.332338539438
224300	0.332335052775
224400	0.332328879116
224500	0.332360148192
224600	0.332376923371
224700	0.332394568347
224800	0.332386521858
224900	0.332375446519
225000	0.332373818796
225100	0.332357531037
225200	0.332343800793
225300	0.33234285387
225400	0.332318236179
225500	0.332326500655
225600	0.332320147897
225700	0.332324316406
225800	0.332319227723
225900	0.332332445747
226000	0.332309885644
226100	0.3323061454
226200	0.332301009389
226300	0.332308579667
226400	0.332341205396
226500	0.332347377672
226600	0.33233058378
226700	0.332329091793
226800	0.332321178744
226900	0.33234505822
227000	0.33234134132
227100	0.332318135364
227200	0.332320364253
227300	0.332309911783
227400	0.332311160391
227500	0.332305127296
227600	0.33231661832
227700	0.332310734142
227800	0.332309339757
227900	0.332319277947
228000	0.332309562281
228100	0.332298435527
228200	0.332286425965
228300	0.332304021951
228400	0.332314642536
228500	0.332301949644
228600	0.332292327256
228700	0.33229752324
228800	0.332291016075
228900	0.332275218968
229000	0.332280277077
229100	0.332296101373
229200	0.332288698842
229300	0.332294554895
229400	0.332300609955
229500	0.332326379808
229600	0.33234706033
229700	0.332334064687
229800	0.332351626891
229900	0.33232365448
230000	0.332346881387
230100	0.332350703188
230200	0.332375738992
230300	0.332359506106
230400	0.332353526395
230500	0.332361371857
230600	0.332355745028
230700	0.332373214785
230800	0.332385154229
230900	0.332395846008
231000	0.332387801954
231100	0.332405786439
231200	0.332409802016
231300	0.332381611959
231400	0.33238905937
231500	0.332373856652
231600	0.332378084558
231700	0.33237736161
231800	0.332384424556
231900	0.332372238076
232000	0.332372549744
232100	0.332383044479
232200	0.332380358241
232300	0.33239636786
232400	0.332408363412
232500	0.332416675059
232600	0.33239749594
232700	0.332399674924
232800	0.332402565451
232900	0.332397329604
233000	0.332379296697
233100	0.332370687953
233200	0.332377386172
233300	0.332373956084
233400	0.332350104785
233500	0.332356633208
233600	0.332367225017
233700	0.332350777535
233800	0.332350787281
233900	0.332358161304
234000	0.332348752048
234100	0.332362950378
234200	0.332362406388
234300	0.33236233846
234400	0.332359520202
234500	0.332353379822
234600	0.332349647814
234700	0.332340451759
234800	0.33235473408
234900	0.332348408623
235000	0.332357931281
235100	0.332347278108
235200	0.332343416924
235300	0.332343561784
235400	0.332358082185
235500	0.332359734389
235600	0.332346185642
235700	0.332342371543
235800	0.332325874926
235900	0.332316256601
236000	0.332313795029
236100	0.332315685672
236200	0.33230448923
236300	0.332317401328
236400	0.332324023247
236500	0.332323488057
236600	0.332315418439
236700	0.332320071306
236800	0.332324862362
236900	0.332299583878
237000	0.33231372799
237100	0.332328619604
237200	0.332330486254
237300	0.332368988198
237400	0.332384445911
237500	0.332376272002
237600	0.332359696229
237700	0.332352228258
237800	0.332356376449
237900	0.332361453622
238000	0.332383687391
238100	0.332384087979
238200	0.332410723708
238300	0.332386590001
238400	0.332388034112
238500	0.332383601805
238600	0.332371486578
238700	0.332375721423
238800	0.332392502102
238900	0.332402609015
239000	0.332403595293
239100	0.332397208728
239200	0.33237671875
239300	0.332379662238
239400	0.332385453658
239500	0.332389709804
239600	0.332389665848
239700	0.332383193743
239800	0.332384716255
239900	0.332397347982
240000	0.332391531128
240100	0.332405778424
240200	0.332419741637
240300	0.332430436948
240400	0.332441672802
240500	0.332436649263
240600	0.33243561344
240700	0.332453292832
240800	0.332434642596
240900	0.332436168958
241000	0.332415237154
241100	0.332399192238
241200	0.332405944763
241300	0.332409981819
241400	0.332426320371
241500	0.332433688452
241600	0.332431907836
241700	0.332434605653
241800	0.332426679536
241900	0.332418347504
242000	0.332423257598
242100	0.332440680153
242200	0.332437042273
242300	0.332449021634
242400	0.33243840854
242500	0.332450884795
242600	0.332452728676
242700	0.332447522137
242800	0.332448327313
242900	0.332444202194
243000	0.332433932553
243100	0.332430752984
243200	0.332472025101
243300	0.332443105052
243400	0.332434233104
243500	0.332429039864
243600	0.332427053688
243700	0.332425295397
243800	0.332427949895
243900	0.332437475582
244000	0.332461422122
244100	0.332478526857
244200	0.332475297143
244300	0.332470948642
244400	0.332458978915
244500	0.332449221667
244600	0.332455072398
244700	0.332449060133
244800	0.332451091275
244900	0.332453389276
245000	0.332464998157
245100	0.332456995443
245200	0.332484889533
245300	0.332489699892
245400	0.332507835275
245500	0.332512011932
245600	0.332510727469
245700	0.332510601968
245800	0.332502526125
245900	0.332486669421
246000	0.332498523332
246100	0.332466612857
246200	0.33249230211
246300	0.332485008686
246400	0.332480059477
246500	0.332474662887
246600	0.332471889771
246700	0.332472665806
246800	0.33247521012
246900	0.332474898635
247000	0.332483281337
247100	0.332487037605
247200	0.33250945036
247300	0.332518510864
247400	0.33250470409
247500	0.332525489865
247600	0.332529773419
247700	0.332525724702
247800	0.33251224216
247900	0.332511824085
248000	0.332501665586
248100	0.332492892041
248200	0.33249596237
248300	0.332498621617
248400	0.33250854736
248500	0.332502462347
248600	0.332507430152
248700	0.332512229957
248800	0.332521543096
248900	0.332509729382
249000	0.332510480907
249100	0.332493480908
249200	0.3324868896
249300	0.332483902185
249400	0.332482031265
249500	0.332486275933
249600	0.332477049494
249700	0.332473980404
249800	0.332482748681
249900	0.332490959786
250000	0.332474584206
250100	0.332482099845
250200	0.332474218995
250300	0.332474084974
250400	0.332454547503
250500	0.332444628635
250600	0.332424092547
250700	0.332417496117
250800	0.332446912064
250900	0.332463594956
251000	0.332467820876
251100	0.332460514056
251200	0.332478787149
251300	0.332477241652
251400	0.33247211192
251500	0.332460829605
251600	0.332441233056
251700	0.33245086118
251800	0.332432117587
251900	0.332428141336
252000	0.332419037078
252100	0.332414350083
252200	0.332407106259
252300	0.332411092719
252400	0.332399183595
252500	0.332388766715
252600	0.332403040501
252700	0.332410575629
252800	0.332425975009
252900	0.332420970337
253000	0.332410534175
253100	0.332402786962
253200	0.332399477388
253300	0.332396705363
253400	0.332387656699
253500	0.332380684711
253600	0.332385565851
253700	0.332398641097
253800	0.332410773249
253900	0.332406464001
254000	0.332387096645
254100	0.332389822636
254200	0.332370626428
254300	0.332366790188
254400	0.332353885349
254500	0.332352259529
254600	0.332357476933
254700	0.33234673315
254800	0.332366055402
254900	0.332361431308
255000	0.332362615832
255100	0.332358080709
255200	0.332358838183
255300	0.332351430663
255400	0.332360665691
255500	0.332339916845
255600	0.332324839485
255700	0.332339476374
255800	0.332335716705
255900	0.332341578904
256000	0.332347473428
256100	0.332349118252
256200	0.332340512524
256300	0.332337235377
256400	0.33233686541
256500	0.332337841289
256600	0.33235349445
256700	0.332364211634
256800	0.332373254809
256900	0.33238779691
257000	0.332372335682
257100	0.332366246059
257200	0.332355918765
257300	0.332350674198
257400	0.332374238447
257500	0.332374987185
257600	0.332371846511
257700	0.332364774438
257800	0.332373502265
257900	0.332362661752
258000	0.332372537665
258100	0.332369308931
258200	0.332346929132
258300	0.332369283772
258400	0.332369760392
258500	0.332371116901
258600	0.332370018219
258700	0.332362230174
258800	0.332348687073
258900	0.332361149039
259000	0.332379931049
259100	0.332406512963
259200	0.332405625648
259300	0.332410140799
259400	0.332397865285
259500	0.332396890643
259600	0.332411764049
259700	0.332413093769
259800	0.332435629228
259900	0.332423898746
260000	0.332429200134
260100	0.332445863883
260200	0.332446031895
260300	0.332452316977
260400	0.332459990892
260500	0.332456598973
260600	0.332475632906
260700	0.332471145638
260800	0.332481548973
260900	0.332496278172
261000	0.332486136957
261100	0.332493088479
261200	0.332502540505
261300	0.332493681693
261400	0.332507931437
261500	0.332504763507
261600	0.332510525953
261700	0.332497410352
261800	0.332501904837
261900	0.332510581698
262000	0.332505940386
262100	0.332494182712
262200	0.332496775186
262300	0.332495575752
262400	0.332490362867
262500	0.332500523523
262600	0.332508393655
262700	0.332520774105
262800	0.3325324912
262900	0.332532237888
263000	0.332559813291
263100	0.332554429368
263200	0.332566902119
263300	0.332594620907
263400	0.332594878958
263500	0.33257942849
263600	0.332581558442
263700	0.332578895433
263800	0.332570888384
263900	0.332577973998
264000	0.332586821084
264100	0.332573088634
264200	0.33258108804
264300	0.332593648307
264400	0.332590089423
264500	0.332577760716
264600	0.332576300307
264700	0.332593093116
264800	0.33259138788
264900	0.332580362398
265000	0.332589315773
265100	0.332583957713
265200	0.332569065093
265300	0.332576166664
265400	0.332561408609
265500	0.332548998663
265600	0.332547984945
265700	0.332532875705
265800	0.33254023348
265900	0.332542880761
266000	0.332560060993
266100	0.332553163076
266200	0.332540811287
266300	0.332556177037
266400	0.332552389096
266500	0.332545645773
266600	0.332540250203
266700	0.332541167924
266800	0.332527996361
266900	0.332521415117
267000	0.332535868071
267100	0.33253186634
267200	0.332508098718
267300	0.332497994746
267400	0.332494157862
267500	0.332501303779
267600	0.332508711916
267700	0.332504885115
267800	0.332511750074
267900	0.332524785421
268000	0.332511715567
268100	0.33251854834
268200	0.332514648597
268300	0.332510278835
268400	0.332512484891
268500	0.332505990354
268600	0.332512037003
268700	0.332511552234
268800	0.332507871884
268900	0.332506889289
269000	0.332510557032
269100	0.332518032847
269200	0.332509245486
269300	0.332517166358
269400	0.332514465904
269500	0.332510354128
269600	0.332504707646
269700	0.332498248252
269800	0.332521117085
269900	0.332507976294
270000	0.332509374089
270100	0.332505224942
270200	0.332498043019
270300	0.332483532546
270400	0.332490590214
270500	0.332496413301
270600	0.332496650145
270700	0.332493985551
270800	0.332494552809
270900	0.332475859737
271000	0.332479798151
271100	0.332482999833
271200	0.332479209477
271300	0.332481492442
271400	0.332488558346
271500	0.33247595532
271600	0.33246517715
271700	0.332459394579
271800	0.332456731168
271900	0.332477069913
272000	0.33248692716
272100	0.332481346162
272200	0.332487843976
272300	0.332468012904
272400	0.332454303795
272500	0.332436188538
272600	0.33243024651
272700	0.332431464112
272800	0.332415178865
272900	0.332428395919
273000	0.3324338519
273100	0.332434230093
273200	0.332442098122
273300	0.332457830274
273400	0.332454430066
273500	0.332455826996
273600	0.332465955472
273700	0.332467930214
273800	0.332467637478
273900	0.332458961896
274000	0.332457793974
274100	0.332453333547
274200	0.332445508336
274300	0.332431802739
274400	0.332447172103
274500	0.332435663176
274600	0.332424484736
274700	0.332413567595
274800	0.332425363352
274900	0.332422036348
275000	0.332413457911
275100	0.332406934942
275200	0.332409141976
275300	0.332399486168
275400	0.332399432246
275500	0.332397897292
275600	0.33239216808
275700	0.332384654185
275800	0.332377696459
275900	0.33239185424
276000	0.332390677962
276100	0.332402952573
276200	0.332391919797
276300	0.332407364998
276400	0.332416566987
276500	0.332415379005
276600	0.332414142569
276700	0.332421574741
276800	0.332426261266
276900	0.332430394975
277000	0.332435843853
277100	0.332433167976
277200	0.332433915102
277300	0.332453873708
277400	0.332455941288
277500	0.332450159787
277600	0.332463733635
277700	0.332471873163
277800	0.332474957182
277900	0.332460615781
278000	0.332478786381
278100	0.33248360152
278200	0.332488353727
278300	0.332477006504
278400	0.332483242207
278500	0.332486266108
278600	0.332480094237
278700	0.332472686787
278800	0.332467277088
278900	0.332461883283
279000	0.332455139123
279100	0.332432814376
279200	0.332447867624
279300	0.332462075087
279400	0.332474588011
279500	0.332485335963
279600	0.332474997552
279700	0.332487547937
279800	0.33248512725
279900	0.332473450722
280000	0.332470832063
280100	0.332456735936
280200	0.332477123831
280300	0.332483888759
280400	0.33247788743
280500	0.332478221089
280600	0.332469097964
280700	0.33247177571
280800	0.332479704793
280900	0.332481480433
281000	0.332489801195
281100	0.332474946555
281200	0.332485819143
281300	0.332490162208
281400	0.332492574434
281500	0.332482975937
281600	0.332507716468
281700	0.332518244445
281800	0.332500818898
281900	0.332504004177
282000	0.332490204329
282100	0.332485814911
282200	0.332481096547
282300	0.332489657701
282400	0.332484448468
282500	0.332475357727
282600	0.332482903676
282700	0.332499274455
282800	0.332492043086
282900	0.332494990915
283000	0.332483631478
283100	0.33249515709
283200	0.33249628829
283300	0.332502135745
283400	0.332542898645
283500	0.332545249199
283600	0.332556798202
283700	0.332544088453
283800	0.332548286811
283900	0.332555135999
284000	0.332550206548
284100	0.332541964987
284200	0.332534341586
284300	0.332529150286
284400	0.332523778085
284500	0.33252423161
284600	0.332532181219
284700	0.332519998722
284800	0.332543571782
284900	0.332514952464
285000	0.332513783802
285100	0.332502775575
285200	0.332490886362
285300	0.332512183488
285400	0.332520785108
285500	0.332533043772
285600	0.332545605465
285700	0.332550406357
285800	0.332539920538
285900	0.332542380925
286000	0.332551086632
286100	0.332561398352
286200	0.332554171541
286300	0.332533845146
286400	0.332527618368
286500	0.332537502139
286600	0.332538613921
286700	0.332538971017
286800	0.332550168441
286900	0.332543226495
287000	0.332552450597
287100	0.332542393483
287200	0.332554139988
287300	0.332539529889
287400	0.332541872902
287500	0.332558667013
287600	0.332574861071
287700	0.332570978963
287800	0.332575123826
287900	0.33258025441
288000	0.332581065991
288100	0.332588094991
288200	0.332609096229
288300	0.332622224429
288400	0.33261978184
288500	0.332620921875
288600	0.332622516471
288700	0.33261883854
288800	0.332617034334
288900	0.33260457888
289000	0.332614975976
289100	0.332609694164
289200	0.332603871659
289300	0.332590169165
289400	0.332620540301
289500	0.332629489249
289600	0.332618522598
289700	0.332619808959
289800	0.33261957372
289900	0.332624425315
290000	0.332631106536
290100	0.332640461327
290200	0.332635857789
290300	0.332636462865
290400	0.332623146126
290500	0.332618851444
290600	0.332624368521
290700	0.332624979913
290800	0.332629085035
290900	0.332621354092
291000	0.332615412738
291100	0.332616823417
291200	0.332608706869
291300	0.332610029223
291400	0.33260827258
291500	0.332619031685
291600	0.332616714785
291700	0.332618062377
291800	0.332618620537
291900	0.332610195198
292000	0.332626762353
292100	0.332645280953
292200	0.332640049135
292300	0.332645395709
292400	0.332640885132
292500	0.332638432491
292600	0.332637037893
292700	0.332634078849
292800	0.332652183721
292900	0.33265222818
293000	0.332671063891
293100	0.332650345795
293200	0.332630399325
293300	0.332634204042
293400	0.332633024291
293500	0.332627876381
293600	0.332622444325
293700	0.33262120761
293800	0.332604146946
293900	0.332594197567
294000	0.332595345905
294100	0.332579189172
294200	0.332574457091
294300	0.33257924045
294400	0.332579038307
294500	0.332556152785
294600	0.332547133382
294700	0.332525853913
294800	0.332536120389
294900	0.332541293205
295000	0.332531843462
295100	0.332528627953
295200	0.332515938258
295300	0.332516858913
295400	0.332521876767
295500	0.332528473596
295600	0.332539839829
295700	0.332536100899
295800	0.332543939626
295900	0.33255614025
296000	0.332554054353
296100	0.332564890217
296200	0.33258525963
296300	0.332594420867
296400	0.332583718373
296500	0.332565902345
296600	0.332571523168
296700	0.332596009743
296800	0.332600810525
296900	0.332600582183
297000	0.332605436
297100	0.332581852843
297200	0.332577857568
297300	0.332590586186
297400	0.332579333674
297500	0.332576178055
297600	0.332575352139
297700	0.332574713381
297800	0.332589237862
297900	0.332571477442
298000	0.332554345087
298100	0.332566683261
298200	0.332547048048
298300	0.332549529556
298400	0.332550721894
298500	0.33254170096
298600	0.332523941182
298700	0.332529555007
298800	0.332526716898
298900	0.332525652954
299000	0.332512833166
299100	0.332517827845
299200	0.332523043417
299300	0.332525964187
299400	0.332519953069
299500	0.332521450968
299600	0.332501004326
299700	0.332501335
299800	0.332502870125
299900	0.332492243783
300000	0.332487859224
300100	0.332502307165
300200	0.332479782926
300300	0.332469334426
300400	0.332473188595
300500	0.33246876596
300600	0.332473496836
300700	0.332484172003
300800	0.332460949982
300900	0.33247827216
301000	0.332491027642
301100	0.332475593879
301200	0.332485946395
301300	0.332492764892
301400	0.332496187924
301500	0.332507510236
301600	0.332497428813
301700	0.332501316401
301800	0.332497303242
301900	0.332496019054
302000	0.332500697456
302100	0.332480879211
302200	0.332470848102
302300	0.332456559581
302400	0.332447549292
302500	0.332430711175
302600	0.332433387858
302700	0.332437066509
302800	0.332429507979
302900	0.332432528734
303000	0.332433663282
303100	0.33245312996
303200	0.332451572331
303300	0.332451733878
303400	0.33245760427
303500	0.332457036311
303600	0.332460847488
303700	0.332453947781
303800	0.332443740706
303900	0.332424382057
304000	0.33243736032
304100	0.332421858638
304200	0.332417479573
304300	0.332419377429
304400	0.332418483744
304500	0.33240413416
304600	0.33237790071
304700	0.332392120905
304800	0.332396142256
304900	0.332399223316
305000	0.332405204336
305100	0.332391639758
305200	0.332395797534
305300	0.332388108151
305400	0.332390814041
305500	0.332396650371
305600	0.332386606963
305700	0.332394353766
305800	0.332386639633
305900	0.332388112859
306000	0.332383610816
306100	0.332394343709
306200	0.332408559996
306300	0.332407503916
306400	0.332411211233
306500	0.332422610636
306600	0.332408456195
306700	0.33241089523
306800	0.332403338804
306900	0.332392783148
307000	0.33238259715
307100	0.332387251929
307200	0.33239397607
307300	0.33239122866
307400	0.332390046138
307500	0.33239578164
307600	0.332390690047
307700	0.332397463181
307800	0.332400183525
307900	0.332401451006
308000	0.332403125249
308100	0.33240032846
308200	0.332407772608
308300	0.332390071275
308400	0.332383934784
308500	0.332384474212
308600	0.332376695582
308700	0.332400970267
308800	0.332413047109
308900	0.332411237635
309000	0.332428797398
309100	0.332422769242
309200	0.332414535412
309300	0.332415506218
309400	0.332413978925
309500	0.332405556373
309600	0.332425750645
309700	0.332420009952
309800	0.332419651154
309900	0.332418500001
310000	0.332437860255
310100	0.332437770594
310200	0.332452426994
310300	0.332454645342
310400	0.332469320207
310500	0.33246382317
310600	0.332454475056
310700	0.33246620082
310800	0.332465766424
310900	0.33245510672
311000	0.33247422074
311100	0.332467165231
311200	0.332460107522
311300	0.332449240688
311400	0.332442059939
311500	0.332454841887
311600	0.332453413758
311700	0.332472394519
311800	0.332469853605
311900	0.332469978594
312000	0.332466653216
312100	0.332484431109
312200	0.332484605364
312300	0.332477326944
312400	0.332473880562
312500	0.332466468018
312600	0.332460986301
312700	0.332463904519
312800	0.332470033659
312900	0.332467172097
313000	0.332464544983
313100	0.332479541743
313200	0.332472216316
313300	0.332483429435
313400	0.332501514078
313500	0.332502251273
313600	0.332504657772
313700	0.332504637442
313800	0.332504265969
313900	0.332494804911
314000	0.332495280951
314100	0.332491239975
314200	0.332493982406
314300	0.332500857322
314400	0.332503537686
314500	0.332503586534
314600	0.332500927614
314700	0.332503839553
314800	0.332494011917
314900	0.332500443294
315000	0.332495824204
315100	0.332493912433
315200	0.332479637531
315300	0.332490809796
315400	0.332483917072
315500	0.3324857479
315600	0.332500782319
315700	0.332496434868
315800	0.332513848816
315900	0.33249780617
316000	0.332483700393
316100	0.332483654716
316200	0.332463250492
316300	0.332472626645
316400	0.332477396074
316500	0.332491812471
316600	0.332500510613
316700	0.332492393746
316800	0.332496897788
316900	0.332484280123
317000	0.332478236528
317100	0.332467989069
317200	0.332466676633
317300	0.332458533568
317400	0.332466875685
317500	0.332469476761
317600	0.332475217219
317700	0.332488529271
317800	0.332481811129
317900	0.332479933094
318000	0.332481127523
318100	0.332480037185
318200	0.332470883215
318300	0.332473734395
318400	0.332471962793
318500	0.332474765283
318600	0.332472738622
318700	0.332478555244
318800	0.332468671671
318900	0.33247120504
319000	0.33246853584
319100	0.33246753267
319200	0.332465054516
319300	0.332462782862
319400	0.332461028819
319500	0.332462826083
319600	0.332465784973
319700	0.332462602074
319800	0.332471456555
319900	0.332462704921
320000	0.332482508575
320100	0.332482433632
320200	0.332481438356
320300	0.33247787303
320400	0.3324827391
320500	0.3324798101
320600	0.332490263664
320700	0.332482520753
320800	0.332464713578
320900	0.332473718904
321000	0.332463379726
321100	0.332463346754
321200	0.33244987253
321300	0.332442601144
321400	0.332436827079
321500	0.332466281557
321600	0.332460423305
321700	0.332462754551
321800	0.332465003522
321900	0.33248297295
322000	0.332480850265
322100	0.332490895133
322200	0.332494767147
322300	0.332495389668
322400	0.33249794853
322500	0.332508756124
322600	0.332506078141
322700	0.332496965833
322800	0.332504996731
322900	0.332515812419
323000	0.3325118152
323100	0.332506620839
323200	0.332510346708
323300	0.332520630112
323400	0.332531139457
323500	0.332518385792
323600	0.332506398458
323700	0.332521480083
323800	0.332515390936
323900	0.332521244986
324000	0.332510472547
324100	0.332518281602
324200	0.332513935285
324300	0.332507826662
324400	0.332499007786
324500	0.332507241106
324600	0.332486056378
324700	0.332485663588
324800	0.332492446933
324900	0.332488480879
325000	0.332487169182
325100	0.33248533254
325200	0.332494117329
325300	0.332495418412
325400	0.332504451911
325500	0.332519779253
325600	0.332518093565
325700	0.332550289559
325800	0.332541814435
325900	0.332549808338
326000	0.332541000358
326100	0.332549127439
326200	0.332546516203
326300	0.33254666778
326400	0.332550929022
326500	0.332564780499
326600	0.332552403556
326700	0.332557319699
326800	0.332548289224
326900	0.332537246276
327000	0.332534015374
327100	0.332526656989
327200	0.332516233922
327300	0.332522928503
327400	0.332492712566
327500	0.332489124888
327600	0.332492323367
327700	0.332483825847
327800	0.332471354113
327900	0.332465538093
328000	0.33246136981
328100	0.332452460194
328200	0.33245741331
328300	0.332475944668
328400	0.332475159486
328500	0.332473775111
328600	0.332476622972
328700	0.332479870685
328800	0.332475978496
328900	0.332466850406
329000	0.33245941672
329100	0.332473924823
329200	0.332484851132
329300	0.332488691204
329400	0.332498910931
329500	0.332487448615
329600	0.332507672386
329700	0.332496694566
329800	0.3324905989
329900	0.332490072694
330000	0.332498671238
330100	0.332508293521
330200	0.332503873377
330300	0.332508613588
330400	0.332516413195
330500	0.332518664198
330600	0.332501585707
330700	0.332504300235
330800	0.332502873772
330900	0.332501210765
331000	0.332514765127
331100	0.332499274347
331200	0.332518596166
331300	0.332528276625
331400	0.332526408142
331500	0.332549485068
331600	0.33257601955
331700	0.33257358134
331800	0.332564910183
331900	0.332552547273
332000	0.332565488391
332100	0.332565617245
332200	0.332563804549
332300	0.332550363935
332400	0.332542349666
332500	0.332550956041
332600	0.332548056244
332700	0.332546086351
332800	0.332548593238
332900	0.332533286071
333000	0.332537649529
333100	0.332544759113
333200	0.332554152127
333300	0.332551588762
333400	0.332544272291
333500	0.332540367667
333600	0.332528379171
333700	0.332513154919
333800	0.332508988842
333900	0.332508997355
334000	0.332511820859
334100	0.332515912663
334200	0.332512030644
334300	0.332512966884
334400	0.332508131336
334500	0.332492476542
334600	0.332481565749
334700	0.332460272126
334800	0.332451862951
334900	0.332447913725
335000	0.332448090893
335100	0.332457695387
335200	0.332433300399
335300	0.332432306432
335400	0.332424588652
335500	0.332439742835
335600	0.332442313928
335700	0.332452416271
335800	0.332452825312
335900	0.332453101603
336000	0.332448258116
336100	0.332446875646
336200	0.332433061555
336300	0.332428271732
336400	0.332425743901
336500	0.332424965978
336600	0.332433491993
336700	0.332442085701
336800	0.332458816216
336900	0.332461755816
337000	0.332461189936
337100	0.332476187582
337200	0.332479608755
337300	0.332482185187
337400	0.332476389153
337500	0.332476142922
337600	0.332481163351
337700	0.332494353443
337800	0.332494402869
337900	0.332492282607
338000	0.332493909636
338100	0.332505709221
338200	0.332511752541
338300	0.332509006503
338400	0.332516736458
338500	0.332528214867
338600	0.332528819278
338700	0.332514611661
338800	0.33252011953
338900	0.332511347447
339000	0.332503476401
339100	0.332513505399
339200	0.332522189146
339300	0.332527105789
339400	0.33252279743
339500	0.332537933735
339600	0.332541533337
339700	0.332547052438
339800	0.332530418039
339900	0.33253206727
340000	0.332536850406
340100	0.332538299886
340200	0.332530339824
340300	0.332523905976
340400	0.332520855121
340500	0.332517933773
340600	0.332505970487
340700	0.332505230527
340800	0.332506431739
340900	0.332510050236
341000	0.332513639721
341100	0.3325133899
341200	0.332509597341
341300	0.332513187456
341400	0.332507112349
341500	0.332529414223
341600	0.332520264452
341700	0.332509451095
341800	0.332520725189
341900	0.332523823895
342000	0.332523321906
342100	0.332522554575
342200	0.332524875575
342300	0.332519609943
342400	0.332502757351
342500	0.332493468424
342600	0.332503530166
342700	0.332505827427
342800	0.332519111615
342900	0.332528309381
343000	0.332525993882
343100	0.332524743412
343200	0.332521871872
343300	0.332532393247
343400	0.332521469002
343500	0.332517463639
343600	0.332529655889
343700	0.332526634519
343800	0.332520585442
343900	0.332513603265
344000	0.332518396046
344100	0.332518680701
344200	0.332535242636
344300	0.332542708724
344400	0.33252723779
344500	0.332523906572
344600	0.33252871687
344700	0.332519898846
344800	0.332522215076
344900	0.332522498505
345000	0.332524750307
345100	0.332522770648
345200	0.332530723085
345300	0.332527195333
345400	0.332517670024
345500	0.332518709645
345600	0.332530215189
345700	0.332542520324
345800	0.332539836136
345900	0.332558836792
346000	0.332543785043
346100	0.332525207405
346200	0.332528699935
346300	0.332530611711
346400	0.332530988005
346500	0.332530064182
346600	0.332533201325
346700	0.33253638546
346800	0.332545472104
346900	0.332544589168
347000	0.332543585131
347100	0.332546042588
347200	0.332547303332
347300	0.332548533355
347400	0.332551635631
347500	0.332547371646
347600	0.33254556469
347700	0.332544289535
347800	0.332553935536
347900	0.332549141234
348000	0.332555961952
348100	0.332553183404
348200	0.332557102857
348300	0.332571638813
348400	0.332569862703
348500	0.332587959666
348600	0.332583347071
348700	0.332592771324
348800	0.332585547621
348900	0.332583054205
349000	0.332591729989
349100	0.332589488754
349200	0.332586213356
349300	0.332614910733
349400	0.332617578416
349500	0.33261258418
349600	0.332614244486
349700	0.332617093369
349800	0.332599401447
349900	0.332585266493
