100	0.710381219852
200	0.697159911896
300	0.686084182721
400	0.678101704099
500	0.677315397072
600	0.677720026657
700	0.682864136925
800	0.67941246214
900	0.678055595848
1000	0.678500788586
1100	0.678181617034
1200	0.678624337397
1300	0.68125368823
1400	0.67952628333
1500	0.680480764946
1600	0.681422959263
1700	0.681021170227
1800	0.680461817711
1900	0.681332974034
2000	0.681781326157
2100	0.680819888885
2200	0.679679373083
2300	0.679172149464
2400	0.679435560704
2500	0.67882626698
2600	0.679782798425
2700	0.679072132491
2800	0.678006809177
2900	0.676654709623
3000	0.675272473228
3100	0.675655464932
3200	0.675466885931
3300	0.676194555311
3400	0.676519631856
3500	0.676352779547
3600	0.676501529653
3700	0.675690510542
3800	0.674765019152
3900	0.674193199791
4000	0.673464067161
4100	0.673654072889
4200	0.673541942983
4300	0.673743717381
4400	0.673431466243
4500	0.673795193637
4600	0.672986575548
4700	0.673198451814
4800	0.673114269537
4900	0.672713140949
5000	0.672056290856
5100	0.671386895641
5200	0.670916559128
5300	0.670690963666
5400	0.670883878035
5500	0.671377991204
5600	0.671301285684
5700	0.670892218257
5800	0.671780152989
5900	0.671098467335
6000	0.671418393805
6100	0.67124929364
6200	0.671047827003
6300	0.670943781472
6400	0.671125916476
6500	0.670847113522
6600	0.670870377381
6700	0.671202871308
6800	0.671340875004
6900	0.671072269988
7000	0.670829728532
7100	0.671091508735
7200	0.671538776437
7300	0.670505353975
7400	0.670542754678
7500	0.670163916087
7600	0.670147079905
7700	0.669924912504
7800	0.67005746698
7900	0.669927679929
8000	0.669678762402
8100	0.670222633936
8200	0.670003041299
8300	0.66969573535
8400	0.669802094307
8500	0.669591536923
8600	0.669810973207
8700	0.6696295033
8800	0.669352772969
8900	0.669522302517
9000	0.669359198901
9100	0.66925577672
9200	0.668973063548
9300	0.668809763963
9400	0.668619172354
9500	0.669009324023
9600	0.668928459879
9700	0.668884451811
9800	0.668836364742
9900	0.66879529877
10000	0.668869392845
10100	0.668972369295
10200	0.66962234567
10300	0.669790217693
10400	0.669947576247
10500	0.669753652703
10600	0.669768561443
10700	0.670071377875
10800	0.670217335674
10900	0.670548787796
11000	0.670138271484
11100	0.670403767169
11200	0.670360165946
11300	0.67067483588
11400	0.670346692555
11500	0.67046262086
11600	0.670612615876
11700	0.670686470855
11800	0.67052266527
11900	0.670345143599
12000	0.670312822564
12100	0.670392891267
12200	0.670499242615
12300	0.670583131881
12400	0.670512723897
12500	0.670573624737
12600	0.670261422889
12700	0.670458140212
12800	0.670485703643
12900	0.670237600821
13000	0.670445713371
13100	0.670500938993
13200	0.670272644018
13300	0.67006032244
13400	0.670239885452
13500	0.670317087916
13600	0.669899964477
13700	0.670141607027
13800	0.670317679094
13900	0.670126689167
14000	0.6700618839
14100	0.670099128531
14200	0.670108624855
14300	0.670207426935
14400	0.670194701084
14500	0.669949991767
14600	0.669505058821
14700	0.669128106383
14800	0.669169306899
14900	0.669158943675
15000	0.669183306404
15100	0.668933258045
15200	0.668748073896
15300	0.668566853327
15400	0.668602807992
15500	0.668554661385
15600	0.668439828801
15700	0.668709391347
15800	0.669063156442
15900	0.668988200504
16000	0.669317391872
16100	0.669410815783
16200	0.669511539284
16300	0.669405415903
16400	0.669163164435
16500	0.66922639105
16600	0.669225395237
16700	0.669206628051
16800	0.669047080428
16900	0.668943048486
17000	0.669157242304
17100	0.669066050621
17200	0.668913483418
17300	0.66892831622
17400	0.669404405099
17500	0.669563668382
17600	0.669666296317
17700	0.669729961651
17800	0.669688433638
17900	0.669591952269
18000	0.669619847575
18100	0.669811439574
18200	0.669552400197
18300	0.669132668132
18400	0.669010371902
18500	0.669033752777
18600	0.669325564844
18700	0.669289498306
18800	0.669125803242
18900	0.668939943455
19000	0.668949688625
19100	0.66868260953
19200	0.668647981842
19300	0.668767659536
19400	0.668758914826
19500	0.668751963209
19600	0.668808660388
19700	0.6687083422
19800	0.668801593484
19900	0.668705433892
20000	0.668756515247
20100	0.668770830249
20200	0.668777846828
20300	0.668741152234
20400	0.668543652017
20500	0.66853636947
20600	0.668544769764
20700	0.668469485081
20800	0.668469182906
20900	0.668258268806
21000	0.668338291713
21100	0.668265558426
21200	0.668360114246
21300	0.668311706627
21400	0.668322010684
21500	0.668448431915
21600	0.668616174832
21700	0.668646549405
21800	0.668644873899
21900	0.66873069692
22000	0.66868348728
22100	0.668499795464
22200	0.66852409822
22300	0.66845933086
22400	0.66847755273
22500	0.668609289681
22600	0.668775742289
22700	0.668794245708
22800	0.668695493311
22900	0.668634068928
23000	0.668541200856
23100	0.66848344107
23200	0.668356785741
23300	0.668324965628
23400	0.668263674583
23500	0.668163001956
23600	0.668430840066
23700	0.668474638639
23800	0.668428756572
23900	0.668329367512
24000	0.668349783556
24100	0.668342479393
24200	0.668344259747
24300	0.668310565079
24400	0.668389324938
24500	0.668294668702
24600	0.668083885251
24700	0.668168062777
24800	0.668301956548
24900	0.668302221902
25000	0.668159972729
25100	0.668151092348
25200	0.668111251669
25300	0.668108166515
25400	0.668011818211
25500	0.667868440744
25600	0.667944830259
25700	0.667908802377
25800	0.668004980834
25900	0.668048933417
26000	0.66807195843
26100	0.668079155078
26200	0.668127217533
26300	0.668163669436
26400	0.668282276694
26500	0.668376200206
26600	0.668418081333
26700	0.668475975722
26800	0.668293427155
26900	0.668386110365
27000	0.668596033054
27100	0.668510852435
27200	0.668482905232
27300	0.668433031307
27400	0.668376073994
27500	0.668243007592
27600	0.668257956583
27700	0.668210913524
27800	0.668221485717
27900	0.668241465873
28000	0.668367687574
28100	0.668475335953
28200	0.668590479798
28300	0.668479843963
28400	0.668586506043
28500	0.668622213541
28600	0.668673725468
28700	0.668651793213
28800	0.668746557859
28900	0.668758516427
29000	0.668884114981
29100	0.668993540634
29200	0.668984173909
29300	0.668843134391
29400	0.669011683742
29500	0.668981783766
29600	0.668971462562
29700	0.669020414695
29800	0.668894939315
29900	0.668733535037
30000	0.668729038099
30100	0.668673970307
30200	0.66882098862
30300	0.668845510797
30400	0.668864456692
30500	0.668932970907
30600	0.668942055299
30700	0.668864216162
30800	0.668845747508
30900	0.668798536949
31000	0.668725529382
31100	0.668627896084
31200	0.668717287323
31300	0.668760933054
31400	0.668589067642
31500	0.668650276926
31600	0.668607772176
31700	0.668572322202
31800	0.668567789996
31900	0.668584796046
32000	0.668633606145
32100	0.668650470504
32200	0.668644420898
32300	0.668878991991
32400	0.668716269455
32500	0.66869495742
32600	0.668690282905
32700	0.668694660666
32800	0.6687988516
32900	0.668716584863
33000	0.668705230432
33100	0.66874762428
33200	0.668763744861
33300	0.668786550799
33400	0.66888042553
33500	0.668870069825
33600	0.668758699386
33700	0.668710287009
33800	0.668580869435
33900	0.668473651357
34000	0.668438133927
34100	0.668468650909
34200	0.668604784657
34300	0.668641094385
34400	0.668751529979
34500	0.668631116779
34600	0.668687915543
34700	0.668788797256
34800	0.668775169797
34900	0.668748252931
35000	0.668799518161
35100	0.668714893706
35200	0.668731553164
35300	0.668772163562
35400	0.668910993159
35500	0.66892776692
35600	0.66903633728
35700	0.669024423459
35800	0.669021771198
35900	0.668930558128
36000	0.669000438221
36100	0.669002478969
36200	0.669107586181
36300	0.669043679886
36400	0.668973138531
36500	0.668987804324
36600	0.669126150006
36700	0.669040289036
36800	0.668944250225
36900	0.669040102589
37000	0.669024465588
37100	0.66893868358
37200	0.668864165604
37300	0.668998064688
37400	0.668936486658
37500	0.669051435375
37600	0.66910302337
37700	0.669031303804
37800	0.669002899096
37900	0.668990450412
38000	0.668871632712
38100	0.668967816225
38200	0.668936683775
38300	0.668935422527
38400	0.668997309134
38500	0.669044051153
38600	0.668990906711
38700	0.668956813999
38800	0.668970115708
38900	0.669052246677
39000	0.669120667919
39100	0.669078050367
39200	0.669141952147
39300	0.669189255966
39400	0.669122785939
39500	0.669087307379
39600	0.669072119779
39700	0.66909439544
39800	0.668988918471
39900	0.669010554694
40000	0.668945834223
40100	0.668939580318
40200	0.668913618532
40300	0.668841149597
40400	0.668884989827
40500	0.668892627248
40600	0.668974678991
40700	0.66897744845
40800	0.669040897683
40900	0.669042954585
41000	0.669022911115
41100	0.668998395906
41200	0.669053238604
41300	0.669068269178
41400	0.669104190831
41500	0.66910892314
41600	0.6690587523
41700	0.669022027539
41800	0.668990287214
41900	0.66893410591
42000	0.668843150402
42100	0.668843312224
42200	0.668867378173
42300	0.66883088868
42400	0.668759185404
42500	0.66867249247
42600	0.668624348251
42700	0.668632301656
42800	0.668613810227
42900	0.668627447622
43000	0.668688944845
43100	0.668701716628
43200	0.668669135213
43300	0.668670325126
43400	0.668681851438
43500	0.668614431054
43600	0.668560347126
43700	0.668532681356
43800	0.668580658965
43900	0.668599452881
44000	0.668492464493
44100	0.668460505172
44200	0.668370448064
44300	0.668374318198
44400	0.668330558983
44500	0.668306492022
44600	0.668330913597
44700	0.66841808804
44800	0.668440317462
44900	0.6684692157
45000	0.668493154505
45100	0.668505172915
45200	0.668467245224
45300	0.668428532283
45400	0.668466313746
45500	0.668447505208
45600	0.668415754663
45700	0.668354502645
45800	0.668350050492
45900	0.668370622839
46000	0.668312295411
46100	0.668330900884
46200	0.668285020757
46300	0.668207342344
46400	0.668212286362
46500	0.668204839844
46600	0.668212317171
46700	0.668176630644
46800	0.668193631408
46900	0.668144656571
47000	0.668086925071
47100	0.667976043903
47200	0.667864642429
47300	0.667915820694
47400	0.667878920404
47500	0.667804165964
47600	0.667879717629
47700	0.667897920234
47800	0.667890080017
47900	0.66788511207
48000	0.667791825958
48100	0.667781850886
48200	0.667769756588
48300	0.667725701166
48400	0.667696641349
48500	0.667670188935
48600	0.667695167691
48700	0.667645809554
48800	0.66765135926
48900	0.667699493464
49000	0.667594961133
49100	0.667664804396
49200	0.66774739118
49300	0.667689500206
49400	0.667740804074
49500	0.667693026783
49600	0.667623535352
49700	0.667621179993
49800	0.6675938929
49900	0.667647518167
50000	0.667636387974
50100	0.667603427185
50200	0.66766185362
50300	0.667576600613
50400	0.667667135777
50500	0.667635788184
50600	0.667628673097
50700	0.667618919152
50800	0.667689719871
50900	0.667656055546
51000	0.667551488871
51100	0.667437371039
51200	0.667482468772
51300	0.667373098686
51400	0.667385532473
51500	0.667355209481
51600	0.667315627634
51700	0.667306289824
51800	0.667205706344
51900	0.667255877258
52000	0.667362442778
52100	0.667414007236
52200	0.667409642806
52300	0.667486774881
52400	0.667433658081
52500	0.667487459293
52600	0.667513553526
52700	0.667486901524
52800	0.667476839831
52900	0.667392705117
53000	0.667439149042
53100	0.667436659549
53200	0.667513058361
53300	0.667589689418
53400	0.667646416371
53500	0.667666582248
53600	0.667703649821
53700	0.667657138131
53800	0.66770383244
53900	0.667745325748
54000	0.667714897384
54100	0.667673932318
54200	0.667566834361
54300	0.667641721649
54400	0.667603918044
54500	0.667618566938
54600	0.667559897202
54700	0.667534162003
54800	0.667534500454
54900	0.667482550572
55000	0.667460052122
55100	0.667467474898
55200	0.667551734572
55300	0.667472842726
55400	0.667413295043
55500	0.667443914925
55600	0.667476591322
55700	0.66749851399
55800	0.667533023736
55900	0.667519312905
56000	0.667511242606
56100	0.667530936485
56200	0.667502606621
56300	0.667542433927
56400	0.667526057605
56500	0.667466007208
56600	0.667458892912
56700	0.667469371484
56800	0.667388575184
56900	0.667397390921
57000	0.667353226486
57100	0.667352062146
57200	0.667259911639
57300	0.667196404358
57400	0.66724947931
57500	0.667319744081
57600	0.667287825417
57700	0.66723829831
57800	0.667273196583
57900	0.667241363793
58000	0.667244693964
58100	0.667239171218
58200	0.667215989749
58300	0.667211031447
58400	0.667255256466
58500	0.667259275291
58600	0.667208584585
58700	0.667123083235
58800	0.667098575172
58900	0.667153653303
59000	0.667101284357
59100	0.667084509821
59200	0.667068654659
59300	0.667035077053
59400	0.667017133095
59500	0.667061735393
59600	0.667110041741
59700	0.667209802175
59800	0.667300131773
59900	0.667333340384
60000	0.66738765085
60100	0.667438330188
60200	0.667360660714
60300	0.667290994397
60400	0.667252594022
60500	0.667251402465
60600	0.667257426678
60700	0.667294491025
60800	0.667280083291
60900	0.667223711726
61000	0.66731305991
61100	0.667340711574
61200	0.667407594127
61300	0.667349505803
61400	0.667371557201
61500	0.667412803269
61600	0.667448609719
61700	0.667391761811
61800	0.667408465465
61900	0.667383478022
62000	0.667305775285
62100	0.66728794999
62200	0.667226126333
62300	0.667168861884
62400	0.667133335163
62500	0.667093788987
62600	0.667008129736
62700	0.667010181025
62800	0.667073848084
62900	0.667073776536
63000	0.667036093111
63100	0.66706501993
63200	0.667128881262
63300	0.667149692371
63400	0.667120668834
63500	0.667097544342
63600	0.667032113621
63700	0.667014269463
63800	0.666994221639
63900	0.66699161389
64000	0.667031658268
64100	0.667019676311
64200	0.667075236984
64300	0.667092776377
64400	0.66715094575
64500	0.667109375234
64600	0.667020771189
64700	0.667011539683
64800	0.667041143625
64900	0.666982280573
65000	0.666981947589
65100	0.666990025507
65200	0.667015322961
65300	0.667041669081
65400	0.667045754822
65500	0.66703219256
65600	0.667113396741
65700	0.667111554411
65800	0.667139975057
65900	0.667116763817
66000	0.667132965334
66100	0.667171608532
66200	0.667190055008
66300	0.667205108464
66400	0.667179588136
66500	0.667189142374
66600	0.667190741919
66700	0.667165469804
66800	0.667159145947
66900	0.667156013373
67000	0.667156687828
67100	0.667145500887
67200	0.667137365703
67300	0.667061824435
67400	0.667066481621
67500	0.667047065896
67600	0.667058190122
67700	0.667009562231
67800	0.666953216934
67900	0.666948838176
68000	0.666922030558
68100	0.666916763634
68200	0.666912109505
68300	0.666934513482
68400	0.666939729343
68500	0.666884740829
68600	0.666853171156
68700	0.666807113389
68800	0.666770617745
68900	0.666685813641
69000	0.666617641794
69100	0.666550401983
69200	0.666581218304
69300	0.666629453518
69400	0.666645848809
69500	0.66663978033
69600	0.666672292755
69700	0.666695105887
69800	0.666690415536
69900	0.66671336748
70000	0.666721241802
70100	0.66671726194
70200	0.666724551439
70300	0.666735556857
70400	0.666754492737
70500	0.666702002605
70600	0.666695385764
70700	0.666681341089
70800	0.666674042124
70900	0.666638389841
71000	0.666579382343
71100	0.666600851774
71200	0.666581732351
71300	0.666630871914
71400	0.666653610067
71500	0.666626115916
71600	0.666600551874
71700	0.666603036394
71800	0.666630392221
71900	0.666564243248
72000	0.666558365239
72100	0.666622565631
72200	0.666644459072
72300	0.666613215535
72400	0.666614214341
72500	0.666576658415
72600	0.666560696079
72700	0.666544334892
72800	0.666553588938
72900	0.66654989924
73000	0.666518463083
73100	0.666516447948
73200	0.6665152723
73300	0.666557942523
73400	0.666592634152
73500	0.666609791549
73600	0.666682658363
73700	0.666640832461
73800	0.666617666379
73900	0.666636167792
74000	0.666589244665
74100	0.666556479176
74200	0.66653723525
74300	0.666552676088
74400	0.666581507537
74500	0.666585981983
74600	0.666561099083
74700	0.66653320173
74800	0.666498869708
74900	0.666491629274
75000	0.666514121639
75100	0.666554216152
75200	0.66658296823
75300	0.666573184745
75400	0.666623160898
75500	0.666616575365
75600	0.666600372837
75700	0.666615573795
75800	0.66657478479
75900	0.666606005048
76000	0.666603468636
76100	0.666632281046
76200	0.666635274491
76300	0.666584090742
76400	0.66659872351
76500	0.666603170997
76600	0.666567215979
76700	0.666579265318
76800	0.666576118219
76900	0.666592734643
77000	0.666634812272
77100	0.66666200119
77200	0.66668037003
77300	0.666635925014
77400	0.666613728036
77500	0.666622673986
77600	0.666682152119
77700	0.66665517698
77800	0.666663538599
77900	0.666666127173
78000	0.66666237149
78100	0.666699262521
78200	0.666658043916
78300	0.666655498874
78400	0.666632536656
78500	0.66661000838
78600	0.666583898288
78700	0.666521969926
78800	0.666533959251
78900	0.666535909805
79000	0.666531664661
79100	0.666538160584
79200	0.666533256669
79300	0.666528257556
79400	0.666561906039
79500	0.666548782075
79600	0.666614716166
79700	0.666674870157
79800	0.666628189428
79900	0.66664894493
80000	0.666605364986
80100	0.666604881355
80200	0.666618756423
80300	0.666584648183
80400	0.666598392958
80500	0.666574725915
80600	0.666570966468
80700	0.666579845517
80800	0.66660445169
80900	0.66660720903
81000	0.666614986324
81100	0.666646928382
81200	0.666641585869
81300	0.666650283417
81400	0.666601820311
81500	0.666595955698
81600	0.666607954647
81700	0.666597031716
81800	0.666580133843
81900	0.666604380872
82000	0.666635655219
82100	0.666652593526
82200	0.66669376433
82300	0.666705789811
82400	0.666713607643
82500	0.666759381281
82600	0.666728535688
82700	0.666689575359
82800	0.666668187195
82900	0.66667081989
83000	0.666655817182
83100	0.666680469374
83200	0.666662647163
83300	0.666649128928
83400	0.666608067877
83500	0.666611905703
83600	0.666605960353
83700	0.66659563258
83800	0.666592981503
83900	0.666636792139
84000	0.666627373239
84100	0.666662755251
84200	0.666634996354
84300	0.666618777913
84400	0.666638642583
84500	0.666660868506
84600	0.666720449307
84700	0.666775966071
84800	0.666777790747
84900	0.666756279779
85000	0.666786727515
85100	0.666793747297
85200	0.666767032351
85300	0.666754410275
85400	0.66676268505
85500	0.66678500032
85600	0.66680763162
85700	0.666778991274
85800	0.666805565128
85900	0.666830395474
86000	0.666796908722
86100	0.666828938095
86200	0.666861900076
86300	0.666809203982
86400	0.666771619162
86500	0.666756790823
86600	0.666732035507
86700	0.666717858904
86800	0.66675948676
86900	0.666777713172
87000	0.666800111774
87100	0.666821850773
87200	0.666844123883
87300	0.666849484438
87400	0.666841383258
87500	0.666784940402
87600	0.66673638781
87700	0.666768560241
87800	0.666770990743
87900	0.666798894374
88000	0.666785356252
88100	0.666815442126
88200	0.666824637918
88300	0.666824028687
88400	0.666800683965
88500	0.666766181446
88600	0.666763830446
88700	0.666796715659
88800	0.666817702961
88900	0.666782504792
89000	0.666718141254
89100	0.666711841924
89200	0.66674501089
89300	0.666719257965
89400	0.6666923821
89500	0.666733394139
89600	0.666723958545
89700	0.666704651215
89800	0.666729643982
89900	0.666736634529
90000	0.666769392424
90100	0.666740626485
90200	0.666721076965
90300	0.666743275852
90400	0.6667434582
90500	0.666746669291
90600	0.666747355108
90700	0.6667536713
90800	0.666726854575
90900	0.666713105213
91000	0.666734318771
91100	0.666698977405
91200	0.66671869348
91300	0.666709897959
91400	0.666733723993
91500	0.666765605869
91600	0.666760679411
91700	0.666733273659
91800	0.666764559796
91900	0.666777219101
92000	0.666787869495
92100	0.666779769084
92200	0.666807372217
92300	0.666799830047
92400	0.666771085574
92500	0.666796294563
92600	0.666843712247
92700	0.666851465331
92800	0.666831719648
92900	0.666861842421
93000	0.66690157756
93100	0.6669426889
93200	0.666945474653
93300	0.666925339302
93400	0.666894921754
93500	0.666904296267
93600	0.66691749171
93700	0.66693597742
93800	0.666904867344
93900	0.666889170483
94000	0.666889940053
94100	0.666915923539
94200	0.666904057305
94300	0.666946178554
94400	0.666950023959
94500	0.666943208451
94600	0.666914529646
94700	0.666920741251
94800	0.666955665134
94900	0.666995524816
95000	0.666998208362
95100	0.667005148772
95200	0.667005158855
95300	0.666995007511
95400	0.666980694518
95500	0.666975892674
95600	0.66695767672
95700	0.666943659329
95800	0.666939299558
95900	0.666899506608
96000	0.666846506674
96100	0.666843029071
96200	0.666785379012
96300	0.666764631129
96400	0.666748064656
96500	0.666773331809
96600	0.666769121031
96700	0.666786552074
96800	0.666790121125
96900	0.666780843982
97000	0.666777006268
97100	0.666777625294
97200	0.666809548891
97300	0.666819781028
97400	0.666751207275
97500	0.66673027798
97600	0.666722982278
97700	0.666673465269
97800	0.666645955123
97900	0.66665394384
98000	0.666614726426
98100	0.666579027044
98200	0.666616025733
98300	0.666594485377
98400	0.666616560489
98500	0.666622985839
98600	0.666587964328
98700	0.666636889121
98800	0.666611560614
98900	0.666587584076
99000	0.666581507659
99100	0.666607657162
99200	0.666593244345
99300	0.666617461657
99400	0.666589173328
99500	0.666620220394
99600	0.666621141965
99700	0.666595140251
99800	0.666605084103
99900	0.666559692063
100000	0.66653304505
100100	0.666536998509
100200	0.666497897353
100300	0.66648713995
100400	0.666514449066
100500	0.666524076015
100600	0.666547643673
100700	0.666570884557
100800	0.666550935478
100900	0.666501612816
101000	0.666467267794
101100	0.666416360381
101200	0.666415136764
101300	0.666384874395
101400	0.666400224244
101500	0.66642485101
101600	0.666408535725
101700	0.666400802904
101800	0.666394346698
101900	0.666417881882
102000	0.666409046486
102100	0.666416084401
102200	0.666414427211
102300	0.66640056909
102400	0.666422918132
102500	0.666435117709
102600	0.666475866428
102700	0.666480416266
102800	0.666413932621
102900	0.666407260975
103000	0.666420242063
103100	0.666451106827
103200	0.666438340053
103300	0.666460548758
103400	0.666471015853
103500	0.666477911152
103600	0.666512323219
103700	0.666506940773
103800	0.6664876313
103900	0.666463452112
104000	0.666467758535
104100	0.66649669642
104200	0.666461271368
104300	0.666469323789
104400	0.666462324701
104500	0.666423893056
104600	0.666413522904
104700	0.666447730333
104800	0.666445692755
104900	0.666448233021
105000	0.666423994462
105100	0.666404780722
105200	0.6664207682
105300	0.666417449691
105400	0.666471921762
105500	0.6664656741
105600	0.666431098463
105700	0.666417662413
105800	0.666400165475
105900	0.666391725586
106000	0.666369013029
106100	0.666368349213
106200	0.666315652403
106300	0.666304759204
106400	0.666292306316
106500	0.666293115568
106600	0.666275874325
106700	0.666242383171
106800	0.666251726668
106900	0.666223251877
107000	0.666228004924
107100	0.66622423645
107200	0.666185464202
107300	0.666203698025
107400	0.666216825295
107500	0.666243658182
107600	0.666267826687
107700	0.66628060295
107800	0.666278789385
107900	0.666255065317
108000	0.666254962539
108100	0.666227822214
108200	0.666200460741
108300	0.666189157516
108400	0.666191895942
108500	0.666193539842
108600	0.666204745386
108700	0.666230749371
108800	0.666216958782
108900	0.666228035282
109000	0.666227310637
109100	0.666231842571
109200	0.666240351553
109300	0.66628232448
109400	0.666287921649
109500	0.666269578696
109600	0.666265772405
109700	0.666295498166
109800	0.666315660636
109900	0.666265332694
110000	0.666242209207
110100	0.666222873652
110200	0.666224397867
110300	0.666230720685
110400	0.666196651393
110500	0.666175077838
110600	0.66617245954
110700	0.66617421316
110800	0.66613434466
110900	0.666143022612
111000	0.666134756025
111100	0.666136400452
111200	0.666150032365
111300	0.666182171664
111400	0.666179082735
111500	0.666181465645
111600	0.666159856809
111700	0.666138585634
111800	0.666117846124
111900	0.666133658617
112000	0.666132814975
112100	0.666114343084
112200	0.666143909148
112300	0.666150589807
112400	0.666109185032
112500	0.666074459786
112600	0.666083605585
112700	0.666092157291
112800	0.666094272169
112900	0.666099671877
113000	0.666083652897
113100	0.66609445121
113200	0.66610290899
113300	0.666051672981
113400	0.666054650506
113500	0.666016553911
113600	0.666002336609
113700	0.665968776106
113800	0.666004903091
113900	0.665996329049
114000	0.666004685512
114100	0.666012985151
114200	0.666035458181
114300	0.66600982997
114400	0.665978561118
114500	0.665983048698
114600	0.665971834146
114700	0.666006560276
114800	0.66600699531
114900	0.666017301276
115000	0.66601518002
115100	0.6660466886
115200	0.666047123053
115300	0.666041317773
115400	0.666039559979
115500	0.666021446746
115600	0.66603595775
115700	0.666000500933
115800	0.665996663411
115900	0.666012337378
116000	0.666011438246
116100	0.666058264342
116200	0.666074865471
116300	0.666049360272
116400	0.666057830171
116500	0.666072078192
116600	0.666068817697
116700	0.666101928506
116800	0.666080774169
116900	0.666070165636
117000	0.666065165344
117100	0.666088437348
117200	0.666084195916
117300	0.6661053581
117400	0.666116724462
117500	0.666134591242
117600	0.666130611986
117700	0.666151926929
117800	0.666160324362
117900	0.66621259395
118000	0.666215475687
118100	0.666237723789
118200	0.66623646424
118300	0.666250018251
118400	0.666276848698
118500	0.666250460017
118600	0.666224101561
118700	0.666250301047
118800	0.666241987838
118900	0.666281482544
119000	0.666248940452
119100	0.666232827884
119200	0.666245837265
119300	0.666210771661
119400	0.666237682888
119500	0.666258512971
119600	0.666256290318
119700	0.666253792559
119800	0.666257552472
119900	0.666265575166
120000	0.666296063393
120100	0.666293786544
120200	0.666320454928
120300	0.666347869871
120400	0.666356497759
120500	0.666358512213
120600	0.666360901489
120700	0.666389386214
120800	0.666433423665
120900	0.666408926609
121000	0.666399636928
121100	0.66640733296
121200	0.666409843276
121300	0.66637670344
121400	0.666380016325
121500	0.666372441369
121600	0.666365002632
121700	0.66638742379
121800	0.66640968529
121900	0.666398038616
122000	0.666387421418
122100	0.666405516417
122200	0.666392444008
122300	0.666385516317
122400	0.666392893105
122500	0.66638148459
122600	0.666359878758
122700	0.666389636949
122800	0.666407238617
122900	0.666421619001
123000	0.666418152964
123100	0.666432895006
123200	0.666427739305
123300	0.666450690311
123400	0.666499381674
123500	0.666520822713
123600	0.666522765349
123700	0.666522027559
123800	0.666504895278
123900	0.66648534177
124000	0.666457916667
124100	0.666448193363
124200	0.666463266736
124300	0.66647333554
124400	0.666453519621
124500	0.666467430927
124600	0.666460993125
124700	0.666448771333
124800	0.666428536503
124900	0.666452533541
125000	0.666423806936
125100	0.666422870363
125200	0.666417342483
125300	0.666416644825
125400	0.666420339382
125500	0.666395877197
125600	0.666357872473
125700	0.666363816862
125800	0.666334968328
125900	0.666306168454
126000	0.666290767085
126100	0.666286608324
126200	0.666304254852
126300	0.666300046756
126400	0.666320608088
126500	0.666317452139
126600	0.666310971834
126700	0.666284189165
126800	0.666271876344
126900	0.666295542023
127000	0.666294477966
127100	0.66629174478
127200	0.666285579364
127300	0.666263147739
127400	0.666283433636
127500	0.666315473642
127600	0.666319427089
127700	0.66632034931
127800	0.666313675126
127900	0.666340362326
128000	0.666321593856
128100	0.666326464637
128200	0.666306001208
128300	0.666292097911
128400	0.666294558996
128500	0.666329704689
128600	0.666325150643
128700	0.666349989808
128800	0.666349567116
128900	0.666372463942
129000	0.666390176113
129100	0.666393156224
129200	0.666405395669
129300	0.666408598534
129400	0.666427292366
129500	0.666386176876
129600	0.66639623795
129700	0.666371145957
129800	0.666389421663
129900	0.666385534523
130000	0.666372002884
130100	0.66639884883
130200	0.666389213529
130300	0.666413065596
130400	0.666415367548
130500	0.666394126728
130600	0.666372783429
130700	0.666395137854
130800	0.666385727844
130900	0.666402842759
131000	0.666397541649
131100	0.666385294683
131200	0.666370454597
131300	0.666369970535
131400	0.666395435764
131500	0.666375565263
131600	0.666402325235
131700	0.666366048426
131800	0.666368110029
131900	0.666357910632
132000	0.666349526862
132100	0.666347841793
132200	0.666345565769
132300	0.666322425813
132400	0.666317985637
132500	0.666290451851
132600	0.666277267966
132700	0.666297196298
132800	0.66626008345
132900	0.666280384121
133000	0.666267959079
133100	0.666247514483
133200	0.666228405023
133300	0.666192571096
133400	0.66616144657
133500	0.666172126144
133600	0.666172671994
133700	0.666162356114
133800	0.666154046383
133900	0.666165351596
134000	0.666147457908
134100	0.666138717449
134200	0.66614601777
134300	0.666146972294
134400	0.666129885645
134500	0.666128445356
134600	0.666146522605
134700	0.666143268799
134800	0.666154150585
134900	0.666133600863
135000	0.666109686131
135100	0.666096631849
135200	0.666099485568
135300	0.666108799829
135400	0.666114896651
135500	0.666114433237
135600	0.666129046045
135700	0.666134769198
135800	0.666124774419
135900	0.666115152888
136000	0.666114912453
136100	0.666115371053
136200	0.66607359813
136300	0.666060790943
136400	0.66607358661
136500	0.666068937403
136600	0.666082637856
136700	0.666075287866
136800	0.666075439103
136900	0.666078126719
137000	0.666089803043
137100	0.666092124827
137200	0.66608240856
137300	0.666096620083
137400	0.666092618294
137500	0.666128746168
137600	0.666117401419
137700	0.666096856036
137800	0.666099002637
137900	0.666135482559
138000	0.666095500767
138100	0.666114140564
138200	0.666162751892
138300	0.666158145182
138400	0.666162215899
138500	0.66618513655
138600	0.666164707025
138700	0.666151944235
138800	0.666168045542
138900	0.666166593238
139000	0.66616996934
139100	0.666173813801
139200	0.666168262126
139300	0.666165350371
139400	0.666174687131
139500	0.666158153295
139600	0.666158750003
139700	0.666157146016
139800	0.666154516197
139900	0.666174161339
140000	0.666163224972
140100	0.666163057485
140200	0.666186094607
140300	0.666156138468
140400	0.666171944457
140500	0.666173645847
140600	0.666158452174
140700	0.666153630438
140800	0.666185589618
140900	0.666195160307
141000	0.666187770652
141100	0.666157490773
141200	0.666164327631
141300	0.666146603927
141400	0.666135739236
141500	0.666136280207
141600	0.666157858779
141700	0.66614385099
141800	0.666133370305
141900	0.666127193266
142000	0.666157205713
142100	0.66614740961
142200	0.66613291229
142300	0.666122305762
142400	0.666097541711
142500	0.666090396027
142600	0.666081447646
142700	0.666073052833
142800	0.666040894791
142900	0.666033780061
143000	0.666030841178
143100	0.666060538893
143200	0.666083816395
143300	0.666086693228
143400	0.666078648233
143500	0.66608192393
143600	0.666061628197
143700	0.666057858737
143800	0.666060396792
143900	0.666050309593
144000	0.666042763428
144100	0.666047547849
144200	0.666055820635
144300	0.666069422742
144400	0.666065507517
144500	0.666062808148
144600	0.666048399963
144700	0.666044684104
144800	0.666042433101
144900	0.666043477408
145000	0.666027743058
145100	0.666020356461
145200	0.666016809943
145300	0.66603972472
145400	0.666053487646
145500	0.666063900154
145600	0.666055656096
145700	0.666048434563
145800	0.66606945869
145900	0.666057005034
146000	0.66605749355
146100	0.666063028622
146200	0.666076920109
146300	0.666087945394
146400	0.666081003531
146500	0.666092502882
146600	0.666083261303
146700	0.666084597204
146800	0.666082297582
146900	0.666086969375
147000	0.666061954802
147100	0.666086360856
147200	0.666063890911
147300	0.666065424471
147400	0.666050251133
147500	0.666041572016
147600	0.6660513763
147700	0.666057265924
147800	0.666043528967
147900	0.666048850346
148000	0.666029417745
148100	0.66604618415
148200	0.666022293944
148300	0.666025349753
148400	0.666001306049
148500	0.665993193454
148600	0.665979440168
148700	0.665981641477
148800	0.665997429517
148900	0.666003051904
149000	0.665999519897
149100	0.665997118961
149200	0.665966760037
149300	0.665948843603
149400	0.665959677465
149500	0.665951924416
149600	0.665959281495
149700	0.665931547281
149800	0.665927707365
149900	0.665940313934
150000	0.665921641778
150100	0.665901825148
150200	0.665899788003
150300	0.665900478029
150400	0.665914659251
150500	0.665944894986
150600	0.665936980225
150700	0.665953623665
150800	0.665936230995
150900	0.665919335227
151000	0.665907101293
151100	0.665896467998
151200	0.66588619995
151300	0.665885428007
151400	0.665878091477
151500	0.665875808696
151600	0.665878895887
151700	0.665909672696
151800	0.665949727345
151900	0.665955981155
152000	0.665956605018
152100	0.665955382513
152200	0.66594608328
152300	0.665941283043
152400	0.665919730748
152500	0.66590363985
152600	0.665891968062
152700	0.665898638314
152800	0.665880873527
152900	0.665858713192
153000	0.665866861534
153100	0.665856382367
153200	0.66584301921
153300	0.66582835999
153400	0.66584353548
153500	0.665854942762
153600	0.665875364231
153700	0.665875314521
153800	0.665854984036
153900	0.665855013964
154000	0.665876427024
154100	0.665855603045
154200	0.66583300195
154300	0.665816105628
154400	0.665809860631
154500	0.665810328389
154600	0.665820731483
154700	0.665836579797
154800	0.665834493375
154900	0.665846875389
155000	0.665843665506
155100	0.665870078077
155200	0.665864127165
155300	0.665850630321
155400	0.665833771489
155500	0.665842745883
155600	0.665835930399
155700	0.665823378165
155800	0.66586230639
155900	0.665879587982
156000	0.665887485052
156100	0.665885976416
156200	0.665853989838
156300	0.665856806497
156400	0.665855597581
156500	0.66585123387
156600	0.665839341568
156700	0.665853953392
156800	0.665885255975
156900	0.665887517146
157000	0.665882565373
157100	0.665876257931
157200	0.665873053608
157300	0.665871045578
157400	0.665903657613
157500	0.665902699198
157600	0.66588219488
157700	0.665896312157
157800	0.665877357604
157900	0.66588792481
158000	0.665913285588
158100	0.665901091282
158200	0.665890670863
158300	0.665896807726
158400	0.665885185352
158500	0.665901202754
158600	0.665916560241
158700	0.66590404518
158800	0.665903790873
158900	0.665882046433
159000	0.66585936811
159100	0.665864078496
159200	0.665870296335
159300	0.665859078588
159400	0.665859312461
159500	0.665842069286
159600	0.665835970544
159700	0.665847215878
159800	0.665840372572
159900	0.665839392825
160000	0.665837586564
160100	0.665824937597
160200	0.665828772759
160300	0.665818973597
160400	0.665823293543
160500	0.665820675665
160600	0.665818511802
160700	0.665811626335
160800	0.665829165137
160900	0.665805818197
161000	0.665812041635
161100	0.665819359549
161200	0.665838767435
161300	0.665832851799
161400	0.66582849869
161500	0.665831309574
161600	0.665845718915
161700	0.665847678468
161800	0.665852596432
161900	0.66587670279
162000	0.665877979129
162100	0.66586153357
162200	0.665853416191
162300	0.665851903184
162400	0.665843475943
162500	0.665843650509
162600	0.665837382834
162700	0.665853468078
162800	0.665832210566
162900	0.665833936048
163000	0.665850823947
163100	0.665862804183
163200	0.665848877179
163300	0.665842437139
163400	0.665847132094
163500	0.665832065065
163600	0.665844991498
163700	0.665819483836
163800	0.665840267847
163900	0.665815704723
164000	0.665803320536
164100	0.66577870416
164200	0.6657889141
164300	0.665777505039
164400	0.665799720959
164500	0.66580904711
164600	0.665850114747
164700	0.66585821091
164800	0.665840953144
164900	0.665852763368
165000	0.665830857843
165100	0.665840612088
165200	0.665859430525
165300	0.665872671837
165400	0.665873234076
165500	0.665877487302
165600	0.665872781348
165700	0.665886227374
165800	0.665887576328
165900	0.665886993752
166000	0.665892793287
166100	0.665928070875
166200	0.665920849081
166300	0.665932054585
166400	0.665918171066
166500	0.665913243809
166600	0.665917136922
166700	0.665930531843
166800	0.665941624049
166900	0.665912666297
167000	0.665914606504
167100	0.665936074632
167200	0.665931792193
167300	0.665952527659
167400	0.665961379152
167500	0.665947422042
167600	0.66595351036
167700	0.665959793606
167800	0.665950200488
167900	0.665965854715
168000	0.66599186894
168100	0.665985071287
168200	0.666001679664
168300	0.665990958783
168400	0.665975880455
168500	0.665964622382
168600	0.665974515831
168700	0.665971482005
168800	0.665980706329
168900	0.665987791037
169000	0.666002574159
169100	0.665985636252
169200	0.665975271373
169300	0.665981461907
169400	0.665969110534
169500	0.665966568363
169600	0.66597863126
169700	0.665995828419
169800	0.665982582852
169900	0.665980207348
170000	0.666016169065
170100	0.665997741498
170200	0.66601957345
170300	0.666017555665
170400	0.666015984863
170500	0.666016165299
170600	0.666014348493
170700	0.666017962448
170800	0.666025504892
170900	0.666010590823
171000	0.665986477734
171100	0.665979333789
171200	0.665992012636
171300	0.66598310201
171400	0.665985081479
171500	0.665966478143
171600	0.665957983023
171700	0.665959941995
171800	0.665951269397
171900	0.66593394498
172000	0.665906977108
172100	0.665928980066
172200	0.665919135431
172300	0.665911054475
172400	0.665920096124
172500	0.665915915182
172600	0.665884378827
172700	0.665874785647
172800	0.665898892224
172900	0.665910110626
173000	0.665912329366
173100	0.665917758993
173200	0.665921813699
173300	0.665913050464
173400	0.665910450786
173500	0.665933312252
173600	0.665935036548
173700	0.665949271671
173800	0.665957290946
173900	0.665950830052
174000	0.665955679177
174100	0.665975080459
174200	0.665955590856
174300	0.665954768144
174400	0.665945727669
174500	0.66594167333
174600	0.665927424692
174700	0.665965549163
174800	0.665987865589
174900	0.66598626622
175000	0.666007440353
175100	0.666008862853
175200	0.666012456376
175300	0.666012570161
175400	0.6660051053
175500	0.665994238967
175600	0.665952218528
175700	0.665932037018
175800	0.665923744153
175900	0.665924385015
176000	0.665913828149
176100	0.665935427434
176200	0.665923743911
176300	0.665921065155
176400	0.665911385343
176500	0.665915241365
176600	0.665938817532
176700	0.665929935656
176800	0.665937455788
176900	0.665963054218
177000	0.665965521637
177100	0.66597764246
177200	0.665989892826
177300	0.665986762909
177400	0.665999632209
177500	0.665984754821
177600	0.665977639374
177700	0.665996492979
177800	0.6660025959
177900	0.66600060362
178000	0.666012754346
178100	0.666026494995
178200	0.66602822452
178300	0.666053633874
178400	0.66607062843
178500	0.666051706675
178600	0.666029151609
178700	0.666043139064
178800	0.666053125567
178900	0.666059497695
179000	0.666048192515
179100	0.666040358412
179200	0.666052252402
179300	0.666048749664
179400	0.666047706804
179500	0.666031020796
179600	0.666000727015
179700	0.665998320676
179800	0.666001047165
179900	0.665997230854
180000	0.665998440997
180100	0.665988734538
180200	0.665991547808
180300	0.665990737469
180400	0.665985335201
180500	0.665980659118
180600	0.665984749038
180700	0.665975640023
180800	0.665966525929
180900	0.665956544034
181000	0.665980701461
181100	0.665939481855
181200	0.665943549424
181300	0.665944464504
181400	0.665945291302
181500	0.665936839459
181600	0.665947249168
181700	0.665959157957
181800	0.66595194384
181900	0.665947420961
182000	0.665946430837
182100	0.665956249082
182200	0.665979309684
182300	0.665991802937
182400	0.665986929046
182500	0.665997695052
182600	0.665982967995
182700	0.665983748948
182800	0.666002080069
182900	0.66597782393
183000	0.665998120638
183100	0.666015883517
183200	0.666024447101
183300	0.66602757714
183400	0.666016787758
183500	0.666006516682
183600	0.666011787812
183700	0.666014468223
183800	0.66599515334
183900	0.66597667079
184000	0.665954554211
184100	0.665956435815
184200	0.665979346776
184300	0.665978433516
184400	0.665980673927
184500	0.665987031875
184600	0.665982926853
184700	0.66597462498
184800	0.665968114936
184900	0.665990524043
185000	0.665980719487
185100	0.665979594571
185200	0.665978196872
185300	0.665983475182
185400	0.665972193997
185500	0.665975334267
185600	0.66598140554
185700	0.665971687658
185800	0.665986207088
185900	0.665969077551
186000	0.665986300187
186100	0.665998106453
186200	0.665991474749
186300	0.665997040953
186400	0.666000229303
186500	0.666011463176
186600	0.666019731894
186700	0.66600127555
186800	0.666011384648
186900	0.666032203649
187000	0.666036256088
187100	0.666047128605
187200	0.666050080362
187300	0.666041971172
187400	0.666029619263
187500	0.666023756872
187600	0.666039990135
187700	0.666047778298
187800	0.666051760518
187900	0.666041593167
188000	0.666045200342
188100	0.6660174911
188200	0.665987900179
188300	0.665967481954
188400	0.66596837945
188500	0.665962821484
188600	0.665980024258
188700	0.665970527429
188800	0.665977068893
188900	0.665994244012
189000	0.665995339454
189100	0.666002696646
189200	0.666000869514
189300	0.666002657868
189400	0.665977913625
189500	0.665999433845
189600	0.665988252379
189700	0.665979551327
189800	0.665967255404
189900	0.665952737373
190000	0.665959292219
190100	0.665952801345
190200	0.665949401355
190300	0.665946765019
190400	0.665916411466
190500	0.665942073571
190600	0.665931375685
190700	0.66592582629
190800	0.665920465138
190900	0.665914736088
191000	0.665911713065
191100	0.665912677623
191200	0.66590425736
191300	0.665899557018
191400	0.665889743796
191500	0.665898016509
191600	0.665897591651
191700	0.665894009044
191800	0.665901572385
191900	0.665912066807
192000	0.665897774992
192100	0.665884342562
192200	0.66588917836
192300	0.665894730606
192400	0.665907451971
192500	0.665891307074
192600	0.665892497516
192700	0.665902626486
192800	0.665903300941
192900	0.66590967931
193000	0.665889951859
193100	0.665890761208
193200	0.665892647426
193300	0.665887540624
193400	0.665873220943
193500	0.665865095067
193600	0.665853891442
193700	0.665848535469
193800	0.665841157505
193900	0.665834391082
194000	0.665862268808
194100	0.665865996896
194200	0.665862263596
194300	0.665861055742
194400	0.665852916127
194500	0.665838089467
194600	0.665839371702
194700	0.665863256317
194800	0.665885167852
194900	0.665895449173
195000	0.665880464693
195100	0.665867374091
195200	0.665855777212
195300	0.665846090287
195400	0.6658290998
195500	0.665851446775
195600	0.665857439086
195700	0.665873858958
195800	0.665880328173
195900	0.665904391748
196000	0.665911971984
196100	0.665919902446
196200	0.665940641956
196300	0.665944795882
196400	0.665965035935
196500	0.665957284254
196600	0.665944791775
196700	0.665951352039
196800	0.66595071557
196900	0.665939078679
197000	0.665922964441
197100	0.665917584315
197200	0.665938181661
197300	0.665938269703
197400	0.665912095611
197500	0.665936072506
197600	0.665937279443
197700	0.665926535463
197800	0.665895815386
197900	0.665890221368
198000	0.665885220632
198100	0.665865636623
198200	0.665880341601
198300	0.665879514032
198400	0.665888799289
198500	0.66589445303
198600	0.665893404909
198700	0.665888680516
198800	0.665901914566
198900	0.665911370474
199000	0.665922362558
199100	0.665936234844
199200	0.665945481636
199300	0.665934937972
199400	0.665926471136
199500	0.665929066763
199600	0.665911640687
199700	0.665888919635
199800	0.665881851803
199900	0.665895680743
200000	0.665895311445
200100	0.665895832275
200200	0.66588911284
200300	0.665875961623
200400	0.665873501943
200500	0.665885535847
200600	0.665903904505
200700	0.665887160043
200800	0.665890545384
200900	0.665878743488
201000	0.665883781559
201100	0.665895949179
201200	0.665880555904
201300	0.665888989979
201400	0.665905591834
201500	0.665895535363
201600	0.665917810432
201700	0.665912894585
201800	0.665912929646
201900	0.665912971863
202000	0.665909330356
202100	0.665910022825
202200	0.665915940285
202300	0.665904816379
202400	0.665906071695
202500	0.665880841551
202600	0.665904207374
202700	0.665893377013
202800	0.665897402539
202900	0.665914134851
203000	0.66591543898
203100	0.665902018928
203200	0.665913481498
203300	0.665899690831
203400	0.665903675385
203500	0.66588722633
203600	0.665901165409
203700	0.665919136019
203800	0.665931453602
203900	0.665927799236
204000	0.66591688794
204100	0.665912772192
204200	0.66588153566
204300	0.665896176852
204400	0.665893393914
204500	0.665904643043
204600	0.665895372154
204700	0.665889866306
204800	0.665922638069
204900	0.665921543985
205000	0.665924452878
205100	0.665946106342
205200	0.665946664638
205300	0.665943465819
205400	0.665940415251
205500	0.665948979903
205600	0.665957162752
205700	0.665958803959
205800	0.665980317774
205900	0.665967316453
206000	0.665998553128
206100	0.666000997609
206200	0.665995329537
206300	0.66598397927
206400	0.665973267185
206500	0.665998885692
206600	0.666006508065
206700	0.665991931633
206800	0.66598990593
206900	0.665999485843
207000	0.666004709104
207100	0.666008411219
207200	0.666040738228
207300	0.666052061551
207400	0.666042193742
207500	0.666030173129
207600	0.666050694906
207700	0.666040077922
207800	0.666044132642
207900	0.666032185661
208000	0.666033441455
208100	0.666036226234
208200	0.66604986542
208300	0.666047727458
208400	0.666029564085
208500	0.666031838968
208600	0.666031841753
208700	0.666035782726
208800	0.666038158297
208900	0.666030668404
209000	0.666040101324
209100	0.66601731772
209200	0.666019440667
209300	0.666028928486
209400	0.666012388732
209500	0.666015558418
209600	0.666027224507
209700	0.666036213277
209800	0.666022747647
209900	0.666036415898
210000	0.666024239733
210100	0.666023938646
210200	0.666025754245
210300	0.666026962585
210400	0.666033178322
210500	0.666029589492
210600	0.666034943475
210700	0.666029991532
210800	0.666012932276
210900	0.666006383093
211000	0.666002415302
211100	0.665999778898
211200	0.666020304132
211300	0.66602280067
211400	0.666024724862
211500	0.666038217477
211600	0.666039182129
211700	0.66602269992
211800	0.666024152271
211900	0.666016839907
212000	0.666008053863
212100	0.666014281045
212200	0.666008446044
212300	0.666007813309
212400	0.666011887431
212500	0.665995882505
212600	0.665994288247
212700	0.666013312934
212800	0.666038290622
212900	0.666025461264
213000	0.665995217143
213100	0.665989280428
213200	0.665986277452
213300	0.665983487664
213400	0.665995791363
213500	0.66598487446
213600	0.665984001444
213700	0.665979517743
213800	0.665973515066
213900	0.665961701507
214000	0.665971252213
214100	0.665966669321
214200	0.665969628836
214300	0.665974679056
214400	0.665962317601
214500	0.665956756839
214600	0.665973997057
214700	0.665981115911
214800	0.665976580454
214900	0.665973413614
215000	0.665986796329
215100	0.665998838278
215200	0.665990110759
215300	0.666011454026
215400	0.666016773696
215500	0.666014430575
215600	0.666035156
215700	0.666037582787
215800	0.666038643659
215900	0.66602224787
216000	0.666021004465
216100	0.666019689392
216200	0.666020473516
216300	0.666020065256
216400	0.666012121225
216500	0.66602050713
216600	0.666027273186
216700	0.666034609393
216800	0.666050158764
216900	0.666050763848
217000	0.666044985466
217100	0.66606272818
217200	0.666062419588
217300	0.666053244697
217400	0.666042601473
217500	0.666037010774
217600	0.666030886311
217700	0.66603772812
217800	0.666049325202
217900	0.666059002085
218000	0.666046103681
218100	0.666031539927
218200	0.666020521937
218300	0.666019104506
218400	0.666026153587
218500	0.666016892547
218600	0.666028766242
218700	0.666023234224
218800	0.666032358821
218900	0.666018317396
219000	0.666014414459
219100	0.666005089388
219200	0.666003171128
219300	0.666005396038
219400	0.665990803516
219500	0.665980359958
219600	0.665976230783
219700	0.665996828565
219800	0.665992476831
219900	0.665981518657
220000	0.665981506491
220100	0.665991083202
220200	0.665998325453
220300	0.665991644389
220400	0.666006770552
220500	0.665997971099
220600	0.665995687143
220700	0.665991596752
220800	0.665994066246
220900	0.665985634176
221000	0.665983412843
221100	0.665986684366
221200	0.665980689234
221300	0.665969680047
221400	0.665967903737
221500	0.66595303609
221600	0.665944123927
221700	0.665944922282
221800	0.665933353344
221900	0.665939856426
222000	0.665946517317
222100	0.665938093441
222200	0.665935095561
222300	0.66594165706
222400	0.665948030865
222500	0.665951251944
222600	0.665946747824
222700	0.66594839693
222800	0.665963022113
222900	0.665972578483
223000	0.665976671066
223100	0.665968992859
223200	0.665980603405
223300	0.665981508761
223400	0.665990673547
223500	0.665986002261
223600	0.665982539853
223700	0.665986974141
223800	0.665989377452
223900	0.666003375615
224000	0.665996585982
224100	0.666000884653
224200	0.66599578956
224300	0.665992122574
224400	0.665987387775
224500	0.665998283008
224600	0.666018714793
224700	0.666032088005
224800	0.666029503622
224900	0.666020219462
225000	0.66602471324
225100	0.66601151552
225200	0.666001726891
225300	0.666007140511
225400	0.665991835008
225500	0.666004325171
225600	0.666006262623
225700	0.665996983858
225800	0.665991787999
225900	0.665998568053
226000	0.665978907845
226100	0.665978950609
226200	0.665979935273
226300	0.665985992621
226400	0.666013451167
226500	0.666015604438
226600	0.666001484344
226700	0.665999392216
226800	0.665996433521
226900	0.666010523297
227000	0.666012021302
227100	0.666001257336
227200	0.666004419937
227300	0.665996379695
227400	0.666000991709
227500	0.665996420621
227600	0.666008866807
227700	0.666009193416
227800	0.666013541859
227900	0.666017816356
228000	0.666011093966
228100	0.666009721535
228200	0.665993379455
228300	0.666008097383
228400	0.666022784295
228500	0.666008629502
228600	0.666000936378
228700	0.666004286157
228800	0.665994890291
228900	0.665984894064
229000	0.665988459516
229100	0.66600285594
229200	0.665999575188
229300	0.666006065903
229400	0.666010208787
229500	0.666032293545
229600	0.666056462234
229700	0.666042500165
229800	0.666060990814
229900	0.666042395857
230000	0.666055956739
230100	0.666053619213
230200	0.666077141561
230300	0.666066490345
230400	0.666061649393
230500	0.666062750437
230600	0.666056338227
230700	0.666067593401
230800	0.666066501879
230900	0.666074651815
231000	0.666072232918
231100	0.666084799702
231200	0.666086406447
231300	0.666066712179
231400	0.666067902432
231500	0.666058156419
231600	0.666062663325
231700	0.666062228833
231800	0.666069842204
231900	0.666055974818
232000	0.666061061694
232100	0.666069561789
232200	0.666058774943
232300	0.666074447789
232400	0.666086564485
232500	0.666096896709
232600	0.666088753583
232700	0.666090404383
232800	0.666087426538
232900	0.666079053903
233000	0.666061751016
233100	0.666046955977
233200	0.666055729176
233300	0.666057781213
233400	0.666044907946
233500	0.666044172231
233600	0.666053827899
233700	0.66603894266
233800	0.666034283272
233900	0.666040921045
234000	0.666028558574
234100	0.666044916734
234200	0.666045571591
234300	0.666036910137
234400	0.666030611352
234500	0.666027441575
234600	0.666030773266
234700	0.666020677139
234800	0.666038115439
234900	0.666037402002
235000	0.666040291054
235100	0.66602447754
235200	0.666018771646
235300	0.666022057606
235400	0.666033754599
235500	0.666034121905
235600	0.666025830735
235700	0.666021180457
235800	0.666003320556
235900	0.665997408787
236000	0.665995347998
236100	0.666000577917
236200	0.665995680977
236300	0.666008693953
236400	0.666007439848
236500	0.666001084729
236600	0.665987673741
236700	0.665987384009
236800	0.665986816604
236900	0.665959125379
237000	0.665971129547
237100	0.665987990611
237200	0.665993763203
237300	0.666017012888
237400	0.666030005579
237500	0.666024284371
237600	0.66601600541
237700	0.666005789775
237800	0.666014396172
237900	0.666013858549
238000	0.666024470178
238100	0.666021816333
238200	0.666039157515
238300	0.666014381052
238400	0.666017766728
238500	0.666021671251
238600	0.666019605405
238700	0.666023296008
238800	0.666028972064
238900	0.666035358845
239000	0.666042145369
239100	0.666038355266
239200	0.666014624912
239300	0.666019374535
239400	0.666027330139
239500	0.666034533882
239600	0.666035601902
239700	0.666025763257
239800	0.666026272803
239900	0.666035398295
240000	0.66604150958
240100	0.666049000684
240200	0.666056812571
240300	0.666070766186
240400	0.666084424403
240500	0.666073328944
240600	0.666072074665
240700	0.666078956612
240800	0.666065069305
240900	0.666070220329
241000	0.666050312378
241100	0.666047029952
241200	0.666054287602
241300	0.666061017855
241400	0.666072364159
241500	0.666075945715
241600	0.66607390787
241700	0.66607459966
241800	0.666073274398
241900	0.666060292957
242000	0.666061176557
242100	0.666079576859
242200	0.666076978781
242300	0.666088900989
242400	0.666080154492
242500	0.666093379573
242600	0.666091150587
242700	0.666088212043
242800	0.666086387305
242900	0.666090710567
243000	0.66608254248
243100	0.666080406802
243200	0.666102994206
243300	0.66608898517
243400	0.666080792479
243500	0.666070631013
243600	0.666066802228
243700	0.666068405972
243800	0.666069417414
243900	0.666070327632
244000	0.666086556906
244100	0.666096514096
244200	0.666093297789
244300	0.666091934814
244400	0.66608220799
244500	0.666076899411
244600	0.666082606072
244700	0.666077318227
244800	0.666080361379
244900	0.666086334112
245000	0.666096163216
245100	0.666088293617
245200	0.666104203171
245300	0.666099516598
245400	0.666114528394
245500	0.666111986891
245600	0.666110676145
245700	0.666109567585
245800	0.666102886533
245900	0.666095337163
246000	0.666101546766
246100	0.666074467332
246200	0.666093905964
246300	0.666089193747
246400	0.66608880382
246500	0.666078187833
246600	0.666081134136
246700	0.666081519174
246800	0.666084916203
246900	0.666087294369
247000	0.666091812765
247100	0.666100154933
247200	0.666111301729
247300	0.666123826889
247400	0.666111219722
247500	0.666125014567
247600	0.666124803175
247700	0.666120453241
247800	0.666119724201
247900	0.666118494663
248000	0.666112431302
248100	0.666107444156
248200	0.66610556458
248300	0.666103281031
248400	0.666111150628
248500	0.666110528131
248600	0.666109514538
248700	0.66610920642
248800	0.666113489497
248900	0.666098143124
249000	0.666095147316
249100	0.666084986152
249200	0.666078759316
249300	0.666087166571
249400	0.666087730719
249500	0.666081038006
249600	0.666070800383
249700	0.666069876717
249800	0.666088467035
249900	0.666100797609
250000	0.666084790799
250100	0.666093320025
250200	0.666087876589
250300	0.666090608478
250400	0.66607781862
250500	0.666077263386
250600	0.666064012594
250700	0.666058853756
250800	0.666079486601
250900	0.66609256835
251000	0.666091054865
251100	0.666087585747
251200	0.666094208607
251300	0.666093367344
251400	0.666089810242
251500	0.666081450526
251600	0.666066367502
251700	0.666076111452
251800	0.666064785701
251900	0.666060626806
252000	0.666055795121
252100	0.66605901612
252200	0.666045179975
252300	0.666050778632
252400	0.666043350543
252500	0.666029592048
252600	0.66604315362
252700	0.66604135836
252800	0.666056499418
252900	0.666056079916
253000	0.666049248359
253100	0.666046344194
253200	0.666042965036
253300	0.66604498926
253400	0.666036173422
253500	0.666035919935
253600	0.666037195835
253700	0.666040354285
253800	0.666044199604
253900	0.666035796047
254000	0.666017257983
254100	0.666020457761
254200	0.66600812147
254300	0.666007573512
254400	0.666001543471
254500	0.665995687886
254600	0.666000767861
254700	0.665993787978
254800	0.666008818755
254900	0.666005687953
255000	0.666006021046
255100	0.666004711244
255200	0.666008626826
255300	0.665999696439
255400	0.666006246197
255500	0.665998243708
255600	0.665989852628
255700	0.665996014941
255800	0.665990561763
255900	0.665990205378
256000	0.665995546441
256100	0.665997076616
256200	0.665995240394
256300	0.665986433435
256400	0.665989305486
256500	0.66598405924
256600	0.665989561584
256700	0.66599603475
256800	0.666010510403
256900	0.666015981517
257000	0.666010933711
257100	0.666010588744
257200	0.666006208615
257300	0.666002474907
257400	0.666021891266
257500	0.666019133837
257600	0.666014193522
257700	0.666012802939
257800	0.666010959876
257900	0.666006553538
258000	0.666021034046
258100	0.666024201081
258200	0.666004884442
258300	0.666019078263
258400	0.666017711998
258500	0.666021253343
258600	0.666018021382
258700	0.666022428011
258800	0.666019173216
258900	0.666031290223
259000	0.666042145565
259100	0.666061489134
259200	0.66607471034
259300	0.666075989348
259400	0.666056447642
259500	0.666053797902
259600	0.666064148351
259700	0.666067071794
259800	0.666085934507
259900	0.666074562501
260000	0.666080983844
260100	0.666091853699
260200	0.666090182888
260300	0.666096668595
260400	0.666105794419
260500	0.666107181663
260600	0.66611723404
260700	0.6661176513
260800	0.666129886642
260900	0.666136260649
261000	0.666129098222
261100	0.666129080946
261200	0.666136273145
261300	0.666121920321
261400	0.666132462751
261500	0.666131894679
261600	0.666137210666
261700	0.666126845692
261800	0.666132177776
261900	0.666133551584
262000	0.66613178635
262100	0.666123695561
262200	0.666128362961
262300	0.666128590676
262400	0.666126238056
262500	0.666130758287
262600	0.666137255769
262700	0.666148975006
262800	0.666159980472
262900	0.666166863164
263000	0.666186638381
263100	0.666185094641
263200	0.66619665336
263300	0.666215769767
263400	0.666213408688
263500	0.666201320354
263600	0.66620448846
263700	0.666208123102
263800	0.666196221178
263900	0.666204023335
264000	0.666207245822
264100	0.666194414064
264200	0.666197008686
264300	0.666202234292
264400	0.666194592693
264500	0.666181299049
264600	0.666179398092
264700	0.666191379348
264800	0.666190859659
264900	0.666187554175
265000	0.666200964589
265100	0.666196631915
265200	0.666183948236
265300	0.666189798393
265400	0.666175259381
265500	0.666170290254
265600	0.66616112424
265700	0.666146238718
265800	0.666156537721
265900	0.666157515655
266000	0.666167570273
266100	0.666158179684
266200	0.666141059917
266300	0.666146255015
266400	0.666150116611
266500	0.666149283147
266600	0.666144413568
266700	0.666146314475
266800	0.666138304646
266900	0.666135844426
267000	0.666153605897
267100	0.666149454751
267200	0.666132695474
267300	0.666121326886
267400	0.666121002782
267500	0.666124258027
267600	0.666134828035
267700	0.666130389875
267800	0.66613167819
267900	0.666138521922
268000	0.666129125714
268100	0.666137318061
268200	0.666135183051
268300	0.666132030844
268400	0.66613838214
268500	0.666132744878
268600	0.666136243127
268700	0.66613304543
268800	0.666132313626
268900	0.666134352354
269000	0.666136681771
269100	0.666143916996
269200	0.666136973038
269300	0.666149238061
269400	0.666151849605
269500	0.666150633761
269600	0.666142294552
269700	0.666137731668
269800	0.666155946824
269900	0.666147055325
270000	0.666148967214
270100	0.666148225169
270200	0.666141918985
270300	0.666138193453
270400	0.666144211069
270500	0.666140680789
270600	0.666142302726
270700	0.666136572264
270800	0.666132032073
270900	0.666116299713
271000	0.66611645668
271100	0.666119742586
271200	0.666120132715
271300	0.666121271702
271400	0.666129204435
271500	0.666124515615
271600	0.666117224077
271700	0.666106710324
271800	0.666103826893
271900	0.66611769531
272000	0.666127287069
272100	0.666122296023
272200	0.666127840516
272300	0.66611235347
272400	0.666100002164
272500	0.666085003837
272600	0.666084518984
272700	0.666084935907
272800	0.666074060986
272900	0.666083967789
273000	0.666087213876
273100	0.666092553848
273200	0.666097379082
273300	0.66610857479
273400	0.666107021462
273500	0.666110274076
273600	0.666125619844
273700	0.666124183889
273800	0.666128789441
273900	0.666117567046
274000	0.666120973686
274100	0.666124232527
274200	0.66612275519
274300	0.666107558954
274400	0.666120113164
274500	0.666110720444
274600	0.666096994951
274700	0.666093344495
274800	0.666103164698
274900	0.66609495445
275000	0.666088250364
275100	0.666081503243
275200	0.666082379074
275300	0.666075048417
275400	0.666072030646
275500	0.666073090991
275600	0.666072985859
275700	0.666067647136
275800	0.666061828738
275900	0.666076300149
276000	0.666080311796
276100	0.666087393847
276200	0.666078499842
276300	0.666094578057
276400	0.666108115271
276500	0.666104330237
276600	0.666106557623
276700	0.666115928144
276800	0.666121532706
276900	0.66612367862
277000	0.666131177104
277100	0.666128571554
277200	0.666124394007
277300	0.666140162034
277400	0.666140202774
277500	0.666138124742
277600	0.666148253093
277700	0.666156644146
277800	0.666155415491
277900	0.666143191838
278000	0.666153521532
278100	0.666153905203
278200	0.666153389234
278300	0.666144228075
278400	0.666149015924
278500	0.666146631279
278600	0.666144227781
278700	0.66613926627
278800	0.666139890269
278900	0.66613673549
279000	0.666126982083
279100	0.666113728479
279200	0.666124307315
279300	0.666124843161
279400	0.666137898426
279500	0.666145237973
279600	0.666134521443
279700	0.666150246864
279800	0.666153384376
279900	0.666142799058
280000	0.666145016089
280100	0.666134254593
280200	0.666146847292
280300	0.66615001772
280400	0.666145764115
280500	0.666147673282
280600	0.666138300054
280700	0.666148259869
280800	0.666156717121
280900	0.666158990281
281000	0.666166351369
281100	0.666152242284
281200	0.666160669813
281300	0.666164390785
281400	0.666168869192
281500	0.666162619818
281600	0.666181384682
281700	0.666189280781
281800	0.666177994361
281900	0.666182338523
282000	0.666172651301
282100	0.666163591668
282200	0.666163683806
282300	0.666169047583
282400	0.666164540086
282500	0.666164054022
282600	0.666167707417
282700	0.666176798005
282800	0.666169969129
282900	0.666171054997
283000	0.666162643989
283100	0.666171363584
283200	0.666173471798
283300	0.666182069285
283400	0.666204023396
283500	0.666205440828
283600	0.666214369209
283700	0.666202162553
283800	0.666209100913
283900	0.666212080186
284000	0.666209748874
284100	0.666197718788
284200	0.666197158735
284300	0.666193444122
284400	0.666187100295
284500	0.666184110018
284600	0.666196262109
284700	0.666189853769
284800	0.666206212407
284900	0.666183929189
285000	0.666181309754
285100	0.666176528131
285200	0.666170386486
285300	0.666184463196
285400	0.666181086394
285500	0.666188431482
285600	0.666201171482
285700	0.666211274435
285800	0.666210701947
285900	0.66620569244
286000	0.66620901518
286100	0.666210882285
286200	0.666199173901
286300	0.666178548882
286400	0.666181780272
286500	0.666190094062
286600	0.666191688381
286700	0.666191675096
286800	0.666204830107
286900	0.666196338085
287000	0.666203033389
287100	0.666196791501
287200	0.666208583966
287300	0.666199869109
287400	0.666202707961
287500	0.666216800239
287600	0.666227023693
287700	0.666222175886
287800	0.666223409939
287900	0.666226921779
288000	0.666226776879
288100	0.666238642893
288200	0.666253289228
288300	0.666260499705
288400	0.666261445466
288500	0.666260570767
288600	0.666249143808
288700	0.666251137287
288800	0.666246241395
288900	0.666241506624
289000	0.666248122392
289100	0.666244162644
289200	0.666234761714
289300	0.666222800724
289400	0.666241417739
289500	0.666250378959
289600	0.666237679747
289700	0.666241790702
289800	0.666243881049
289900	0.666245174033
290000	0.666255144471
290100	0.666268509075
290200	0.666264789884
290300	0.666265117136
290400	0.66625181429
290500	0.666254126556
290600	0.666259165919
290700	0.666259999245
290800	0.666260698328
290900	0.666260693336
291000	0.666258581566
291100	0.666266943493
291200	0.666261946268
291300	0.666262920608
291400	0.666263888917
291500	0.666274374839
291600	0.666272083188
291700	0.666276382011
291800	0.666274190359
291900	0.666270486698
292000	0.666280698508
292100	0.666296564752
292200	0.666290161245
292300	0.666293519402
292400	0.666294418761
292500	0.666293587337
292600	0.666291425898
292700	0.666289104059
292800	0.666304306051
292900	0.666304998658
293000	0.666318023654
293100	0.666297724527
293200	0.666283328554
293300	0.666289587181
293400	0.666290509452
293500	0.666283887119
293600	0.666279634486
293700	0.666278300241
293800	0.666269732311
293900	0.666272637067
294000	0.666273055166
294100	0.666259470432
294200	0.666258668423
294300	0.666258976237
294400	0.666260401386
294500	0.666242670188
294600	0.666232809844
294700	0.666218335538
294800	0.66622805323
294900	0.666233812553
295000	0.666231527203
295100	0.666227648655
295200	0.666212140013
295300	0.666216032971
295400	0.66622092367
295500	0.666223073938
295600	0.666230985553
295700	0.666226518939
295800	0.666235043406
295900	0.666246831157
296000	0.666241437083
296100	0.666251972163
296200	0.666265106608
296300	0.666274228613
296400	0.666262971073
296500	0.6662469029
296600	0.666245821814
296700	0.666264161711
296800	0.666273069542
296900	0.66627278801
297000	0.666269986885
297100	0.666246442443
297200	0.666245815767
297300	0.666256726087
297400	0.666249610211
297500	0.666251667212
297600	0.666252730539
297700	0.6662538211
297800	0.666258212239
297900	0.666248435122
298000	0.666233336854
298100	0.666245437256
298200	0.666229328258
298300	0.666227653314
298400	0.666225786259
298500	0.666218875923
298600	0.666206369241
298700	0.666216430518
298800	0.666206403929
298900	0.666202928054
299000	0.666190475011
299100	0.666190270723
299200	0.666190575632
299300	0.666193446892
299400	0.666193074053
299500	0.666193074921
299600	0.666174155026
299700	0.666173036043
299800	0.666176361061
299900	0.66617116884
300000	0.666172122524
300100	0.666184141908
300200	0.666169363385
300300	0.666160809249
300400	0.666157157188
300500	0.666155961386
300600	0.666155809811
300700	0.666162323908
300800	0.666149107039
300900	0.666165014929
301000	0.666177612681
301100	0.666167061602
301200	0.666170737889
301300	0.666176997636
301400	0.666180963047
301500	0.666188943348
301600	0.666182719783
301700	0.666186580244
301800	0.666181941718
301900	0.666179212795
302000	0.666181324732
302100	0.666167105881
302200	0.666159289983
302300	0.666147182395
302400	0.666140708825
302500	0.666129234847
302600	0.666133979915
302700	0.666135007145
302800	0.666131618017
302900	0.666132258842
303000	0.666133264916
303100	0.666143093907
303200	0.666141175714
303300	0.666141117525
303400	0.666144397711
303500	0.666148324072
303600	0.66614819427
303700	0.666147731705
303800	0.666139674753
303900	0.666125864976
304000	0.666137458817
304100	0.666125668843
304200	0.666122490604
304300	0.666120718185
304400	0.666125101841
304500	0.666109121055
304600	0.666087688977
304700	0.666098950387
304800	0.666098621995
304900	0.666095982931
305000	0.666099960374
305100	0.6660911845
305200	0.666097489034
305300	0.666095211505
305400	0.666097020971
305500	0.666095707137
305600	0.666086835262
305700	0.666092815594
305800	0.666084288226
305900	0.666082675555
306000	0.666085026274
306100	0.666101457266
306200	0.666111738397
306300	0.66611395318
306400	0.666118120078
306500	0.666121647027
306600	0.666108160952
306700	0.666109910707
306800	0.666110341243
306900	0.666105835508
307000	0.66609726781
307100	0.666097791819
307200	0.66610665821
307300	0.666099511756
307400	0.666101056207
307500	0.666113068669
307600	0.666109950952
307700	0.666116433882
307800	0.666116133942
307900	0.666119755054
308000	0.666121308209
308100	0.66612007966
308200	0.666125927964
308300	0.666106946292
308400	0.666099151445
308500	0.666099343151
308600	0.666091918777
308700	0.666110690843
308800	0.66612133825
308900	0.66612048959
309000	0.666132343355
309100	0.666130675681
309200	0.666120174619
309300	0.666119614939
309400	0.666115769237
309500	0.66610508983
309600	0.666120343839
309700	0.666109351507
309800	0.666117307348
309900	0.666117674433
310000	0.666128516038
310100	0.666129641436
310200	0.666134517258
310300	0.666134415239
310400	0.666144077467
310500	0.666143713926
310600	0.666141017285
310700	0.66615105869
310800	0.666152520648
310900	0.6661466768
311000	0.666160767662
311100	0.666160186956
311200	0.666157321079
311300	0.666151449769
311400	0.666144553315
311500	0.666156457129
311600	0.666157935532
311700	0.666171151398
311800	0.666171980127
311900	0.666172636782
312000	0.66616408784
312100	0.666176677666
312200	0.666175849583
312300	0.666176921193
312400	0.666172243873
312500	0.666169333657
312600	0.666170687383
312700	0.666175090226
312800	0.666176012196
312900	0.666175331034
313000	0.666176199392
313100	0.66618958354
313200	0.666183309506
313300	0.666186848195
313400	0.666198062219
313500	0.666199951332
313600	0.666198160017
313700	0.666192095207
313800	0.666192766491
313900	0.666182307874
314000	0.666180276845
314100	0.666182009902
314200	0.666182105511
314300	0.666182031084
314400	0.666182179432
314500	0.666181905666
314600	0.666179079048
314700	0.666185748138
314800	0.666176559387
314900	0.666185462856
315000	0.666184825675
315100	0.666182441589
315200	0.666168200256
315300	0.666175632598
315400	0.666170275322
315500	0.666173306458
315600	0.666175320498
315700	0.666169459487
315800	0.666178023349
315900	0.666167441012
316000	0.666155940133
316100	0.666152170474
316200	0.666133451681
316300	0.666137824478
316400	0.666138171098
316500	0.666147861013
316600	0.66615104197
316700	0.666145456228
316800	0.666152414461
316900	0.666140715167
317000	0.666135838997
317100	0.666129050599
317200	0.666125486264
317300	0.66612115334
317400	0.666126197389
317500	0.666127023648
317600	0.66613415889
317700	0.666140906249
317800	0.66612959655
317900	0.666127864091
318000	0.666132732315
318100	0.666131541449
318200	0.666126264609
318300	0.666124666643
318400	0.666118290803
318500	0.666121819171
318600	0.666114396541
318700	0.666120649356
318800	0.666114296098
318900	0.666117663434
319000	0.666121191216
319100	0.666118565271
319200	0.666117178184
319300	0.666118537964
319400	0.666119908251
319500	0.666123400341
319600	0.666122246648
319700	0.666116050307
319800	0.666127046587
319900	0.666118219571
320000	0.666137893669
320100	0.666140169764
320200	0.666141748068
320300	0.666142272833
320400	0.66614736336
320500	0.666149037506
320600	0.666159321101
320700	0.666154491398
320800	0.66613575656
320900	0.666141080708
321000	0.66613397078
321100	0.666139027395
321200	0.666128052323
321300	0.666122575406
321400	0.666116101377
321500	0.666140274685
321600	0.666129411239
321700	0.666133379758
321800	0.666135765586
321900	0.666145009336
322000	0.666140012412
322100	0.666146917554
322200	0.666148971635
322300	0.666152880703
322400	0.666155189235
322500	0.666163585288
322600	0.666162340762
322700	0.666156004314
322800	0.666160286875
322900	0.666165588678
323000	0.666159064476
323100	0.666154255505
323200	0.666153963964
323300	0.666161407988
323400	0.66616850495
323500	0.666160695669
323600	0.666151546279
323700	0.666160015215
323800	0.666156218691
323900	0.666164813305
324000	0.666157465098
324100	0.666166266672
324200	0.666167983452
324300	0.666161306832
324400	0.666159152593
324500	0.666159344315
324600	0.666141707087
324700	0.666142602337
324800	0.666150751507
324900	0.666151109749
325000	0.666146982895
325100	0.666141855341
325200	0.666151651028
325300	0.66615388403
325400	0.666163277648
325500	0.666169164095
325600	0.666164105475
325700	0.666184912276
325800	0.666181639432
325900	0.666185900945
326000	0.66618567813
326100	0.666193867071
326200	0.666186720627
326300	0.666189087687
326400	0.666193613396
326500	0.666204141672
326600	0.66619620325
326700	0.666204575166
326800	0.666195942784
326900	0.666187877572
327000	0.666182974706
327100	0.666180524549
327200	0.666172146504
327300	0.666175859738
327400	0.666151392085
327500	0.666153612472
327600	0.666159366179
327700	0.666154112135
327800	0.66614436774
327900	0.666142903369
328000	0.66614170919
328100	0.666133020621
328200	0.666135245266
328300	0.666144478371
328400	0.666143802541
328500	0.666144690275
328600	0.666147832087
328700	0.666143995921
328800	0.666143428758
328900	0.666133935506
329000	0.666130802056
329100	0.666138651006
329200	0.666150074532
329300	0.666155927143
329400	0.666163211789
329500	0.666161618372
329600	0.666178005779
329700	0.666172098944
329800	0.666165570757
329900	0.66616868959
330000	0.666174357027
330100	0.666180905041
330200	0.666177291165
330300	0.666182699989
330400	0.66618539563
330500	0.666187257547
330600	0.666178020889
330700	0.666180826665
330800	0.666183016258
330900	0.666182165053
331000	0.666189329883
331100	0.666177627241
331200	0.666192472689
331300	0.666203845781
331400	0.666202700391
331500	0.666218207164
331600	0.666236214626
331700	0.666230740048
331800	0.666229465696
331900	0.666219216574
332000	0.666222562921
332100	0.666223548931
332200	0.666218331182
332300	0.666205659859
332400	0.666203513704
332500	0.666210871749
332600	0.666205316167
332700	0.666202928445
332800	0.666203623229
332900	0.66618765815
333000	0.666187918435
333100	0.666192216503
333200	0.666200791407
333300	0.666200702983
333400	0.666197244675
333500	0.666195574959
333600	0.666180082172
333700	0.666169533034
333800	0.666165518276
333900	0.666168865993
334000	0.666174108452
334100	0.66617666288
334200	0.66617463139
334300	0.666178292127
334400	0.666176614101
334500	0.666164438033
334600	0.666160259166
334700	0.666145802672
334800	0.666137269019
334900	0.666135056217
335000	0.666130058322
335100	0.66613542921
335200	0.66611442569
335300	0.666115171005
335400	0.666108532483
335500	0.666119269993
335600	0.666123186587
335700	0.666132759873
335800	0.666136014239
335900	0.666137603875
336000	0.666135022728
336100	0.666133846484
336200	0.666123362743
336300	0.666116831806
336400	0.666105314024
336500	0.666107746091
336600	0.666112761398
336700	0.666115451773
336800	0.666126497886
336900	0.666129249121
337000	0.6661299059
337100	0.666137972457
337200	0.666137363191
337300	0.666138110538
337400	0.66612699817
337500	0.6661231882
337600	0.666124515331
337700	0.666130472365
337800	0.666127127872
337900	0.66612604731
338000	0.666126820387
338100	0.666136619765
338200	0.666138106797
338300	0.66613462897
338400	0.666139526778
338500	0.666147278052
338600	0.666147475393
338700	0.666140080474
338800	0.666138803971
338900	0.666129704819
339000	0.666122515258
339100	0.666125461598
339200	0.666129445972
339300	0.666132076875
339400	0.666129590601
339500	0.666139193041
339600	0.666138863047
339700	0.666139505107
339800	0.66612885055
339900	0.666131776719
340000	0.666132400746
340100	0.666131634771
340200	0.66612075962
340300	0.666117988515
340400	0.666114867039
340500	0.66611215307
340600	0.666105029491
340700	0.666098086762
340800	0.66609363594
340900	0.666096212269
341000	0.666092142892
341100	0.666086876114
341200	0.666084591691
341300	0.666082777515
341400	0.666077621166
341500	0.666089799825
341600	0.666078905479
341700	0.666066043547
341800	0.666076092877
341900	0.666078199967
342000	0.666079208354
342100	0.666079249076
342200	0.666081658175
342300	0.666078212975
342400	0.666064057983
342500	0.666055150612
342600	0.666057477116
342700	0.666058860913
342800	0.666065597685
342900	0.66607323419
343000	0.66607597018
343100	0.666076916818
343200	0.666078606756
343300	0.666089302831
343400	0.666083166523
343500	0.666076909591
343600	0.666087936366
343700	0.666079893126
343800	0.666075970828
343900	0.66606943255
344000	0.666070509555
344100	0.666069331558
344200	0.666080225674
344300	0.666088292521
344400	0.666076576362
344500	0.666073421151
344600	0.666077280332
344700	0.666071224177
344800	0.666073910926
344900	0.666072491748
345000	0.666069486116
345100	0.666068309173
345200	0.666073106276
345300	0.666071728998
345400	0.666062306818
345500	0.666060481536
345600	0.666068068456
345700	0.666077184396
345800	0.666076385607
345900	0.666091436317
346000	0.666084002969
346100	0.666072966535
346200	0.666075537704
346300	0.666073534395
346400	0.666072388735
346500	0.666075470749
346600	0.666075445078
346700	0.666080838338
346800	0.666090394469
346900	0.666089360097
347000	0.66609021629
347100	0.666084395054
347200	0.666086476
347300	0.666090507071
347400	0.666094310335
347500	0.666091009468
347600	0.666090479693
347700	0.666086937233
347800	0.666096729882
347900	0.666092062416
348000	0.666098339446
348100	0.666096061221
348200	0.666099705241
348300	0.666111166389
348400	0.666108229399
348500	0.666120494324
348600	0.666120577744
348700	0.666134941486
348800	0.666128912812
348900	0.666122246113
349000	0.666126982086
349100	0.666126164453
349200	0.666126581448
349300	0.66614111383
349400	0.66614157475
349500	0.666136641964
349600	0.666136656277
349700	0.666141510251
349800	0.666134847564
349900	0.666126410179
